1	2.318400
1	0.705600
1	3.460800
1	0.100800
1	1.108800
1	3.309600
1	4.116000
1	2.721600
1	0.000000
1	3.729600
1	6.064800
1	3.847200
1	6.535200
1	9.693600
1	3.343200
1	3.964800
1	9.475200
1	9.340800
1	4.956000
1	8.500800
1	4.485600
1	2.839200
1	0.806400
1	6.081600
1	0.604800
1	4.166400
1	0.369600
1	1.176000
1	1.142400
1	4.317600
1	0.991200
1	4.905600
1	7.140000
1	0.151200
1	2.150400
1	7.929600
1	3.074400
1	7.459200
1	0.856800
1	0.285600
1	8.786400
1	2.688000
1	1.562400
1	2.436000
1	2.805600
1	1.293600
1	2.469600
1	4.704000
1	3.612000
1	1.075200
1	1.041600
1	3.628800
1	5.325600
1	1.411200
1	2.268000
1	5.090400
1	9.088800
1	1.394400
1	2.872800
1	9.340800
1	2.755200
1	1.999200
1	9.357600
1	7.291200
1	0.000000
1	9.996000
1	0.235200
1	4.804800
1	3.343200
1	6.585600
1	6.064800
1	1.495200
1	0.000000
1	2.301600
1	1.713600
1	0.352800
1	8.148000
1	9.962400
1	3.208800
1	3.813600
1	2.301600
1	2.637600
1	0.084000
1	0.907200
1	4.771200
1	4.183200
1	1.814400
1	4.620000
1	1.394400
1	3.948000
1	3.981600
1	3.998400
1	0.218400
1	0.823200
1	2.520000
1	4.065600
1	2.352000
1	0.621600
1	1.948800
1	2.973600
3	14.733600
3	6.518400
3	5.208000
3	18.144000
3	5.544000
3	19.068000
3	4.485600
3	5.023200
3	9.660000
3	13.910400
3	9.458400
3	4.687200
3	2.587200
3	17.841600
3	15.237600
3	2.872800
3	13.473600
3	15.808800
3	9.290400
3	22.999200
3	6.568800
3	5.342400
3	12.062400
3	16.228800
3	9.458400
3	12.280800
3	5.728800
3	23.217600
3	6.820800
3	9.475200
3	6.148800
3	9.777600
3	10.953600
3	11.810400
3	9.105600
3	16.430400
3	1.478400
3	9.643200
3	11.020800
3	10.516800
3	15.069600
3	7.039200
3	17.320800
3	12.969600
3	14.716800
3	17.791200
3	15.052800
3	6.636000
3	10.012800
3	16.094400
3	9.273600
3	4.737600
3	9.844800
3	17.169600
3	6.686400
3	10.516800
3	7.812000
3	8.114400
3	11.272800
3	19.353600
3	19.891200
3	5.073600
3	6.216000
3	5.359200
3	7.896000
3	7.106400
3	15.271200
3	7.896000
3	13.154400
3	3.225600
3	14.028000
3	7.778400
3	1.226400
3	13.876800
3	0.403200
3	8.534400
3	8.030400
3	12.482400
3	3.225600
3	18.362400
3	13.994400
3	3.124800
3	12.112800
3	1.780800
3	11.222400
3	6.098400
3	9.811200
3	9.492000
3	12.936000
3	10.550400
3	11.944800
3	13.708800
3	13.238400
3	5.930400
3	8.131200
3	13.003200
3	10.869600
3	11.440800
3	10.130400
3	12.751200
5	14.313600
5	15.624000
5	14.952000
5	8.635200
5	19.773600
5	13.624800
5	14.246400
5	20.798400
5	15.657600
5	12.314400
5	14.145600
5	17.539200
5	20.328000
5	12.516000
5	22.831200
5	24.074400
5	7.358400
5	10.752000
5	14.028000
5	19.992000
5	21.117600
5	15.002400
5	12.902400
5	18.429600
5	20.059200
5	19.202400
5	18.950400
5	15.926400
5	10.281600
5	8.467200
5	12.633600
5	16.195200
5	13.591200
5	8.013600
5	6.098400
5	11.272800
5	16.850400
5	15.960000
5	7.476000
5	21.235200
5	11.340000
5	15.136800
5	15.523200
5	16.178400
5	21.722400
5	26.342400
5	13.826400
5	27.249600
5	15.842400
5	13.944000
5	24.780000
5	21.218400
5	13.994400
5	35.229600
5	17.119200
5	30.962400
5	10.869600
5	15.926400
5	12.616800
5	21.638400
5	21.957600
5	22.209600
5	12.667200
5	20.714400
5	16.548000
5	11.272800
5	6.753600
5	16.128000
5	26.661600
5	13.608000
5	10.684800
5	7.996800
5	23.032800
5	16.060800
5	11.155200
5	6.132000
5	17.572800
5	11.205600
5	14.095200
5	3.276000
5	24.292800
5	17.186400
5	22.528800
5	18.328800
5	13.927200
5	19.135200
5	19.874400
5	22.680000
5	16.833600
5	15.472800
5	10.264800
5	18.967200
5	19.572000
5	22.730400
5	29.500800
5	14.380800
5	17.186400
5	18.698400
5	13.994400
5	19.891200
7	33.768000
7	28.912800
7	19.236000
7	22.024800
7	31.080000
7	6.468000
7	21.991200
7	17.875200
7	19.017600
7	29.400000
7	14.229600
7	29.568000
7	27.384000
7	15.036000
7	20.378400
7	21.890400
7	6.484800
7	14.834400
7	22.394400
7	19.101600
7	23.150400
7	14.397600
7	32.088000
7	15.237600
7	21.537600
7	19.773600
7	31.567200
7	26.325600
7	20.781600
7	21.655200
7	23.217600
7	12.213600
7	16.800000
7	17.220000
7	23.133600
7	29.064000
7	17.304000
7	31.970400
7	23.822400
7	26.191200
7	34.843200
7	19.538400
7	21.840000
7	17.623200
7	20.311200
7	35.179200
7	22.461600
7	7.492800
7	24.763200
7	12.364800
7	17.925600
7	24.242400
7	9.240000
7	20.882400
7	26.224800
7	27.367200
7	15.741600
7	23.083200
7	21.067200
7	18.244800
7	20.260800
7	24.444000
7	5.661600
7	13.020000
7	23.200800
7	17.908800
7	20.092800
7	30.374400
7	27.619200
7	14.868000
7	25.200000
7	24.477600
7	28.492800
7	24.763200
7	19.135200
7	28.375200
7	20.748000
7	28.207200
7	20.512800
7	18.849600
7	24.847200
7	15.439200
7	4.401600
7	17.388000
7	31.600800
7	37.665600
7	37.581600
7	9.206400
7	17.656800
7	21.420000
7	23.402400
7	23.805600
7	22.646400
7	17.673600
7	29.551200
7	24.813600
7	33.902400
7	20.126400
7	18.480000
7	18.060000
9	21.621600
9	52.382400
9	44.217600
9	19.773600
9	21.974400
9	24.511200
9	31.113600
9	15.271200
9	24.528000
9	32.256000
9	28.425600
9	42.252000
9	21.688800
9	22.680000
9	24.931200
9	17.992800
9	21.974400
9	15.976800
9	31.348800
9	40.034400
9	26.056800
9	26.762400
9	19.740000
9	22.176000
9	23.116800
9	27.350400
9	20.563200
9	39.799200
9	9.811200
9	35.162400
9	16.380000
9	30.038400
9	24.158400
9	24.040800
9	36.859200
9	34.204800
9	23.335200
9	28.425600
9	28.324800
9	17.488800
9	33.012000
9	39.950400
9	15.523200
9	14.599200
9	31.617600
9	38.757600
9	34.910400
9	22.176000
9	24.108000
9	22.058400
9	28.896000
9	22.982400
9	30.240000
9	19.370400
9	21.688800
9	32.995200
9	26.980800
9	23.872800
9	31.197600
9	15.103200
9	22.058400
9	26.157600
9	31.483200
9	41.412000
9	24.561600
9	27.468000
9	21.991200
9	28.509600
9	34.171200
9	25.519200
9	39.278400
9	31.029600
9	22.360800
9	28.308000
9	35.632800
9	23.402400
9	22.327200
9	30.273600
9	32.138400
9	39.564000
9	13.372800
9	18.244800
9	33.919200
9	18.480000
9	29.265600
9	22.478400
9	26.140800
9	38.287200
9	22.260000
9	43.142400
9	24.763200
9	13.104000
9	21.638400
9	13.255200
9	22.713600
9	26.510400
9	12.936000
9	23.503200
9	31.315200
9	48.888000
11	44.553600
11	38.757600
11	39.765600
11	32.272800
11	30.626400
11	29.164800
11	23.587200
11	18.950400
11	31.533600
11	37.413600
11	27.770400
11	20.899200
11	28.946400
11	36.825600
11	27.132000
11	19.689600
11	37.195200
11	24.477600
11	8.400000
11	34.003200
11	22.176000
11	20.092800
11	25.855200
11	30.626400
11	44.906400
11	41.428800
11	32.340000
11	31.298400
11	20.546400
11	42.621600
11	49.341600
11	36.456000
11	30.861600
11	31.752000
11	39.681600
11	15.674400
11	34.641600
11	24.830400
11	18.530400
11	24.292800
11	28.795200
11	36.304800
11	40.622400
11	39.396000
11	38.556000
11	41.479200
11	35.901600
11	42.604800
11	30.004800
11	19.202400
11	35.145600
11	41.428800
11	35.464800
11	46.670400
11	31.096800
11	27.619200
11	28.106400
11	48.468000
11	37.447200
11	39.396000
11	28.660800
11	37.296000
11	17.791200
11	29.635200
11	30.038400
11	12.952800
11	14.548800
11	24.948000
11	26.611200
11	27.921600
11	17.505600
11	43.461600
11	35.028000
11	32.944800
11	33.600000
11	29.148000
11	37.497600
11	32.676000
11	28.190400
11	10.500000
11	15.825600
11	14.868000
11	33.717600
11	37.128000
11	30.324000
11	34.272000
11	28.644000
11	37.396800
11	26.913600
11	27.686400
11	36.960000
11	30.223200
11	26.409600
11	22.293600
11	29.332800
11	25.670400
11	51.156000
11	18.160800
11	17.001600
11	40.807200
13	59.085600
13	28.744800
13	40.874400
13	27.182400
13	37.279200
13	51.004800
13	40.874400
13	35.044800
13	40.740000
13	34.171200
13	26.896800
13	29.937600
13	34.070400
13	34.725600
13	28.459200
13	12.516000
13	37.951200
13	34.440000
13	32.860800
13	51.122400
13	49.291200
13	27.955200
13	33.650400
13	22.982400
13	24.192000
13	43.730400
13	39.614400
13	47.292000
13	37.447200
13	28.156800
13	43.562400
13	30.273600
13	53.877600
13	25.670400
13	47.392800
13	35.179200
13	25.905600
13	30.760800
13	35.364000
13	35.263200
13	24.679200
13	37.816800
13	25.754400
13	30.357600
13	23.738400
13	32.104800
13	27.568800
13	24.376800
13	34.742400
13	42.285600
13	27.988800
13	48.098400
13	34.322400
13	19.790400
13	34.473600
13	27.652800
13	38.942400
13	30.475200
13	29.870400
13	31.197600
13	42.436800
13	14.935200
13	32.256000
13	22.545600
13	58.044000
13	36.288000
13	26.829600
13	26.443200
13	30.307200
13	28.576800
13	26.258400
13	40.622400
13	19.135200
13	30.307200
13	18.496800
13	27.165600
13	43.159200
13	39.950400
13	20.445600
13	8.316000
13	21.184800
13	49.039200
13	50.299200
13	32.860800
13	29.416800
13	47.510400
13	23.469600
13	10.970400
13	25.804800
13	33.868800
13	49.660800
13	35.716800
13	29.769600
13	34.876800
13	49.828800
13	42.722400
13	32.424000
13	12.482400
13	20.832000
13	44.637600
15	30.475200
15	34.070400
15	60.144000
15	49.526400
15	22.260000
15	30.391200
15	37.430400
15	32.625600
15	55.792800
15	24.091200
15	63.033600
15	45.544800
15	19.790400
15	22.108800
15	43.142400
15	39.446400
15	42.722400
15	36.220800
15	35.162400
15	21.319200
15	36.086400
15	56.767200
15	32.692800
15	37.984800
15	33.280800
15	45.679200
15	40.370400
15	45.460800
15	50.131200
15	37.195200
15	38.488800
15	54.112800
15	44.620800
15	26.930400
15	34.221600
15	18.849600
15	24.544800
15	26.930400
15	46.620000
15	32.088000
15	25.519200
15	29.584800
15	33.818400
15	34.608000
15	45.074400
15	41.428800
15	43.797600
15	19.202400
15	26.997600
15	33.600000
15	19.152000
15	29.164800
15	28.492800
15	36.237600
15	29.215200
15	49.778400
15	48.686400
15	28.375200
15	28.778400
15	20.210400
15	37.060800
15	52.432800
15	22.344000
15	33.566400
15	27.115200
15	35.364000
15	40.471200
15	25.737600
15	29.702400
15	27.064800
15	23.940000
15	29.181600
15	33.213600
15	18.816000
15	35.448000
15	55.524000
15	40.051200
15	41.512800
15	36.120000
15	35.179200
15	41.428800
15	23.486400
15	26.762400
15	20.277600
15	46.636800
15	23.133600
15	32.558400
15	30.609600
15	50.551200
15	41.748000
15	35.044800
15	41.042400
15	34.120800
15	28.795200
15	32.709600
15	26.460000
15	39.211200
15	30.693600
15	21.756000
15	31.600800
17	27.837600
17	47.426400
17	35.112000
17	30.256800
17	49.274400
17	25.200000
17	45.276000
17	40.420800
17	41.193600
17	26.241600
17	35.817600
17	40.857600
17	31.382400
17	44.520000
17	45.057600
17	35.179200
17	31.348800
17	31.500000
17	33.146400
17	16.212000
17	36.271200
17	31.533600
17	40.790400
17	35.733600
17	55.591200
17	41.815200
17	36.506400
17	23.805600
17	41.092800
17	34.356000
17	19.605600
17	62.580000
17	29.433600
17	44.419200
17	33.768000
17	43.092000
17	31.936800
17	45.477600
17	48.434400
17	23.284800
17	26.745600
17	21.067200
17	36.170400
17	37.077600
17	38.623200
17	25.099200
17	23.856000
17	48.014400
17	48.619200
17	49.274400
17	24.192000
17	34.456800
17	36.691200
17	14.800800
17	32.592000
17	29.047200
17	28.509600
17	38.404800
17	38.976000
17	52.332000
17	45.780000
17	50.030400
17	32.407200
17	29.282400
17	40.807200
17	22.495200
17	46.569600
17	44.284800
17	36.187200
17	34.473600
17	34.540800
17	64.260000
17	40.706400
17	42.991200
17	34.960800
17	8.047200
17	28.963200
17	30.945600
17	47.644800
17	66.914400
17	29.568000
17	60.480000
17	27.434400
17	36.758400
17	32.776800
17	44.654400
17	32.272800
17	35.700000
17	21.000000
17	36.069600
17	25.048800
17	45.309600
17	34.003200
17	41.563200
17	30.592800
17	25.032000
17	29.752800
17	52.382400
17	30.710400
17	46.653600
19	39.177600
19	48.199200
19	33.516000
19	42.386400
19	35.700000
19	47.695200
19	27.988800
19	43.848000
19	55.473600
19	37.430400
19	26.913600
19	41.664000
19	45.276000
19	17.203200
19	34.742400
19	28.089600
19	34.860000
19	55.053600
19	11.944800
19	44.133600
19	41.865600
19	39.614400
19	42.890400
19	61.320000
19	43.360800
19	32.894400
19	30.895200
19	36.472800
19	32.508000
19	33.364800
19	27.955200
19	34.440000
19	20.126400
19	28.728000
19	30.424800
19	25.720800
19	51.088800
19	33.079200
19	34.255200
19	28.408800
19	36.002400
19	47.695200
19	33.230400
19	27.770400
19	49.291200
19	37.396800
19	37.161600
19	61.656000
19	57.976800
19	37.161600
19	41.193600
19	34.910400
19	42.672000
19	41.714400
19	33.633600
19	57.674400
19	23.990400
19	32.340000
19	25.737600
19	33.583200
19	44.940000
19	42.067200
19	50.500800
19	17.304000
19	54.465600
19	49.224000
19	46.368000
19	43.696800
19	54.768000
19	30.861600
19	22.176000
19	35.868000
19	24.158400
19	46.435200
19	25.317600
19	21.840000
19	53.894400
19	49.442400
19	29.316000
19	52.584000
19	43.243200
19	18.849600
19	9.206400
19	39.093600
19	40.740000
19	23.940000
19	21.134400
19	34.994400
19	25.166400
19	48.854400
19	48.518400
19	47.392800
19	45.007200
19	23.856000
19	49.224000
19	42.924000
19	26.560800
19	39.312000
19	62.361600
19	39.530400
21	40.420800
21	34.423200
21	21.487200
21	33.028800
21	37.027200
21	32.457600
21	22.831200
21	37.447200
21	19.958400
21	29.685600
21	44.268000
21	40.152000
21	46.603200
21	15.439200
21	45.007200
21	33.516000
21	31.046400
21	41.412000
21	40.336800
21	23.805600
21	38.152800
21	43.024800
21	49.744800
21	29.685600
21	31.264800
21	26.174400
21	21.974400
21	34.792800
21	39.463200
21	20.949600
21	32.121600
21	18.933600
21	50.954400
21	49.610400
21	39.597600
21	37.531200
21	49.929600
21	22.898400
21	35.582400
21	28.392000
21	32.356800
21	45.780000
21	47.980800
21	74.121600
21	49.677600
21	34.591200
21	23.620800
21	27.518400
21	54.331200
21	27.434400
21	33.902400
21	35.296800
21	34.272000
21	27.552000
21	17.119200
21	27.048000
21	36.792000
21	27.148800
21	25.956000
21	42.487200
21	25.334400
21	22.579200
21	26.006400
21	34.120800
21	38.085600
21	26.812800
21	31.584000
21	41.613600
21	35.431200
21	42.840000
21	32.104800
21	40.303200
21	44.738400
21	32.239200
21	25.687200
21	35.061600
21	43.092000
21	51.559200
21	24.208800
21	36.775200
21	18.900000
21	31.264800
21	72.542400
21	57.825600
21	29.752800
21	45.444000
21	43.814400
21	26.140800
21	38.371200
21	40.521600
21	39.900000
21	39.429600
21	46.418400
21	44.251200
21	53.928000
21	35.918400
21	45.981600
21	35.750400
21	30.122400
21	55.372800
23	48.820800
23	50.635200
23	49.358400
23	19.924800
23	36.540000
23	37.682400
23	32.390400
23	38.287200
23	71.652000
23	14.364000
23	48.283200
23	11.575200
23	53.676000
23	41.076000
23	43.562400
23	36.321600
23	27.098400
23	28.543200
23	41.496000
23	22.041600
23	30.021600
23	38.992800
23	29.736000
23	46.351200
23	25.384800
23	41.428800
23	47.426400
23	12.768000
23	55.423200
23	32.004000
23	63.016800
23	46.754400
23	26.040000
23	27.115200
23	19.689600
23	56.431200
23	43.142400
23	42.285600
23	40.672800
23	33.045600
23	36.624000
23	33.868800
23	38.875200
23	36.405600
23	33.801600
23	22.663200
23	38.673600
23	59.908800
23	44.284800
23	53.071200
23	45.931200
23	32.877600
23	29.013600
23	65.536800
23	27.871200
23	30.021600
23	28.224000
23	35.985600
23	33.415200
23	33.314400
23	40.605600
23	38.472000
23	36.943200
23	37.144800
23	38.791200
23	25.250400
23	35.632800
23	60.715200
23	35.431200
23	30.475200
23	41.395200
23	63.470400
23	38.824800
23	39.345600
23	34.238400
23	34.389600
23	32.810400
23	78.254400
23	52.063200
23	44.284800
23	59.203200
23	48.283200
23	33.146400
23	32.272800
23	48.132000
23	48.720000
23	43.260000
23	18.244800
23	27.014400
23	41.076000
23	27.031200
23	32.155200
23	25.670400
23	24.309600
23	27.132000
23	14.599200
23	32.323200
23	38.421600
23	42.604800
23	42.184800
25	22.495200
25	39.026400
25	45.679200
25	40.740000
25	32.071200
25	61.538400
25	32.188800
25	45.964800
25	43.646400
25	17.959200
25	34.675200
25	31.449600
25	69.468000
25	48.518400
25	20.126400
25	26.241600
25	68.124000
25	47.644800
25	42.336000
25	47.930400
25	13.809600
25	42.352800
25	50.433600
25	18.748800
25	52.348800
25	39.211200
25	47.611200
25	46.989600
25	13.020000
25	55.204800
25	35.095200
25	29.484000
25	32.121600
25	26.745600
25	44.402400
25	63.739200
25	37.346400
25	44.839200
25	39.211200
25	45.192000
25	39.513600
25	28.324800
25	33.482400
25	41.395200
25	52.802400
25	57.825600
25	60.564000
25	52.382400
25	46.872000
25	38.488800
25	12.667200
25	46.200000
25	29.148000
25	41.496000
25	34.305600
25	36.724800
25	31.382400
25	49.862400
25	17.875200
25	33.012000
25	75.549600
25	18.328800
25	29.013600
25	39.513600
25	42.705600
25	44.234400
25	52.752000
25	65.872800
25	25.821600
25	49.123200
25	33.936000
25	36.825600
25	52.449600
25	28.828800
25	15.876000
25	23.990400
25	32.289600
25	23.352000
25	30.559200
25	43.780800
25	54.448800
25	39.849600
25	42.369600
25	14.985600
25	22.579200
25	47.325600
25	20.714400
25	33.835200
25	41.764800
25	33.936000
25	30.559200
25	30.676800
25	54.482400
25	29.752800
25	38.892000
25	25.334400
25	56.901600
25	25.989600
25	58.783200
25	58.312800
27	37.044000
27	69.871200
27	35.683200
27	39.043200
27	53.961600
27	53.625600
27	55.070400
27	39.782400
27	39.900000
27	55.154400
27	25.754400
27	46.082400
27	22.260000
27	26.460000
27	23.503200
27	32.340000
27	33.700800
27	27.921600
27	38.220000
27	48.535200
27	43.125600
27	33.062400
27	41.899200
27	28.375200
27	38.824800
27	37.900800
27	35.196000
27	41.596800
27	30.256800
27	55.675200
27	44.553600
27	37.296000
27	52.197600
27	50.416800
27	42.386400
27	22.612800
27	41.731200
27	35.985600
27	39.076800
27	58.716000
27	59.388000
27	26.241600
27	41.025600
27	38.421600
27	30.189600
27	52.231200
27	50.752800
27	41.697600
27	50.181600
27	22.142400
27	46.737600
27	40.202400
27	22.377600
27	39.765600
27	45.679200
27	37.833600
27	64.008000
27	45.477600
27	47.829600
27	23.721600
27	30.576000
27	56.750400
27	50.517600
27	33.331200
27	55.742400
27	71.652000
27	43.461600
27	26.577600
27	30.088800
27	33.398400
27	40.437600
27	48.871200
27	40.437600
27	22.948800
27	63.252000
27	50.265600
27	33.230400
27	72.189600
27	41.664000
27	57.741600
27	28.224000
27	57.405600
27	22.562400
27	35.716800
27	29.181600
27	39.631200
27	44.385600
27	29.450400
27	33.734400
27	39.664800
27	58.077600
27	60.648000
27	21.235200
27	38.253600
27	27.434400
27	29.013600
27	39.664800
27	51.979200
27	28.492800
27	52.785600
29	34.826400
29	38.824800
29	47.124000
29	35.582400
29	42.722400
29	48.300000
29	52.012800
29	39.379200
29	51.021600
29	41.143200
29	62.899200
29	47.712000
29	34.356000
29	20.714400
29	42.117600
29	50.047200
29	44.688000
29	27.552000
29	39.211200
29	50.887200
29	77.330400
29	37.346400
29	35.145600
29	29.080800
29	34.843200
29	29.853600
29	68.224800
29	34.574400
29	27.568800
29	24.141600
29	40.924800
29	33.112800
29	36.405600
29	47.779200
29	45.813600
29	53.911200
29	44.066400
29	33.583200
29	65.520000
29	36.657600
29	60.160800
29	39.614400
29	33.583200
29	46.435200
29	55.809600
29	12.112800
29	52.231200
29	58.783200
29	41.462400
29	56.800800
29	28.694400
29	21.336000
29	24.880800
29	43.377600
29	19.958400
29	36.002400
29	52.012800
29	49.308000
29	32.928000
29	35.817600
29	49.610400
29	27.720000
29	52.953600
29	25.536000
29	28.106400
29	40.471200
29	45.712800
29	30.374400
29	32.575200
29	46.922400
29	31.164000
29	47.476800
29	37.917600
29	46.788000
29	45.292800
29	67.166400
29	24.427200
29	55.742400
29	46.754400
29	30.324000
29	47.258400
29	47.829600
29	34.876800
29	43.260000
29	34.860000
29	55.524000
29	41.714400
29	46.015200
29	32.575200
29	62.462400
29	27.316800
29	24.813600
29	57.993600
29	71.786400
29	47.695200
29	43.965600
29	20.160000
29	24.360000
29	16.010400
29	55.087200
30	53.356800
30	26.863200
30	36.019200
30	55.524000
30	28.912800
30	61.824000
30	41.664000
30	41.109600
30	29.887200
30	19.941600
30	35.901600
30	32.373600
30	45.494400
30	42.487200
30	25.754400
30	46.116000
30	67.838400
30	26.090400
30	39.144000
30	42.168000
30	48.770400
30	23.066400
30	25.956000
30	46.183200
30	33.902400
30	48.350400
30	39.110400
30	47.258400
30	33.028800
30	34.473600
30	48.182400
30	31.264800
30	32.088000
30	32.894400
30	30.895200
30	28.089600
30	55.574400
30	44.200800
30	19.975200
30	28.778400
30	48.316800
30	13.591200
30	36.288000
30	26.712000
30	18.664800
30	42.420000
30	47.275200
30	28.442400
30	26.426400
30	47.073600
30	26.493600
30	57.019200
30	34.843200
30	32.121600
30	37.900800
30	49.828800
30	18.832800
30	26.107200
30	32.457600
30	34.171200
30	22.159200
30	36.170400
30	37.430400
30	21.352800
30	50.433600
30	24.746400
30	53.306400
30	18.144000
30	38.388000
30	28.828800
30	35.935200
30	29.467200
30	36.825600
30	41.092800
30	22.713600
30	18.278400
30	50.820000
30	20.529600
30	38.791200
30	32.340000
30	46.116000
30	27.434400
30	22.730400
30	55.221600
30	56.128800
30	28.240800
30	82.168800
30	36.657600
30	22.528800
30	40.152000
30	27.585600
30	57.187200
30	24.712800
30	37.867200
30	14.901600
30	8.030400
30	20.126400
30	42.655200
30	60.244800
30	48.098400
