1	5.460000
1	6.064800
1	0.302400
1	2.217600
1	4.183200
1	1.562400
1	5.107200
1	4.132800
1	9.290400
1	1.999200
1	3.847200
1	3.628800
1	4.687200
1	9.240000
1	2.503200
1	5.409600
1	2.318400
1	5.023200
1	0.000000
1	2.956800
1	6.132000
1	1.461600
1	3.444000
1	7.056000
1	3.712800
1	9.895200
1	6.434400
1	3.460800
1	2.688000
1	5.376000
1	0.050400
1	3.108000
1	7.459200
1	3.292800
1	5.544000
1	4.384800
1	1.293600
1	3.292800
1	0.302400
1	3.528000
1	9.139200
1	7.828800
1	8.013600
1	4.250400
1	4.267200
1	4.552800
1	5.174400
1	0.856800
1	4.233600
1	0.621600
1	4.905600
1	2.872800
1	2.654400
1	4.519200
1	0.235200
1	8.198400
1	1.713600
1	1.797600
1	5.040000
1	4.401600
1	6.031200
1	3.662400
1	5.829600
1	1.041600
1	0.924000
1	8.299200
1	1.831200
1	2.419200
1	6.148800
1	2.385600
1	5.846400
1	7.459200
1	6.048000
1	1.629600
1	1.041600
1	1.881600
1	0.840000
1	2.184000
1	5.779200
1	0.621600
1	0.554400
1	5.728800
1	2.923200
1	8.517600
1	1.411200
1	2.016000
1	0.873600
1	7.140000
1	2.402400
1	4.468800
1	0.638400
1	1.125600
1	1.192800
1	1.579200
1	5.157600
1	5.476800
1	1.092000
1	5.443200
1	2.906400
1	0.420000
3	5.997600
3	10.164000
3	16.060800
3	21.168000
3	16.430400
3	8.181600
3	12.247200
3	12.146400
3	8.853600
3	10.449600
3	16.363200
3	14.968800
3	7.425600
3	13.944000
3	7.744800
3	6.535200
3	17.169600
3	17.488800
3	8.097600
3	12.717600
3	9.088800
3	4.132800
3	10.550400
3	5.359200
3	9.021600
3	4.704000
3	17.354400
3	11.776800
3	4.720800
3	15.506400
3	13.960800
3	13.238400
3	6.064800
3	3.477600
3	5.191200
3	3.914400
3	15.657600
3	11.726400
3	10.651200
3	5.107200
3	13.473600
3	12.566400
3	6.400800
3	0.134400
3	10.785600
3	17.656800
3	15.506400
3	15.976800
3	7.492800
3	20.613600
3	12.717600
3	14.784000
3	11.323200
3	4.552800
3	9.744000
3	7.946400
3	7.022400
3	10.483200
3	6.820800
3	3.192000
3	18.026400
3	11.457600
3	12.314400
3	16.010400
3	11.239200
3	9.475200
3	9.861600
3	13.658400
3	16.161600
3	11.306400
3	2.335200
3	6.064800
3	9.744000
3	4.300800
3	25.838400
3	6.501600
3	11.121600
3	4.200000
3	12.566400
3	5.275200
3	16.413600
3	3.763200
3	13.473600
3	8.164800
3	9.508800
3	9.156000
3	17.052000
3	18.278400
3	8.551200
3	10.231200
3	5.527200
3	15.187200
3	3.914400
3	13.003200
3	15.036000
3	11.911200
3	12.415200
3	21.940800
3	10.684800
3	7.879200
5	15.052800
5	21.453600
5	21.588000
5	17.220000
5	11.877600
5	9.492000
5	16.648800
5	25.552800
5	12.936000
5	19.471200
5	24.007200
5	4.922400
5	20.462400
5	20.496000
5	18.446400
5	9.223200
5	17.724000
5	7.543200
5	26.392800
5	16.648800
5	6.199200
5	12.717600
5	27.266400
5	10.315200
5	6.888000
5	4.939200
5	11.474400
5	22.041600
5	11.373600
5	13.792800
5	15.657600
5	9.021600
5	11.440800
5	14.952000
5	14.313600
5	18.345600
5	18.816000
5	19.908000
5	33.566400
5	16.968000
5	21.168000
5	9.324000
5	7.996800
5	14.179200
5	12.499200
5	25.788000
5	28.408800
5	13.406400
5	9.324000
5	18.278400
5	14.397600
5	20.378400
5	19.723200
5	10.920000
5	19.958400
5	15.540000
5	15.338400
5	29.299200
5	16.195200
5	17.136000
5	18.748800
5	15.876000
5	14.313600
5	15.506400
5	18.900000
5	17.068800
5	17.824800
5	21.672000
5	30.576000
5	28.459200
5	12.398400
5	17.472000
5	15.506400
5	10.869600
5	15.976800
5	12.902400
5	12.280800
5	17.556000
5	31.903200
5	18.160800
5	12.448800
5	16.984800
5	24.847200
5	12.583200
5	19.672800
5	2.788800
5	11.793600
5	24.208800
5	29.668800
5	17.388000
5	18.648000
5	8.265600
5	11.071200
5	22.596000
5	26.829600
5	15.808800
5	11.256000
5	15.775200
5	19.521600
5	16.783200
7	34.440000
7	15.792000
7	26.107200
7	21.688800
7	16.245600
7	12.835200
7	26.023200
7	27.098400
7	13.524000
7	21.285600
7	27.333600
7	11.104800
7	24.712800
7	22.663200
7	16.598400
7	21.705600
7	26.023200
7	22.327200
7	35.464800
7	21.184800
7	30.105600
7	25.519200
7	13.843200
7	38.438400
7	11.020800
7	28.207200
7	17.052000
7	32.860800
7	24.578400
7	25.821600
7	26.745600
7	23.620800
7	27.081600
7	22.276800
7	22.780800
7	16.430400
7	15.909600
7	21.957600
7	15.338400
7	27.804000
7	17.539200
7	10.197600
7	28.929600
7	21.621600
7	30.206400
7	11.558400
7	22.008000
7	28.291200
7	25.300800
7	23.184000
7	12.667200
7	10.466400
7	24.410400
7	17.371200
7	15.388800
7	10.970400
7	23.923200
7	17.875200
7	37.111200
7	21.722400
7	12.062400
7	25.720800
7	20.109600
7	15.153600
7	12.583200
7	17.136000
7	37.917600
7	25.032000
7	16.867200
7	24.931200
7	18.194400
7	15.691200
7	22.192800
7	30.727200
7	10.214400
7	13.994400
7	39.463200
7	35.968800
7	18.984000
7	13.692000
7	18.093600
7	31.567200
7	22.243200
7	3.192000
7	34.742400
7	20.260800
7	21.016800
7	19.387200
7	16.632000
7	26.325600
7	21.604800
7	23.520000
7	30.559200
7	10.936800
7	14.313600
7	20.428800
7	24.948000
7	24.225600
7	20.680800
7	9.072000
9	19.706400
9	32.424000
9	33.751200
9	29.517600
9	32.491200
9	16.934400
9	18.832800
9	17.690400
9	27.753600
9	27.081600
9	24.880800
9	14.985600
9	33.768000
9	37.396800
9	27.501600
9	12.432000
9	30.660000
9	19.370400
9	35.011200
9	27.703200
9	35.868000
9	25.888800
9	11.440800
9	25.838400
9	31.752000
9	18.866400
9	12.364800
9	21.873600
9	20.176800
9	15.086400
9	22.562400
9	33.482400
9	35.128800
9	45.645600
9	14.212800
9	25.956000
9	39.228000
9	16.615200
9	28.845600
9	32.709600
9	37.010400
9	25.183200
9	25.636800
9	22.663200
9	29.500800
9	22.965600
9	24.376800
9	23.217600
9	30.962400
9	27.753600
9	31.281600
9	29.433600
9	27.434400
9	25.048800
9	21.890400
9	28.459200
9	31.970400
9	25.905600
9	19.320000
9	12.936000
9	31.550400
9	24.729600
9	25.317600
9	47.997600
9	25.704000
9	10.886400
9	26.930400
9	27.148800
9	37.346400
9	20.697600
9	23.049600
9	24.410400
9	24.276000
9	34.658400
9	34.557600
9	24.914400
9	30.088800
9	42.050400
9	42.386400
9	12.314400
9	15.724800
9	32.625600
9	38.976000
9	21.957600
9	32.995200
9	23.100000
9	19.639200
9	12.516000
9	27.081600
9	11.121600
9	10.701600
9	16.094400
9	23.856000
9	25.905600
9	26.476800
9	20.596800
9	18.429600
9	46.183200
9	41.059200
9	46.939200
11	28.644000
11	31.802400
11	39.799200
11	34.339200
11	40.387200
11	18.144000
11	34.776000
11	22.881600
11	18.093600
11	29.198400
11	13.255200
11	24.712800
11	36.069600
11	25.704000
11	13.137600
11	31.080000
11	32.944800
11	33.196800
11	21.319200
11	26.964000
11	40.672800
11	20.445600
11	17.690400
11	30.189600
11	43.344000
11	30.592800
11	30.895200
11	33.566400
11	25.267200
11	53.944800
11	25.771200
11	41.630400
11	39.060000
11	24.040800
11	28.156800
11	19.185600
11	29.232000
11	42.168000
11	37.329600
11	49.005600
11	19.924800
11	22.999200
11	19.488000
11	39.160800
11	28.089600
11	28.459200
11	14.851200
11	40.572000
11	53.709600
11	26.594400
11	30.576000
11	38.404800
11	17.388000
11	40.605600
11	17.572800
11	25.485600
11	39.799200
11	40.605600
11	20.311200
11	37.430400
11	24.242400
11	20.479200
11	28.526400
11	47.191200
11	35.414400
11	31.516800
11	30.660000
11	52.516800
11	32.407200
11	27.199200
11	36.741600
11	63.688800
11	37.245600
11	17.203200
11	25.200000
11	29.920800
11	52.466400
11	31.668000
11	16.732800
11	34.238400
11	20.596800
11	24.511200
11	35.649600
11	31.080000
11	32.760000
11	30.492000
11	21.957600
11	31.936800
11	37.648800
11	29.500800
11	24.746400
11	40.118400
11	35.162400
11	35.011200
11	42.571200
11	38.522400
11	46.099200
11	31.600800
11	38.908800
11	33.146400
13	34.608000
13	47.325600
13	22.881600
13	31.836000
13	28.123200
13	34.288800
13	18.412800
13	37.380000
13	35.145600
13	26.678400
13	44.940000
13	41.563200
13	22.495200
13	32.877600
13	37.279200
13	28.963200
13	34.322400
13	32.407200
13	18.379200
13	19.488000
13	22.612800
13	30.391200
13	35.380800
13	35.582400
13	42.201600
13	18.799200
13	55.053600
13	24.007200
13	20.328000
13	14.632800
13	23.368800
13	28.341600
13	22.176000
13	43.680000
13	21.789600
13	32.911200
13	25.166400
13	30.240000
13	18.530400
13	15.288000
13	46.452000
13	12.465600
13	40.017600
13	23.973600
13	25.300800
13	45.830400
13	43.394400
13	42.436800
13	35.212800
13	35.364000
13	36.052800
13	39.362400
13	56.851200
13	39.530400
13	42.924000
13	22.176000
13	49.341600
13	29.752800
13	25.922400
13	25.754400
13	29.383200
13	39.396000
13	18.328800
13	42.000000
13	32.524800
13	34.053600
13	24.057600
13	34.692000
13	38.757600
13	23.839200
13	20.160000
13	15.472800
13	26.476800
13	19.471200
13	34.608000
13	38.623200
13	28.173600
13	48.132000
13	27.148800
13	37.178400
13	38.472000
13	45.696000
13	30.559200
13	41.328000
13	46.300800
13	31.617600
13	35.296800
13	32.911200
13	34.087200
13	34.238400
13	27.367200
13	40.404000
13	28.089600
13	15.372000
13	23.301600
13	25.384800
13	24.175200
13	41.025600
13	19.824000
13	40.488000
15	40.605600
15	49.644000
15	24.981600
15	18.144000
15	21.504000
15	37.010400
15	20.160000
15	33.364800
15	35.044800
15	27.703200
15	37.632000
15	40.723200
15	36.792000
15	36.506400
15	26.476800
15	16.648800
15	21.840000
15	37.396800
15	27.552000
15	46.855200
15	43.713600
15	18.614400
15	21.000000
15	41.815200
15	27.669600
15	34.171200
15	42.672000
15	35.162400
15	39.093600
15	36.120000
15	46.317600
15	21.554400
15	27.350400
15	32.088000
15	14.481600
15	26.040000
15	29.030400
15	54.297600
15	38.959200
15	31.466400
15	37.514400
15	21.621600
15	20.916000
15	39.648000
15	15.607200
15	36.540000
15	42.453600
15	30.357600
15	21.033600
15	24.175200
15	34.053600
15	39.984000
15	32.424000
15	44.469600
15	43.999200
15	38.304000
15	42.991200
15	30.340800
15	36.472800
15	22.428000
15	23.184000
15	15.657600
15	43.864800
15	30.760800
15	37.094400
15	26.745600
15	42.453600
15	20.328000
15	32.676000
15	39.513600
15	35.028000
15	36.204000
15	27.921600
15	47.913600
15	41.966400
15	28.879200
15	50.467200
15	38.102400
15	54.566400
15	38.539200
15	26.493600
15	45.276000
15	19.303200
15	22.797600
15	32.256000
15	22.142400
15	27.216000
15	36.960000
15	20.412000
15	46.351200
15	33.196800
15	24.427200
15	48.484800
15	39.748800
15	24.024000
15	44.133600
15	31.147200
15	35.700000
15	34.826400
15	31.046400
17	34.860000
17	40.286400
17	22.528800
17	46.838400
17	41.378400
17	33.028800
17	29.769600
17	26.376000
17	34.742400
17	51.357600
17	45.376800
17	31.231200
17	34.692000
17	22.495200
17	30.021600
17	47.208000
17	37.480800
17	30.508800
17	30.004800
17	21.319200
17	33.835200
17	63.218400
17	28.728000
17	30.609600
17	53.205600
17	30.256800
17	14.851200
17	38.875200
17	21.420000
17	35.095200
17	40.219200
17	25.401600
17	30.038400
17	32.121600
17	41.865600
17	40.857600
17	34.053600
17	28.341600
17	27.165600
17	34.524000
17	23.503200
17	50.198400
17	39.765600
17	26.577600
17	8.148000
17	35.481600
17	49.509600
17	48.451200
17	20.832000
17	58.749600
17	50.148000
17	32.575200
17	30.609600
17	42.100800
17	45.578400
17	32.810400
17	29.618400
17	15.170400
17	48.854400
17	45.242400
17	41.428800
17	44.839200
17	47.023200
17	44.637600
17	46.905600
17	26.224800
17	41.109600
17	61.236000
17	35.733600
17	25.032000
17	49.560000
17	17.858400
17	24.964800
17	38.757600
17	43.999200
17	50.752800
17	43.024800
17	50.618400
17	51.945600
17	36.926400
17	33.768000
17	39.849600
17	45.897600
17	45.544800
17	55.608000
17	41.983200
17	37.430400
17	44.301600
17	44.671200
17	26.325600
17	39.446400
17	34.860000
17	17.203200
17	33.180000
17	41.664000
17	31.365600
17	65.234400
17	23.704800
17	57.254400
17	40.420800
19	22.730400
19	29.635200
19	34.255200
19	34.003200
19	43.696800
19	31.701600
19	49.660800
19	45.494400
19	54.448800
19	36.741600
19	42.252000
19	33.448800
19	59.757600
19	41.966400
19	31.634400
19	21.218400
19	33.247200
19	28.929600
19	41.244000
19	35.263200
19	29.853600
19	36.540000
19	69.451200
19	26.812800
19	62.630400
19	32.071200
19	47.107200
19	60.900000
19	35.632800
19	50.198400
19	28.862400
19	24.662400
19	22.512000
19	51.878400
19	53.004000
19	26.073600
19	16.783200
19	55.927200
19	51.727200
19	21.520800
19	23.856000
19	30.021600
19	31.768800
19	56.599200
19	31.651200
19	26.880000
19	63.537600
19	27.400800
19	33.969600
19	39.916800
19	27.148800
19	21.604800
19	40.420800
19	30.172800
19	38.757600
19	51.811200
19	18.984000
19	50.988000
19	55.221600
19	56.901600
19	38.976000
19	48.686400
19	20.546400
19	37.497600
19	44.100000
19	29.668800
19	51.643200
19	16.346400
19	41.294400
19	28.324800
19	40.168800
19	53.860800
19	27.064800
19	55.490400
19	41.445600
19	9.492000
19	46.452000
19	41.580000
19	41.882400
19	46.586400
19	43.797600
19	23.083200
19	45.225600
19	46.956000
19	13.708800
19	33.230400
19	40.454400
19	53.944800
19	33.448800
19	37.884000
19	25.586400
19	47.359200
19	45.225600
19	40.824000
19	20.697600
19	37.346400
19	39.076800
19	34.927200
19	57.372000
19	40.538400
21	37.212000
21	33.818400
21	23.587200
21	29.114400
21	47.880000
21	43.428000
21	29.702400
21	16.632000
21	12.566400
21	21.050400
21	26.460000
21	22.142400
21	59.253600
21	34.960800
21	32.558400
21	23.956800
21	44.654400
21	37.480800
21	72.559200
21	29.265600
21	39.144000
21	37.480800
21	33.264000
21	30.240000
21	60.967200
21	54.852000
21	42.117600
21	48.300000
21	37.984800
21	40.404000
21	44.772000
21	34.473600
21	36.456000
21	30.861600
21	41.126400
21	24.444000
21	17.791200
21	41.227200
21	36.170400
21	40.689600
21	20.378400
21	35.212800
21	46.670400
21	47.577600
21	39.715200
21	43.999200
21	43.327200
21	31.886400
21	25.284000
21	22.276800
21	44.637600
21	40.202400
21	31.920000
21	42.588000
21	21.218400
21	29.652000
21	38.623200
21	33.264000
21	24.948000
21	56.078400
21	32.373600
21	29.937600
21	46.317600
21	34.725600
21	36.153600
21	39.748800
21	20.983200
21	43.310400
21	20.244000
21	33.448800
21	39.379200
21	46.989600
21	46.620000
21	39.832800
21	47.056800
21	42.302400
21	24.847200
21	46.888800
21	38.320800
21	28.929600
21	32.625600
21	53.743200
21	39.748800
21	42.924000
21	36.909600
21	23.923200
21	21.067200
21	45.309600
21	17.001600
21	26.930400
21	38.102400
21	53.121600
21	47.493600
21	26.678400
21	41.277600
21	49.022400
21	26.191200
21	36.741600
21	35.884800
21	33.012000
23	36.607200
23	33.314400
23	32.541600
23	50.064000
23	19.152000
23	41.764800
23	22.428000
23	45.410400
23	51.895200
23	33.532800
23	36.792000
23	31.785600
23	37.531200
23	33.700800
23	31.164000
23	37.144800
23	28.728000
23	48.048000
23	32.188800
23	43.713600
23	35.414400
23	43.411200
23	15.237600
23	21.655200
23	30.878400
23	38.572800
23	34.070400
23	31.012800
23	28.459200
23	40.840800
23	42.319200
23	42.000000
23	39.547200
23	29.500800
23	20.529600
23	40.454400
23	37.716000
23	34.154400
23	25.015200
23	24.763200
23	25.922400
23	55.137600
23	40.068000
23	28.358400
23	39.933600
23	38.925600
23	44.772000
23	41.949600
23	35.935200
23	53.575200
23	37.346400
23	37.581600
23	41.378400
23	41.848800
23	38.724000
23	34.204800
23	27.333600
23	32.020800
23	42.369600
23	22.780800
23	33.633600
23	42.722400
23	47.510400
23	23.150400
23	40.471200
23	23.133600
23	36.304800
23	36.405600
23	31.046400
23	45.024000
23	24.477600
23	56.935200
23	38.841600
23	20.109600
23	27.199200
23	25.233600
23	57.069600
23	35.532000
23	35.683200
23	40.504800
23	53.541600
23	21.588000
23	27.232800
23	24.141600
23	26.796000
23	37.850400
23	50.064000
23	28.627200
23	49.812000
23	11.272800
23	29.181600
23	33.801600
23	27.132000
23	47.863200
23	35.313600
23	33.751200
23	45.040800
23	27.938400
23	46.620000
23	43.260000
25	14.750400
25	13.893600
25	48.636000
25	32.491200
25	30.828000
25	32.424000
25	23.318400
25	38.102400
25	40.874400
25	16.934400
25	42.873600
25	54.768000
25	38.908800
25	38.119200
25	46.216800
25	41.647200
25	34.288800
25	56.448000
25	55.305600
25	57.624000
25	32.810400
25	31.432800
25	12.885600
25	35.649600
25	31.080000
25	36.204000
25	42.756000
25	42.806400
25	42.016800
25	33.247200
25	40.068000
25	25.636800
25	59.707200
25	43.360800
25	33.230400
25	37.800000
25	37.027200
25	50.013600
25	37.984800
25	23.150400
25	29.769600
25	55.826400
25	27.753600
25	33.448800
25	38.354400
25	35.817600
25	21.319200
25	32.743200
25	18.379200
25	41.916000
25	50.248800
25	34.641600
25	50.064000
25	48.484800
25	39.110400
25	37.144800
25	43.428000
25	28.106400
25	23.604000
25	23.016000
25	58.279200
25	31.332000
25	36.792000
25	37.245600
25	64.948800
25	30.895200
25	31.130400
25	34.204800
25	62.882400
25	58.430400
25	54.045600
25	46.687200
25	44.184000
25	47.409600
25	31.399200
25	21.436800
25	35.733600
25	25.132800
25	38.001600
25	48.585600
25	43.831200
25	44.100000
25	34.692000
25	13.977600
25	39.866400
25	40.605600
25	37.447200
25	17.320800
25	42.184800
25	34.776000
25	51.156000
25	33.700800
25	27.266400
25	55.843200
25	26.829600
25	26.762400
25	40.118400
25	38.488800
25	32.457600
25	27.636000
27	50.282400
27	65.301600
27	39.564000
27	45.897600
27	31.096800
27	29.114400
27	31.735200
27	39.060000
27	45.141600
27	40.790400
27	34.876800
27	22.260000
27	33.784800
27	14.952000
27	31.987200
27	53.877600
27	48.132000
27	43.848000
27	37.699200
27	32.323200
27	39.345600
27	7.593600
27	39.967200
27	40.084800
27	47.056800
27	18.933600
27	58.413600
27	50.736000
27	43.646400
27	53.088000
27	42.302400
27	33.213600
27	37.279200
27	46.569600
27	40.017600
27	17.925600
27	29.383200
27	24.746400
27	25.804800
27	45.292800
27	41.596800
27	37.531200
27	35.532000
27	34.809600
27	54.062400
27	46.351200
27	43.276800
27	47.241600
27	62.092800
27	43.612800
27	47.695200
27	36.288000
27	39.782400
27	29.282400
27	40.387200
27	62.176800
27	37.430400
27	39.782400
27	29.904000
27	40.135200
27	28.257600
27	22.629600
27	60.664800
27	24.276000
27	45.544800
27	39.295200
27	40.672800
27	24.864000
27	41.294400
27	20.949600
27	41.260800
27	31.600800
27	32.709600
27	18.076800
27	13.507200
27	29.467200
27	36.456000
27	39.429600
27	41.479200
27	63.957600
27	23.335200
27	34.994400
27	29.500800
27	47.258400
27	39.513600
27	24.024000
27	25.351200
27	13.725600
27	50.366400
27	50.299200
27	27.753600
27	26.829600
27	39.900000
27	47.712000
27	39.984000
27	49.795200
27	63.688800
27	78.808800
27	30.156000
27	37.615200
29	34.792800
29	45.796800
29	43.562400
29	22.814400
29	34.826400
29	27.199200
29	42.957600
29	39.093600
29	34.624800
29	62.613600
29	31.802400
29	42.571200
29	40.034400
29	36.002400
29	54.751200
29	39.160800
29	44.385600
29	29.349600
29	26.930400
29	13.860000
29	26.527200
29	29.131200
29	22.596000
29	40.941600
29	27.972000
29	69.434400
29	47.409600
29	26.157600
29	35.632800
29	35.011200
29	16.699200
29	36.960000
29	54.381600
29	46.418400
29	47.644800
29	25.032000
29	40.723200
29	37.716000
29	36.691200
29	20.092800
29	28.190400
29	41.260800
29	26.376000
29	35.935200
29	35.767200
29	29.937600
29	30.156000
29	38.035200
29	27.888000
29	38.388000
29	14.632800
29	38.992800
29	35.061600
29	51.844800
29	39.228000
29	50.013600
29	35.448000
29	40.756800
29	64.310400
29	32.894400
29	53.844000
29	12.936000
29	48.367200
29	49.492800
29	24.981600
29	29.836800
29	18.816000
29	51.928800
29	33.448800
29	42.907200
29	37.716000
29	33.398400
29	53.088000
29	38.337600
29	23.990400
29	27.384000
29	55.809600
29	31.382400
29	38.119200
29	42.957600
29	15.943200
29	51.878400
29	46.754400
29	68.140800
29	27.552000
29	36.153600
29	43.293600
29	24.444000
29	37.632000
29	21.957600
29	32.071200
29	23.217600
29	62.529600
29	26.611200
29	43.276800
29	41.983200
29	25.687200
29	23.184000
29	32.726400
29	32.692800
30	44.368800
30	26.140800
30	40.118400
30	31.617600
30	35.784000
30	46.872000
30	32.978400
30	24.763200
30	43.142400
30	36.153600
30	21.554400
30	6.031200
30	30.727200
30	16.430400
30	33.482400
30	53.155200
30	36.472800
30	34.406400
30	21.050400
30	38.236800
30	41.059200
30	15.842400
30	33.129600
30	63.235200
30	35.263200
30	28.946400
30	75.784800
30	38.052000
30	54.398400
30	24.679200
30	21.201600
30	30.576000
30	50.030400
30	31.281600
30	43.125600
30	71.786400
30	16.262400
30	17.724000
30	33.583200
30	36.876000
30	57.640800
30	21.940800
30	59.707200
30	19.807200
30	19.824000
30	63.184800
30	46.519200
30	34.372800
30	31.600800
30	34.524000
30	16.396800
30	28.072800
30	35.179200
30	50.937600
30	47.779200
30	56.364000
30	52.197600
30	71.030400
30	34.574400
30	56.767200
30	48.972000
30	43.579200
30	47.544000
30	35.078400
30	30.172800
30	52.046400
30	43.108800
30	31.953600
30	36.355200
30	64.965600
30	50.836800
30	45.914400
30	24.410400
30	50.114400
30	31.113600
30	49.896000
30	47.577600
30	27.736800
30	49.274400
30	44.553600
30	59.236800
30	47.527200
30	38.102400
30	26.577600
30	30.828000
30	35.716800
30	36.086400
30	38.942400
30	28.828800
30	65.268000
30	32.911200
30	35.952000
30	34.104000
30	42.688800
30	37.884000
30	40.790400
30	50.164800
30	42.873600
30	42.470400
30	42.252000
