1	2.234400
1	2.469600
1	6.669600
1	6.753600
1	6.686400
1	1.444800
1	3.376800
1	9.592800
1	6.854400
1	1.209600
1	7.862400
1	9.340800
1	8.652000
1	0.016800
1	1.260000
1	5.006400
1	3.108000
1	4.519200
1	6.753600
1	0.789600
1	5.426400
1	9.794400
1	4.099200
1	2.620800
1	2.352000
1	0.201600
1	0.235200
1	3.813600
1	6.921600
1	4.132800
1	0.504000
1	1.142400
1	4.838400
1	2.536800
1	3.057600
1	5.712000
1	3.847200
1	1.512000
1	5.224800
1	7.207200
1	5.796000
1	0.000000
1	5.846400
1	6.518400
1	5.846400
1	3.796800
1	9.693600
1	2.268000
1	0.789600
1	0.000000
1	2.923200
1	3.477600
1	8.299200
1	9.038400
1	3.040800
1	0.873600
1	7.694400
1	1.327200
1	0.000000
1	6.266400
1	0.336000
1	0.823200
1	2.032800
1	4.888800
1	8.702400
1	9.458400
1	3.712800
1	5.510400
1	1.075200
1	0.403200
1	2.990400
1	3.444000
1	0.940800
1	0.033600
1	4.603200
1	0.000000
1	7.576800
1	5.275200
1	1.327200
1	1.260000
1	4.586400
1	8.971200
1	7.728000
1	2.755200
1	5.191200
1	6.501600
1	1.932000
1	0.369600
1	7.627200
1	2.923200
1	7.812000
1	0.235200
1	1.747200
1	0.100800
1	2.755200
1	0.000000
1	3.712800
1	5.980800
1	6.048000
1	8.702400
3	7.694400
3	9.710400
3	13.490400
3	3.796800
3	13.423200
3	11.138400
3	4.552800
3	14.229600
3	12.852000
3	15.523200
3	8.416800
3	9.324000
3	10.651200
3	10.130400
3	6.787200
3	8.685600
3	8.820000
3	16.329600
3	14.935200
3	9.508800
3	12.734400
3	9.055200
3	14.380800
3	9.408000
3	14.851200
3	9.508800
3	10.164000
3	16.195200
3	15.943200
3	10.231200
3	3.158400
3	14.884800
3	12.331200
3	0.554400
3	8.635200
3	14.061600
3	16.044000
3	19.135200
3	6.249600
3	12.129600
3	14.767200
3	10.718400
3	5.224800
3	4.989600
3	17.623200
3	3.007200
3	4.082400
3	4.384800
3	15.657600
3	14.095200
3	9.979200
3	4.872000
3	12.146400
3	16.396800
3	3.679200
3	23.335200
3	7.761600
3	11.340000
3	2.973600
3	11.340000
3	9.156000
3	14.515200
3	12.936000
3	13.994400
3	14.078400
3	4.502400
3	6.182400
3	13.860000
3	6.333600
3	6.938400
3	18.547200
3	14.196000
3	12.902400
3	16.732800
3	22.663200
3	15.002400
3	7.358400
3	8.282400
3	6.501600
3	19.824000
3	19.975200
3	10.029600
3	18.463200
3	6.367200
3	13.826400
3	9.340800
3	5.594400
3	8.131200
3	9.290400
3	9.458400
3	20.916000
3	17.808000
3	16.077600
3	8.047200
3	5.157600
3	4.132800
3	2.352000
3	0.940800
3	11.491200
3	2.973600
5	12.986400
5	15.573600
5	17.791200
5	8.618400
5	12.364800
5	24.578400
5	16.531200
5	12.684000
5	27.266400
5	21.873600
5	23.772000
5	24.108000
5	14.431200
5	19.152000
5	14.414400
5	8.551200
5	7.173600
5	15.926400
5	30.525600
5	17.875200
5	7.140000
5	17.623200
5	16.716000
5	19.773600
5	19.908000
5	23.520000
5	12.919200
5	9.592800
5	28.677600
5	9.189600
5	14.028000
5	18.110400
5	14.616000
5	18.631200
5	21.000000
5	21.840000
5	16.346400
5	13.356000
5	22.831200
5	18.732000
5	24.410400
5	10.987200
5	11.793600
5	19.454400
5	25.300800
5	27.316800
5	6.770400
5	16.917600
5	23.940000
5	24.444000
5	21.940800
5	19.874400
5	10.886400
5	23.335200
5	8.988000
5	10.567200
5	21.520800
5	15.338400
5	24.544800
5	22.713600
5	17.320800
5	25.015200
5	20.546400
5	15.708000
5	22.360800
5	23.587200
5	9.391200
5	8.215200
5	23.889600
5	22.932000
5	17.068800
5	23.654400
5	17.253600
5	16.111200
5	23.284800
5	20.764800
5	15.708000
5	15.825600
5	15.321600
5	16.346400
5	29.248800
5	12.784800
5	12.331200
5	25.132800
5	10.752000
5	11.894400
5	18.580800
5	14.750400
5	15.288000
5	27.333600
5	19.185600
5	10.668000
5	19.521600
5	15.540000
5	12.801600
5	32.440800
5	13.524000
5	20.143200
5	18.748800
5	22.881600
7	19.572000
7	28.408800
7	11.978400
7	18.580800
7	28.862400
7	7.593600
7	25.267200
7	29.114400
7	32.373600
7	31.584000
7	16.867200
7	11.659200
7	29.920800
7	27.602400
7	21.890400
7	21.705600
7	20.025600
7	26.544000
7	29.265600
7	16.632000
7	18.412800
7	26.964000
7	26.073600
7	18.060000
7	21.924000
7	35.649600
7	23.083200
7	12.751200
7	14.884800
7	18.732000
7	19.303200
7	16.396800
7	23.100000
7	17.707200
7	35.632800
7	24.998400
7	23.352000
7	17.472000
7	17.001600
7	17.572800
7	25.082400
7	16.346400
7	26.124000
7	23.520000
7	23.889600
7	29.551200
7	20.378400
7	25.603200
7	27.955200
7	23.116800
7	34.960800
7	31.315200
7	19.992000
7	19.168800
7	24.696000
7	30.508800
7	36.036000
7	24.544800
7	10.668000
7	22.948800
7	13.776000
7	32.608800
7	13.927200
7	15.489600
7	24.578400
7	30.861600
7	27.098400
7	8.853600
7	21.520800
7	28.224000
7	25.888800
7	15.456000
7	18.110400
7	27.736800
7	14.834400
7	13.708800
7	17.455200
7	21.369600
7	12.566400
7	22.528800
7	22.411200
7	18.698400
7	20.294400
7	20.428800
7	21.000000
7	22.176000
7	17.824800
7	9.559200
7	8.534400
7	11.894400
7	10.735200
7	28.056000
7	29.265600
7	23.990400
7	21.991200
7	23.251200
7	30.592800
7	10.096800
7	21.907200
7	29.752800
9	20.714400
9	26.796000
9	18.480000
9	24.696000
9	26.258400
9	26.325600
9	24.746400
9	32.088000
9	19.269600
9	28.106400
9	14.716800
9	40.185600
9	22.478400
9	19.404000
9	16.850400
9	31.483200
9	21.789600
9	32.188800
9	18.110400
9	15.590400
9	24.158400
9	24.612000
9	31.231200
9	26.208000
9	21.168000
9	8.030400
9	14.498400
9	16.984800
9	23.990400
9	30.021600
9	16.044000
9	15.120000
9	36.338400
9	24.175200
9	22.780800
9	28.795200
9	21.453600
9	29.920800
9	17.774400
9	29.618400
9	19.336800
9	44.940000
9	25.401600
9	22.797600
9	22.932000
9	24.343200
9	30.273600
9	22.646400
9	26.930400
9	40.034400
9	32.356800
9	12.415200
9	15.556800
9	16.531200
9	26.023200
9	33.230400
9	26.527200
9	21.873600
9	25.452000
9	33.196800
9	20.966400
9	11.407200
9	33.784800
9	25.552800
9	21.184800
9	26.476800
9	12.549600
9	16.447200
9	13.003200
9	26.191200
9	19.538400
9	39.043200
9	31.113600
9	23.066400
9	24.763200
9	28.610400
9	22.041600
9	28.459200
9	18.480000
9	21.386400
9	13.221600
9	20.126400
9	48.921600
9	19.874400
9	35.229600
9	13.507200
9	21.554400
9	11.894400
9	27.484800
9	22.814400
9	14.464800
9	21.134400
9	44.721600
9	16.195200
9	28.341600
9	14.431200
9	28.980000
9	27.988800
9	15.506400
9	25.804800
11	30.895200
11	28.576800
11	26.594400
11	31.567200
11	27.266400
11	21.151200
11	20.496000
11	13.104000
11	39.631200
11	21.537600
11	21.285600
11	30.895200
11	39.732000
11	36.556800
11	25.015200
11	32.827200
11	31.987200
11	17.337600
11	18.765600
11	29.232000
11	12.549600
11	31.516800
11	28.627200
11	43.344000
11	42.940800
11	22.596000
11	33.062400
11	27.619200
11	34.944000
11	17.707200
11	16.228800
11	29.450400
11	33.818400
11	28.072800
11	37.279200
11	35.616000
11	19.202400
11	37.077600
11	20.512800
11	26.560800
11	28.123200
11	32.289600
11	26.796000
11	33.129600
11	32.474400
11	13.272000
11	51.374400
11	14.565600
11	41.748000
11	37.430400
11	28.072800
11	34.893600
11	26.930400
11	20.731200
11	7.240800
11	26.577600
11	30.777600
11	18.664800
11	34.171200
11	15.876000
11	11.121600
11	24.696000
11	29.047200
11	21.470400
11	20.630400
11	30.038400
11	31.046400
11	21.268800
11	24.847200
11	27.720000
11	33.062400
11	14.313600
11	41.260800
11	20.630400
11	19.219200
11	37.144800
11	6.904800
11	21.016800
11	16.212000
11	16.934400
11	29.601600
11	21.302400
11	46.216800
11	30.055200
11	35.162400
11	30.408000
11	37.396800
11	38.707200
11	22.764000
11	32.256000
11	41.143200
11	19.101600
11	22.176000
11	31.046400
11	19.387200
11	22.478400
11	13.977600
11	24.494400
11	39.026400
11	19.588800
13	21.789600
13	32.709600
13	15.288000
13	40.068000
13	32.608800
13	21.386400
13	29.618400
13	41.916000
13	40.656000
13	30.912000
13	40.185600
13	40.336800
13	41.412000
13	49.812000
13	20.160000
13	9.475200
13	34.137600
13	58.329600
13	31.466400
13	39.480000
13	34.826400
13	26.762400
13	36.237600
13	30.357600
13	29.013600
13	35.112000
13	32.306400
13	60.026400
13	25.233600
13	17.236800
13	38.455200
13	33.600000
13	36.288000
13	25.771200
13	27.904800
13	25.032000
13	27.888000
13	28.509600
13	43.780800
13	10.315200
13	31.701600
13	32.289600
13	39.816000
13	38.572800
13	17.253600
13	24.813600
13	18.446400
13	23.856000
13	28.862400
13	24.595200
13	20.714400
13	22.848000
13	16.296000
13	44.553600
13	13.708800
13	17.724000
13	26.863200
13	13.658400
13	26.258400
13	35.044800
13	45.108000
13	23.772000
13	27.048000
13	35.834400
13	17.455200
13	41.580000
13	38.018400
13	28.408800
13	40.068000
13	22.848000
13	26.846400
13	34.020000
13	49.828800
13	29.349600
13	42.806400
13	19.521600
13	38.556000
13	35.515200
13	36.892800
13	29.148000
13	28.996800
13	18.849600
13	21.621600
13	33.314400
13	20.260800
13	20.395200
13	11.474400
13	15.976800
13	40.353600
13	32.138400
13	21.772800
13	40.202400
13	33.885600
13	26.880000
13	14.784000
13	25.720800
13	39.076800
13	34.608000
13	42.050400
13	32.155200
15	40.908000
15	26.863200
15	24.511200
15	39.698400
15	34.843200
15	25.536000
15	26.426400
15	20.244000
15	22.108800
15	41.445600
15	35.700000
15	36.624000
15	27.451200
15	42.688800
15	10.668000
15	23.335200
15	41.932800
15	37.548000
15	28.476000
15	42.050400
15	27.518400
15	25.586400
15	38.707200
15	22.260000
15	36.792000
15	25.048800
15	34.776000
15	18.984000
15	42.201600
15	18.312000
15	31.836000
15	56.263200
15	27.367200
15	32.222400
15	50.416800
15	26.493600
15	15.489600
15	47.712000
15	35.112000
15	21.067200
15	12.902400
15	29.820000
15	28.358400
15	32.793600
15	33.415200
15	47.796000
15	34.776000
15	36.321600
15	29.971200
15	26.308800
15	45.662400
15	25.788000
15	34.876800
15	18.396000
15	46.754400
15	18.228000
15	19.336800
15	40.773600
15	30.223200
15	30.828000
15	31.231200
15	17.757600
15	26.712000
15	41.059200
15	30.357600
15	46.284000
15	18.261600
15	26.157600
15	48.249600
15	36.254400
15	23.990400
15	11.760000
15	46.888800
15	43.276800
15	49.996800
15	27.619200
15	24.024000
15	20.966400
15	29.097600
15	42.336000
15	16.094400
15	43.881600
15	25.905600
15	31.096800
15	31.264800
15	29.450400
15	22.310400
15	16.262400
15	48.955200
15	35.028000
15	23.234400
15	40.555200
15	35.498400
15	30.189600
15	25.132800
15	24.494400
15	26.460000
15	52.953600
15	17.169600
15	32.642400
17	40.353600
17	28.156800
17	37.816800
17	43.629600
17	22.932000
17	38.068800
17	37.917600
17	37.010400
17	28.778400
17	29.299200
17	39.832800
17	27.787200
17	32.138400
17	19.420800
17	15.439200
17	31.046400
17	20.899200
17	26.947200
17	40.118400
17	25.485600
17	23.368800
17	36.170400
17	27.182400
17	25.200000
17	49.812000
17	8.870400
17	48.014400
17	31.332000
17	19.437600
17	42.772800
17	31.281600
17	43.680000
17	73.735200
17	41.680800
17	29.803200
17	18.228000
17	25.720800
17	18.496800
17	9.525600
17	41.949600
17	19.118400
17	30.828000
17	23.671200
17	40.135200
17	29.685600
17	63.924000
17	25.334400
17	22.814400
17	30.424800
17	39.564000
17	48.249600
17	19.118400
17	31.920000
17	34.944000
17	29.400000
17	49.627200
17	47.913600
17	42.386400
17	31.080000
17	33.700800
17	25.586400
17	50.752800
17	11.138400
17	50.551200
17	27.837600
17	34.171200
17	21.352800
17	18.681600
17	36.523200
17	27.619200
17	39.446400
17	25.250400
17	27.837600
17	22.982400
17	30.962400
17	57.321600
17	27.871200
17	12.700800
17	35.868000
17	11.793600
17	36.170400
17	24.444000
17	29.937600
17	23.116800
17	31.130400
17	43.159200
17	17.169600
17	38.421600
17	19.336800
17	26.073600
17	39.412800
17	49.526400
17	20.428800
17	42.235200
17	30.324000
17	18.933600
17	25.989600
17	15.657600
17	33.885600
17	14.011200
19	34.372800
19	36.607200
19	34.204800
19	35.364000
19	56.868000
19	29.820000
19	26.460000
19	38.186400
19	51.525600
19	45.410400
19	39.043200
19	33.230400
19	37.144800
19	32.743200
19	18.312000
19	21.940800
19	49.996800
19	44.335200
19	32.877600
19	27.316800
19	31.785600
19	18.916800
19	2.520000
19	46.569600
19	42.655200
19	48.064800
19	22.864800
19	20.143200
19	10.668000
19	40.152000
19	27.300000
19	27.804000
19	27.064800
19	41.042400
19	31.701600
19	39.043200
19	40.404000
19	16.984800
19	50.097600
19	34.809600
19	36.036000
19	35.548800
19	36.019200
19	25.720800
19	35.548800
19	49.610400
19	35.028000
19	34.608000
19	34.574400
19	27.148800
19	43.495200
19	29.164800
19	25.905600
19	41.076000
19	22.898400
19	12.969600
19	27.568800
19	40.723200
19	33.868800
19	28.912800
19	24.410400
19	45.024000
19	27.031200
19	43.747200
19	35.515200
19	31.651200
19	14.280000
19	30.475200
19	33.482400
19	38.270400
19	35.330400
19	36.019200
19	37.682400
19	57.993600
19	43.999200
19	44.268000
19	27.232800
19	15.523200
19	17.925600
19	10.466400
19	55.574400
19	24.628800
19	37.615200
19	43.478400
19	32.222400
19	22.125600
19	33.902400
19	20.697600
19	8.551200
19	48.316800
19	25.216800
19	38.640000
19	28.795200
19	34.255200
19	17.841600
19	22.696800
19	41.025600
19	52.735200
19	52.180800
19	29.752800
21	27.518400
21	23.721600
21	43.680000
21	35.145600
21	4.603200
21	31.248000
21	26.997600
21	39.463200
21	33.633600
21	30.861600
21	29.836800
21	26.023200
21	22.663200
21	29.232000
21	18.261600
21	24.208800
21	19.840800
21	42.890400
21	42.268800
21	41.512800
21	42.571200
21	36.506400
21	43.495200
21	37.329600
21	38.136000
21	29.198400
21	30.828000
21	29.450400
21	30.290400
21	26.896800
21	15.590400
21	45.544800
21	39.429600
21	31.584000
21	33.028800
21	31.382400
21	40.706400
21	32.911200
21	41.260800
21	5.174400
21	42.252000
21	32.071200
21	19.336800
21	30.088800
21	25.065600
21	33.012000
21	38.371200
21	42.537600
21	40.034400
21	44.167200
21	21.151200
21	25.132800
21	35.128800
21	50.332800
21	30.492000
21	52.063200
21	17.085600
21	38.186400
21	22.159200
21	35.498400
21	26.376000
21	36.640800
21	45.192000
21	41.815200
21	33.129600
21	24.326400
21	28.980000
21	21.420000
21	46.048800
21	11.877600
21	63.268800
21	30.844800
21	16.178400
21	46.452000
21	39.328800
21	19.084800
21	34.860000
21	42.940800
21	35.632800
21	38.438400
21	31.483200
21	32.524800
21	25.872000
21	27.904800
21	72.307200
21	39.194400
21	19.639200
21	41.210400
21	20.042400
21	28.526400
21	36.909600
21	50.484000
21	44.234400
21	15.640800
21	26.544000
21	22.579200
21	55.507200
21	30.374400
21	6.384000
21	43.780800
23	23.671200
23	57.506400
23	26.880000
23	28.812000
23	36.036000
23	28.996800
23	24.208800
23	54.684000
23	49.761600
23	38.438400
23	23.688000
23	31.012800
23	39.345600
23	50.601600
23	10.214400
23	25.788000
23	40.488000
23	36.204000
23	32.104800
23	38.942400
23	37.766400
23	20.932800
23	38.472000
23	38.589600
23	40.135200
23	48.031200
23	37.732800
23	35.868000
23	22.730400
23	18.564000
23	39.715200
23	27.585600
23	29.887200
23	19.017600
23	15.019200
23	33.012000
23	26.980800
23	25.200000
23	37.699200
23	44.839200
23	11.440800
23	25.048800
23	69.988800
23	27.081600
23	50.248800
23	45.057600
23	32.928000
23	31.836000
23	29.299200
23	26.796000
23	46.720800
23	15.540000
23	33.919200
23	22.428000
23	8.467200
23	24.225600
23	47.325600
23	22.982400
23	32.911200
23	23.419200
23	28.324800
23	25.435200
23	18.984000
23	48.014400
23	46.720800
23	10.987200
23	27.703200
23	46.015200
23	34.137600
23	60.463200
23	34.272000
23	29.937600
23	26.779200
23	42.588000
23	40.236000
23	24.847200
23	33.196800
23	35.078400
23	29.719200
23	40.908000
23	35.011200
23	30.223200
23	58.800000
23	28.946400
23	36.556800
23	33.096000
23	43.982400
23	30.223200
23	43.125600
23	35.918400
23	21.369600
23	26.292000
23	27.014400
23	26.930400
23	38.572800
23	52.600800
23	51.609600
23	35.330400
23	27.972000
23	27.283200
25	28.862400
25	25.552800
25	44.721600
25	18.328800
25	25.956000
25	33.919200
25	48.921600
25	52.382400
25	60.093600
25	41.025600
25	28.711200
25	28.056000
25	35.414400
25	56.649600
25	35.767200
25	40.790400
25	14.061600
25	30.576000
25	31.298400
25	19.840800
25	35.061600
25	41.630400
25	38.455200
25	46.502400
25	26.745600
25	35.044800
25	34.154400
25	20.882400
25	32.541600
25	21.000000
25	26.006400
25	42.117600
25	44.688000
25	12.768000
25	26.157600
25	38.875200
25	12.868800
25	32.877600
25	53.508000
25	40.000800
25	41.932800
25	16.212000
25	20.664000
25	24.964800
25	33.129600
25	28.291200
25	30.122400
25	20.496000
25	39.396000
25	25.183200
25	35.431200
25	10.080000
25	40.135200
25	27.400800
25	24.544800
25	25.636800
25	59.572800
25	27.972000
25	31.046400
25	30.340800
25	39.765600
25	29.652000
25	29.870400
25	30.996000
25	29.500800
25	18.916800
25	34.557600
25	28.408800
25	46.401600
25	27.619200
25	26.376000
25	28.106400
25	44.990400
25	43.680000
25	40.336800
25	29.433600
25	21.638400
25	15.674400
25	20.210400
25	25.149600
25	33.986400
25	42.856800
25	31.617600
25	37.195200
25	37.632000
25	15.640800
25	46.351200
25	58.514400
25	51.122400
25	59.606400
25	28.257600
25	34.440000
25	27.048000
25	32.037600
25	31.315200
25	18.849600
25	17.690400
25	43.360800
25	28.996800
25	42.924000
27	36.960000
27	27.619200
27	32.877600
27	37.144800
27	33.314400
27	37.665600
27	20.848800
27	40.908000
27	46.788000
27	36.304800
27	24.410400
27	66.830400
27	29.954400
27	40.992000
27	23.788800
27	42.940800
27	49.442400
27	32.793600
27	32.289600
27	33.146400
27	30.458400
27	49.778400
27	30.240000
27	70.711200
27	12.465600
27	31.768800
27	38.976000
27	19.336800
27	23.284800
27	47.308800
27	36.288000
27	24.679200
27	28.291200
27	42.772800
27	50.870400
27	11.457600
27	13.960800
27	26.392800
27	24.830400
27	48.988800
27	41.899200
27	42.756000
27	37.195200
27	45.360000
27	53.608800
27	41.176800
27	24.880800
27	29.080800
27	24.192000
27	35.800800
27	41.882400
27	56.162400
27	38.169600
27	55.104000
27	34.742400
27	48.132000
27	11.541600
27	27.132000
27	33.482400
27	26.376000
27	7.795200
27	21.638400
27	28.257600
27	54.196800
27	35.884800
27	15.724800
27	55.977600
27	59.757600
27	64.629600
27	40.840800
27	35.918400
27	30.928800
27	30.240000
27	19.941600
27	28.341600
27	36.808800
27	41.126400
27	41.395200
27	31.113600
27	24.813600
27	30.088800
27	33.583200
27	28.392000
27	34.692000
27	36.724800
27	40.958400
27	43.881600
27	23.788800
27	41.949600
27	47.140800
27	37.934400
27	30.895200
27	23.284800
27	29.719200
27	21.252000
27	23.637600
27	34.053600
27	23.520000
27	38.673600
27	37.480800
29	27.216000
29	38.371200
29	23.301600
29	29.080800
29	37.128000
29	28.291200
29	46.183200
29	41.949600
29	46.384800
29	40.202400
29	10.634400
29	28.022400
29	55.087200
29	16.648800
29	13.188000
29	30.861600
29	23.805600
29	26.073600
29	34.893600
29	53.020800
29	22.310400
29	31.466400
29	42.856800
29	25.972800
29	37.111200
29	37.363200
29	22.478400
29	30.508800
29	31.516800
29	34.423200
29	39.849600
29	38.606400
29	21.537600
29	27.568800
29	24.662400
29	49.795200
29	35.750400
29	23.637600
29	39.480000
29	36.741600
29	28.190400
29	39.614400
29	42.907200
29	31.432800
29	17.925600
29	33.633600
29	43.629600
29	50.853600
29	21.369600
29	40.588800
29	53.155200
29	39.480000
29	31.920000
29	26.510400
29	24.444000
29	17.959200
29	28.946400
29	27.753600
29	40.420800
29	32.440800
29	22.562400
29	14.968800
29	52.617600
29	43.730400
29	42.974400
29	37.077600
29	54.952800
29	30.105600
29	49.509600
29	25.200000
29	43.831200
29	30.945600
29	43.008000
29	17.304000
29	29.484000
29	52.298400
29	68.745600
29	34.053600
29	24.830400
29	40.857600
29	33.196800
29	33.801600
29	15.103200
29	40.807200
29	23.704800
29	36.103200
29	22.780800
29	24.628800
29	25.754400
29	37.867200
29	11.356800
29	28.072800
29	31.718400
29	41.512800
29	25.116000
29	56.095200
29	39.463200
29	47.040000
29	29.870400
29	30.592800
30	33.650400
30	30.256800
30	40.958400
30	26.980800
30	43.948800
30	19.790400
30	34.759200
30	55.608000
30	47.829600
30	30.794400
30	28.039200
30	8.803200
30	29.820000
30	34.675200
30	50.484000
30	37.749600
30	36.909600
30	38.186400
30	34.608000
30	46.048800
30	26.275200
30	15.691200
30	22.814400
30	17.119200
30	67.636800
30	32.390400
30	33.348000
30	20.899200
30	45.830400
30	39.715200
30	23.604000
30	34.792800
30	47.460000
30	43.327200
30	26.157600
30	17.455200
30	29.937600
30	50.517600
30	27.132000
30	52.315200
30	46.284000
30	23.049600
30	28.089600
30	53.642400
30	31.130400
30	37.161600
30	24.192000
30	43.713600
30	31.584000
30	37.279200
30	19.454400
30	20.277600
30	36.321600
30	20.932800
30	33.331200
30	41.361600
30	24.141600
30	22.680000
30	18.698400
30	27.669600
30	31.466400
30	32.558400
30	15.741600
30	30.844800
30	40.723200
30	35.448000
30	45.544800
30	52.869600
30	24.208800
30	40.504800
30	35.330400
30	33.247200
30	41.647200
30	17.488800
30	28.509600
30	40.000800
30	29.332800
30	41.210400
30	32.306400
30	35.733600
30	22.260000
30	50.618400
30	37.380000
30	47.762400
30	51.055200
30	35.229600
30	23.654400
30	33.482400
30	21.638400
30	57.775200
30	43.092000
30	54.784800
30	34.826400
30	32.138400
30	22.730400
30	50.568000
30	18.900000
30	49.996800
30	26.896800
30	38.707200
