1	2.906400
1	3.746400
1	1.495200
1	0.403200
1	0.672000
1	1.629600
1	5.913600
1	2.184000
1	6.535200
1	0.789600
1	7.056000
1	0.000000
1	1.562400
1	6.820800
1	0.705600
1	2.889600
1	8.618400
1	4.065600
1	4.569600
1	3.595200
1	3.124800
1	4.032000
1	8.030400
1	0.571200
1	9.945600
1	8.668800
1	3.998400
1	0.302400
1	4.804800
1	3.040800
1	2.973600
1	0.504000
1	0.000000
1	7.089600
1	1.092000
1	6.031200
1	9.676800
1	0.604800
1	5.460000
1	2.805600
1	3.914400
1	6.535200
1	4.368000
1	2.721600
1	3.208800
1	6.736800
1	7.156800
1	7.744800
1	8.013600
1	4.821600
1	3.444000
1	1.528800
1	2.906400
1	0.000000
1	6.568800
1	2.133600
1	3.309600
1	5.325600
1	3.914400
1	2.452800
1	3.444000
1	2.772000
1	0.000000
1	0.000000
1	0.033600
1	2.553600
1	5.577600
1	8.131200
1	4.586400
1	2.335200
1	6.988800
1	2.352000
1	3.427200
1	5.409600
1	0.386400
1	3.494400
1	8.282400
1	1.663200
1	1.192800
1	0.000000
1	0.000000
1	7.812000
1	5.476800
1	8.047200
1	0.554400
1	0.000000
1	1.260000
1	6.165600
1	2.654400
1	7.862400
1	5.174400
1	0.000000
1	2.520000
1	2.671200
1	6.148800
1	1.579200
1	9.777600
1	4.418400
1	8.265600
1	4.670400
3	6.199200
3	11.961600
3	13.255200
3	4.166400
3	13.070400
3	15.187200
3	11.239200
3	5.426400
3	9.828000
3	14.868000
3	15.372000
3	14.145600
3	4.132800
3	19.303200
3	11.104800
3	5.762400
3	4.183200
3	17.052000
3	11.491200
3	16.279200
3	12.986400
3	21.470400
3	6.182400
3	13.557600
3	14.935200
3	10.970400
3	6.921600
3	3.780000
3	12.952800
3	14.061600
3	10.248000
3	12.247200
3	16.363200
3	15.691200
3	17.640000
3	8.668800
3	13.087200
3	22.747200
3	6.938400
3	4.536000
3	6.720000
3	24.040800
3	6.770400
3	3.914400
3	5.846400
3	14.532000
3	21.806400
3	11.424000
3	13.154400
3	20.529600
3	13.255200
3	13.876800
3	8.904000
3	11.121600
3	4.468800
3	8.282400
3	11.558400
3	12.566400
3	8.450400
3	17.522400
3	8.433600
3	13.440000
3	10.718400
3	16.396800
3	16.615200
3	18.396000
3	5.779200
3	10.701600
3	14.280000
3	15.120000
3	9.357600
3	11.911200
3	8.265600
3	16.262400
3	6.753600
3	18.026400
3	11.172000
3	3.276000
3	8.836800
3	7.442400
3	4.519200
3	14.095200
3	23.486400
3	10.130400
3	14.666400
3	4.922400
3	7.459200
3	6.048000
3	11.676000
3	6.484800
3	9.441600
3	10.113600
3	15.892800
3	5.829600
3	17.488800
3	15.758400
3	14.918400
3	6.736800
3	7.896000
3	11.944800
5	9.273600
5	9.105600
5	16.934400
5	26.964000
5	16.346400
5	15.792000
5	26.342400
5	17.186400
5	19.656000
5	26.308800
5	16.329600
5	13.456800
5	30.542400
5	15.943200
5	23.805600
5	12.566400
5	19.353600
5	17.018400
5	8.668800
5	25.032000
5	16.732800
5	9.357600
5	14.313600
5	19.504800
5	27.568800
5	17.875200
5	18.832800
5	11.827200
5	16.329600
5	21.050400
5	24.897600
5	19.017600
5	19.034400
5	3.528000
5	4.804800
5	7.711200
5	22.075200
5	25.267200
5	10.012800
5	17.136000
5	23.049600
5	15.775200
5	17.152800
5	24.376800
5	15.926400
5	16.380000
5	18.480000
5	20.092800
5	15.607200
5	20.143200
5	15.372000
5	18.160800
5	9.828000
5	25.804800
5	27.182400
5	19.807200
5	26.308800
5	27.871200
5	10.920000
5	6.249600
5	13.557600
5	23.184000
5	24.712800
5	21.117600
5	27.636000
5	10.668000
5	14.565600
5	21.504000
5	10.500000
5	13.557600
5	15.506400
5	11.340000
5	22.680000
5	13.759200
5	19.740000
5	20.496000
5	21.033600
5	23.788800
5	21.268800
5	18.631200
5	19.051200
5	17.892000
5	13.977600
5	21.856800
5	18.614400
5	18.060000
5	13.876800
5	24.578400
5	10.768800
5	19.740000
5	8.568000
5	7.459200
5	15.405600
5	15.943200
5	29.097600
5	20.176800
5	12.112800
5	18.244800
5	19.303200
5	21.856800
7	19.807200
7	29.584800
7	23.452800
7	22.192800
7	21.537600
7	18.278400
7	29.064000
7	15.304800
7	38.606400
7	30.424800
7	38.304000
7	15.019200
7	33.062400
7	15.573600
7	20.647200
7	30.928800
7	31.248000
7	31.584000
7	19.588800
7	25.972800
7	31.365600
7	24.108000
7	15.237600
7	16.380000
7	20.126400
7	17.774400
7	17.757600
7	29.433600
7	19.723200
7	35.884800
7	33.835200
7	29.736000
7	19.219200
7	27.064800
7	32.088000
7	24.528000
7	24.444000
7	24.040800
7	15.489600
7	33.667200
7	34.053600
7	23.587200
7	20.462400
7	30.088800
7	16.548000
7	19.101600
7	30.676800
7	14.935200
7	17.724000
7	17.656800
7	17.236800
7	27.888000
7	17.640000
7	24.175200
7	18.144000
7	29.013600
7	19.706400
7	33.667200
7	15.271200
7	22.713600
7	18.295200
7	20.529600
7	29.097600
7	19.891200
7	24.208800
7	20.244000
7	31.029600
7	20.512800
7	29.164800
7	20.328000
7	13.238400
7	25.418400
7	31.096800
7	19.488000
7	21.134400
7	21.655200
7	39.446400
7	18.312000
7	20.815200
7	14.078400
7	23.906400
7	35.700000
7	13.137600
7	21.621600
7	31.987200
7	19.924800
7	34.507200
7	10.701600
7	8.366400
7	32.037600
7	18.984000
7	29.635200
7	29.551200
7	26.023200
7	13.809600
7	27.804000
7	33.566400
7	12.986400
7	12.314400
7	26.779200
9	20.882400
9	32.306400
9	16.615200
9	42.050400
9	20.731200
9	19.807200
9	11.894400
9	27.837600
9	41.764800
9	34.591200
9	32.121600
9	24.091200
9	38.337600
9	28.946400
9	30.576000
9	35.683200
9	42.134400
9	23.032800
9	29.904000
9	16.396800
9	25.939200
9	22.562400
9	25.384800
9	38.556000
9	39.429600
9	16.968000
9	24.897600
9	33.264000
9	26.174400
9	29.803200
9	34.843200
9	6.400800
9	15.220800
9	28.324800
9	27.720000
9	24.813600
9	31.432800
9	34.288800
9	37.833600
9	21.302400
9	12.852000
9	39.648000
9	26.056800
9	31.718400
9	43.276800
9	25.536000
9	32.289600
9	42.235200
9	12.616800
9	33.448800
9	22.478400
9	22.680000
9	31.869600
9	31.651200
9	15.993600
9	26.913600
9	42.420000
9	40.017600
9	31.046400
9	16.800000
9	16.833600
9	23.217600
9	40.992000
9	16.044000
9	25.569600
9	22.260000
9	23.100000
9	38.488800
9	30.256800
9	42.302400
9	27.283200
9	26.443200
9	19.605600
9	24.897600
9	33.180000
9	28.896000
9	16.968000
9	31.298400
9	37.531200
9	30.458400
9	32.709600
9	28.492800
9	23.688000
9	33.868800
9	27.367200
9	27.736800
9	25.216800
9	40.639200
9	25.116000
9	22.915200
9	21.386400
9	24.931200
9	26.308800
9	31.533600
9	26.292000
9	26.275200
9	25.317600
9	38.287200
9	34.557600
9	34.792800
11	20.815200
11	13.473600
11	20.412000
11	33.650400
11	57.136800
11	24.141600
11	24.897600
11	28.476000
11	41.160000
11	23.940000
11	40.437600
11	17.354400
11	22.008000
11	8.383200
11	33.667200
11	25.821600
11	21.705600
11	38.824800
11	27.048000
11	17.102400
11	15.926400
11	36.372000
11	24.847200
11	39.429600
11	22.948800
11	33.650400
11	24.511200
11	47.308800
11	28.677600
11	28.761600
11	23.704800
11	39.748800
11	20.227200
11	26.107200
11	33.868800
11	27.199200
11	43.360800
11	32.810400
11	48.148800
11	44.335200
11	17.169600
11	35.212800
11	16.212000
11	30.912000
11	31.248000
11	38.371200
11	25.536000
11	22.545600
11	22.142400
11	14.901600
11	30.693600
11	33.818400
11	42.453600
11	25.670400
11	24.645600
11	14.901600
11	51.962400
11	32.390400
11	31.113600
11	38.640000
11	32.373600
11	34.994400
11	30.004800
11	34.272000
11	31.130400
11	29.097600
11	41.529600
11	13.944000
11	43.848000
11	26.728800
11	38.337600
11	35.431200
11	27.585600
11	20.664000
11	35.733600
11	40.437600
11	26.409600
11	22.596000
11	37.480800
11	48.048000
11	20.764800
11	27.115200
11	25.771200
11	24.662400
11	27.182400
11	41.512800
11	34.490400
11	28.274400
11	45.628800
11	12.919200
11	30.525600
11	15.708000
11	23.553600
11	52.231200
11	28.089600
11	29.517600
11	16.077600
11	33.516000
11	33.818400
11	24.427200
13	35.162400
13	21.655200
13	36.775200
13	20.496000
13	25.032000
13	42.016800
13	24.511200
13	34.120800
13	27.602400
13	36.036000
13	46.502400
13	29.400000
13	31.701600
13	23.637600
13	20.580000
13	31.684800
13	21.000000
13	32.995200
13	47.560800
13	31.231200
13	35.901600
13	12.213600
13	34.305600
13	18.160800
13	30.458400
13	39.429600
13	35.548800
13	37.245600
13	27.736800
13	21.453600
13	21.168000
13	23.536800
13	18.597600
13	24.024000
13	10.029600
13	32.625600
13	31.819200
13	38.354400
13	30.240000
13	23.805600
13	29.433600
13	39.429600
13	35.112000
13	30.374400
13	25.435200
13	29.282400
13	54.868800
13	34.927200
13	24.914400
13	41.042400
13	38.488800
13	35.448000
13	32.709600
13	25.200000
13	30.861600
13	12.465600
13	29.265600
13	50.534400
13	20.664000
13	40.790400
13	42.134400
13	29.752800
13	44.016000
13	20.630400
13	34.893600
13	18.093600
13	18.211200
13	40.152000
13	38.522400
13	39.127200
13	42.823200
13	28.392000
13	32.037600
13	38.606400
13	31.432800
13	46.418400
13	39.312000
13	58.060800
13	37.447200
13	56.347200
13	28.140000
13	28.845600
13	35.582400
13	38.757600
13	38.052000
13	53.524800
13	27.652800
13	40.336800
13	21.588000
13	46.905600
13	37.682400
13	31.063200
13	44.772000
13	25.015200
13	32.289600
13	53.692800
13	34.221600
13	29.131200
13	15.892800
13	29.282400
15	27.014400
15	31.029600
15	33.784800
15	31.516800
15	5.275200
15	52.651200
15	42.084000
15	43.579200
15	6.686400
15	32.188800
15	21.151200
15	62.932800
15	45.393600
15	25.368000
15	37.161600
15	42.050400
15	49.744800
15	27.165600
15	27.720000
15	30.156000
15	33.784800
15	52.600800
15	17.119200
15	18.866400
15	38.707200
15	28.224000
15	21.672000
15	47.258400
15	26.762400
15	24.964800
15	34.927200
15	42.302400
15	16.884000
15	27.988800
15	61.286400
15	25.233600
15	41.983200
15	30.105600
15	13.641600
15	30.273600
15	35.985600
15	37.296000
15	42.940800
15	31.651200
15	19.488000
15	31.500000
15	15.086400
15	35.162400
15	46.536000
15	48.518400
15	25.636800
15	52.634400
15	33.566400
15	35.498400
15	36.892800
15	28.140000
15	23.956800
15	26.107200
15	47.056800
15	26.779200
15	33.062400
15	31.735200
15	11.155200
15	49.324800
15	30.172800
15	23.066400
15	27.417600
15	16.800000
15	49.980000
15	47.023200
15	41.445600
15	34.440000
15	34.473600
15	16.917600
15	36.657600
15	40.874400
15	29.769600
15	12.885600
15	35.330400
15	25.384800
15	32.524800
15	35.414400
15	41.731200
15	39.093600
15	36.204000
15	48.165600
15	61.420800
15	54.667200
15	8.820000
15	34.423200
15	24.444000
15	36.926400
15	47.124000
15	28.072800
15	20.798400
15	29.635200
15	31.197600
15	13.490400
15	41.647200
15	44.688000
17	32.860800
17	40.555200
17	50.064000
17	28.291200
17	23.973600
17	26.829600
17	22.512000
17	13.171200
17	18.530400
17	42.033600
17	18.026400
17	34.893600
17	46.636800
17	50.937600
17	42.924000
17	36.943200
17	31.617600
17	15.775200
17	11.491200
17	26.308800
17	30.676800
17	51.760800
17	31.432800
17	25.200000
17	39.832800
17	22.360800
17	39.312000
17	49.526400
17	54.650400
17	35.968800
17	32.911200
17	43.125600
17	24.645600
17	45.981600
17	39.748800
17	34.927200
17	25.334400
17	43.512000
17	39.984000
17	29.232000
17	33.230400
17	19.168800
17	24.326400
17	23.150400
17	18.480000
17	24.225600
17	26.409600
17	23.268000
17	37.648800
17	31.080000
17	35.532000
17	28.744800
17	31.432800
17	7.828800
17	22.562400
17	20.059200
17	29.668800
17	33.146400
17	16.732800
17	40.303200
17	57.372000
17	19.420800
17	36.624000
17	23.805600
17	49.778400
17	39.144000
17	29.131200
17	18.950400
17	35.196000
17	24.595200
17	45.376800
17	42.268800
17	30.559200
17	27.468000
17	19.572000
17	40.017600
17	34.641600
17	40.555200
17	37.464000
17	20.529600
17	45.175200
17	29.752800
17	26.796000
17	50.500800
17	34.456800
17	17.925600
17	36.792000
17	20.848800
17	43.260000
17	44.856000
17	46.435200
17	61.504800
17	31.248000
17	42.168000
17	24.427200
17	29.013600
17	37.447200
17	45.427200
17	49.543200
17	37.396800
19	29.332800
19	48.753600
19	34.356000
19	27.300000
19	25.401600
19	39.933600
19	46.989600
19	26.476800
19	28.408800
19	40.504800
19	43.898400
19	28.761600
19	19.891200
19	57.288000
19	21.554400
19	64.646400
19	33.331200
19	32.289600
19	34.624800
19	22.041600
19	30.189600
19	31.970400
19	23.839200
19	17.640000
19	41.613600
19	13.725600
19	30.861600
19	32.155200
19	42.604800
19	44.856000
19	46.519200
19	32.860800
19	34.154400
19	41.445600
19	29.534400
19	29.652000
19	30.105600
19	38.824800
19	45.192000
19	16.212000
19	29.803200
19	19.639200
19	32.894400
19	35.448000
19	20.983200
19	27.753600
19	61.756800
19	30.072000
19	50.400000
19	36.556800
19	57.472800
19	57.220800
19	32.726400
19	23.671200
19	36.271200
19	33.465600
19	33.398400
19	25.401600
19	36.657600
19	41.714400
19	37.548000
19	19.219200
19	30.441600
19	51.408000
19	33.717600
19	43.764000
19	24.259200
19	20.059200
19	38.018400
19	47.443200
19	36.573600
19	37.934400
19	34.591200
19	28.560000
19	49.576800
19	33.381600
19	33.684000
19	42.151200
19	51.811200
19	24.007200
19	29.030400
19	18.698400
19	52.701600
19	26.577600
19	29.030400
19	39.849600
19	25.620000
19	31.936800
19	35.784000
19	37.682400
19	41.966400
19	40.572000
19	18.244800
19	34.826400
19	25.838400
19	33.129600
19	27.165600
19	38.320800
19	16.413600
19	25.804800
21	36.657600
21	35.800800
21	18.513600
21	40.975200
21	24.292800
21	34.322400
21	46.317600
21	19.538400
21	32.188800
21	30.273600
21	24.948000
21	36.573600
21	16.128000
21	21.100800
21	16.833600
21	27.384000
21	29.450400
21	25.149600
21	33.986400
21	28.560000
21	39.211200
21	44.688000
21	17.186400
21	38.791200
21	41.462400
21	66.007200
21	41.462400
21	23.167200
21	50.215200
21	22.663200
21	37.615200
21	38.640000
21	36.691200
21	17.757600
21	36.842400
21	36.220800
21	49.660800
21	6.501600
21	28.828800
21	26.224800
21	35.330400
21	36.624000
21	29.467200
21	44.335200
21	37.716000
21	26.208000
21	35.414400
21	40.353600
21	17.858400
21	44.940000
21	56.968800
21	39.379200
21	26.124000
21	33.885600
21	20.479200
21	38.136000
21	28.778400
21	29.618400
21	35.481600
21	25.687200
21	23.839200
21	32.844000
21	34.221600
21	53.071200
21	38.337600
21	60.900000
21	47.913600
21	21.352800
21	15.674400
21	19.404000
21	29.971200
21	35.632800
21	29.870400
21	52.752000
21	32.205600
21	22.764000
21	30.878400
21	24.813600
21	48.132000
21	28.644000
21	22.982400
21	44.654400
21	15.976800
21	35.918400
21	40.219200
21	36.220800
21	34.944000
21	22.562400
21	19.101600
21	30.928800
21	27.787200
21	31.298400
21	33.801600
21	26.460000
21	16.195200
21	36.002400
21	38.472000
21	30.374400
21	37.396800
21	21.319200
23	40.252800
23	31.768800
23	26.493600
23	33.768000
23	45.208800
23	54.936000
23	22.596000
23	30.172800
23	28.156800
23	54.868800
23	21.235200
23	31.063200
23	34.204800
23	12.213600
23	36.792000
23	27.367200
23	26.308800
23	25.485600
23	44.116800
23	40.118400
23	19.135200
23	25.351200
23	42.940800
23	43.478400
23	29.232000
23	53.827200
23	11.978400
23	56.414400
23	51.777600
23	39.748800
23	31.903200
23	25.200000
23	29.013600
23	34.104000
23	32.104800
23	23.083200
23	30.105600
23	50.904000
23	36.741600
23	31.063200
23	39.261600
23	46.754400
23	38.942400
23	35.448000
23	30.172800
23	15.523200
23	29.853600
23	44.469600
23	46.166400
23	16.598400
23	35.800800
23	36.859200
23	38.690400
23	45.729600
23	20.445600
23	39.967200
23	33.096000
23	29.030400
23	26.174400
23	29.416800
23	35.263200
23	27.518400
23	20.512800
23	43.965600
23	36.103200
23	40.118400
23	20.748000
23	53.760000
23	20.983200
23	36.624000
23	34.053600
23	37.564800
23	21.789600
23	24.964800
23	35.868000
23	28.711200
23	41.042400
23	42.067200
23	53.558400
23	28.828800
23	28.912800
23	38.740800
23	51.609600
23	24.612000
23	48.988800
23	47.224800
23	27.854400
23	21.016800
23	56.229600
23	15.624000
23	11.037600
23	33.516000
23	37.329600
23	38.287200
23	37.245600
23	30.744000
23	21.168000
23	53.323200
23	11.726400
23	14.296800
25	31.684800
25	48.988800
25	57.892800
25	43.629600
25	25.922400
25	55.356000
25	25.771200
25	58.514400
25	35.952000
25	27.820800
25	22.024800
25	20.983200
25	41.899200
25	31.852800
25	45.141600
25	39.211200
25	20.630400
25	31.416000
25	35.565600
25	52.483200
25	25.418400
25	39.396000
25	27.031200
25	44.990400
25	28.274400
25	32.020800
25	39.530400
25	20.613600
25	33.717600
25	42.806400
25	28.862400
25	40.958400
25	45.679200
25	33.348000
25	49.610400
25	49.694400
25	34.204800
25	38.152800
25	36.372000
25	26.392800
25	37.413600
25	36.405600
25	49.291200
25	37.984800
25	34.020000
25	24.645600
25	36.607200
25	24.897600
25	39.211200
25	24.712800
25	37.884000
25	19.555200
25	45.511200
25	41.596800
25	43.327200
25	29.316000
25	30.861600
25	31.063200
25	42.873600
25	31.164000
25	32.457600
25	39.849600
25	35.733600
25	40.857600
25	47.224800
25	31.886400
25	23.923200
25	46.166400
25	23.436000
25	20.546400
25	34.104000
25	30.576000
25	40.992000
25	70.207200
25	40.924800
25	32.625600
25	49.896000
25	31.836000
25	45.830400
25	40.353600
25	36.069600
25	44.872800
25	37.850400
25	44.116800
25	24.444000
25	33.348000
25	38.304000
25	34.456800
25	56.716800
25	19.135200
25	47.073600
25	37.128000
25	32.222400
25	47.762400
25	42.201600
25	35.750400
25	30.156000
25	35.649600
25	32.020800
25	11.860800
27	34.960800
27	34.238400
27	38.488800
27	69.568800
27	42.050400
27	53.239200
27	34.860000
27	30.072000
27	30.240000
27	41.932800
27	46.233600
27	41.462400
27	23.335200
27	44.503200
27	43.797600
27	33.062400
27	42.386400
27	18.900000
27	33.280800
27	37.497600
27	35.599200
27	48.165600
27	26.157600
27	37.060800
27	11.071200
27	33.348000
27	61.538400
27	39.782400
27	11.289600
27	33.885600
27	52.164000
27	42.554400
27	27.820800
27	17.606400
27	28.039200
27	57.153600
27	43.058400
27	32.928000
27	36.237600
27	25.519200
27	32.054400
27	42.067200
27	55.960800
27	21.016800
27	34.272000
27	19.857600
27	40.958400
27	18.967200
27	31.970400
27	35.851200
27	29.635200
27	45.931200
27	27.804000
27	25.653600
27	33.448800
27	30.928800
27	42.403200
27	30.609600
27	36.556800
27	43.663200
27	30.290400
27	23.990400
27	33.616800
27	27.837600
27	41.899200
27	33.516000
27	32.642400
27	28.123200
27	49.476000
27	49.207200
27	43.377600
27	41.697600
27	40.471200
27	50.719200
27	56.162400
27	27.132000
27	26.342400
27	20.042400
27	25.401600
27	31.735200
27	58.077600
27	30.139200
27	25.485600
27	22.444800
27	30.290400
27	24.561600
27	37.716000
27	43.461600
27	25.905600
27	43.360800
27	42.739200
27	33.885600
27	38.858400
27	28.644000
27	56.834400
27	35.044800
27	36.540000
27	30.727200
27	31.164000
27	29.685600
29	30.844800
29	40.404000
29	26.628000
29	44.200800
29	43.344000
29	34.356000
29	34.356000
29	36.640800
29	36.254400
29	45.410400
29	51.760800
29	32.104800
29	44.486400
29	29.904000
29	19.135200
29	45.696000
29	20.731200
29	29.114400
29	41.109600
29	29.181600
29	36.859200
29	34.675200
29	52.500000
29	47.124000
29	33.885600
29	34.994400
29	55.809600
29	20.344800
29	48.148800
29	44.452800
29	29.265600
29	51.340800
29	48.266400
29	30.878400
29	56.481600
29	33.465600
29	43.848000
29	75.801600
29	13.036800
29	29.248800
29	24.410400
29	35.246400
29	26.443200
29	14.095200
29	49.358400
29	31.718400
29	45.376800
29	41.613600
29	31.802400
29	43.192800
29	30.408000
29	24.897600
29	46.099200
29	26.006400
29	47.896800
29	19.152000
29	50.316000
29	31.214400
29	12.180000
29	38.388000
29	26.124000
29	56.548800
29	30.878400
29	24.544800
29	30.038400
29	33.902400
29	33.667200
29	18.967200
29	29.668800
29	39.732000
29	26.443200
29	27.988800
29	35.347200
29	21.084000
29	45.628800
29	15.069600
29	53.944800
29	42.588000
29	43.293600
29	40.051200
29	27.703200
29	45.780000
29	17.287200
29	27.333600
29	32.793600
29	35.884800
29	30.189600
29	40.908000
29	62.916000
29	48.535200
29	37.464000
29	45.645600
29	39.933600
29	46.586400
29	37.396800
29	33.448800
29	22.596000
29	21.621600
29	22.881600
29	45.948000
30	31.903200
30	16.632000
30	21.504000
30	25.888800
30	24.057600
30	26.880000
30	45.578400
30	14.666400
30	58.514400
30	62.596800
30	40.605600
30	43.646400
30	47.745600
30	47.930400
30	46.620000
30	27.888000
30	23.268000
30	51.643200
30	40.370400
30	35.649600
30	46.468800
30	45.259200
30	39.748800
30	31.231200
30	38.959200
30	26.728800
30	29.484000
30	27.804000
30	25.065600
30	26.208000
30	57.086400
30	52.752000
30	38.892000
30	45.780000
30	30.105600
30	21.688800
30	29.383200
30	22.713600
30	29.534400
30	51.004800
30	35.380800
30	32.776800
30	28.509600
30	16.245600
30	59.018400
30	34.137600
30	34.272000
30	28.257600
30	38.388000
30	38.438400
30	52.735200
30	36.439200
30	37.598400
30	28.039200
30	26.493600
30	33.700800
30	18.564000
30	27.988800
30	28.005600
30	38.925600
30	29.248800
30	63.084000
30	52.399200
30	40.185600
30	21.705600
30	52.869600
30	22.579200
30	34.675200
30	37.262400
30	30.206400
30	45.645600
30	45.729600
30	34.843200
30	36.036000
30	47.661600
30	37.380000
30	30.928800
30	51.004800
30	29.853600
30	58.245600
30	29.820000
30	34.809600
30	28.291200
30	31.701600
30	23.721600
30	32.289600
30	34.675200
30	36.993600
30	50.920800
30	29.988000
30	41.680800
30	30.206400
30	48.031200
30	35.196000
30	48.736800
30	39.967200
30	31.768800
30	30.626400
30	51.996000
30	38.589600
