1	0.672000
1	0.000000
1	0.554400
1	0.151200
1	0.000000
1	7.173600
1	4.452000
1	3.746400
1	0.000000
1	0.285600
1	0.000000
1	9.340800
1	5.695200
1	0.924000
1	7.879200
1	3.326400
1	6.804000
1	0.000000
1	2.335200
1	0.000000
1	1.948800
1	2.167200
1	4.435200
1	6.686400
1	2.184000
1	1.276800
1	2.032800
1	6.804000
1	4.166400
1	0.000000
1	4.166400
1	1.327200
1	4.720800
1	9.609600
1	4.317600
1	0.000000
1	9.643200
1	7.425600
1	2.200800
1	0.604800
1	6.031200
1	1.713600
1	0.000000
1	9.744000
1	0.940800
1	0.487200
1	4.636800
1	3.124800
1	2.016000
1	2.318400
1	1.226400
1	0.823200
1	0.000000
1	7.022400
1	7.644000
1	2.150400
1	0.000000
1	3.645600
1	8.232000
1	1.478400
1	3.343200
1	5.510400
1	1.243200
1	5.376000
1	5.947200
1	6.652800
1	0.000000
1	9.206400
1	0.840000
1	3.696000
1	4.267200
1	0.789600
1	0.050400
1	6.602400
1	0.000000
1	4.032000
1	5.006400
1	5.678400
1	0.000000
1	3.343200
1	2.755200
1	0.000000
1	0.000000
1	4.032000
1	0.789600
1	7.224000
1	1.512000
1	7.341600
1	3.662400
1	3.847200
1	9.458400
1	0.000000
1	0.000000
1	6.468000
1	6.384000
1	0.588000
1	0.000000
1	4.418400
1	3.813600
1	5.460000
3	6.434400
3	9.777600
3	18.782400
3	14.817600
3	4.166400
3	17.623200
3	8.030400
3	7.022400
3	10.197600
3	8.904000
3	4.636800
3	11.407200
3	6.770400
3	14.868000
3	15.993600
3	2.520000
3	17.152800
3	15.422400
3	13.473600
3	15.808800
3	10.953600
3	14.498400
3	9.088800
3	5.308800
3	8.332800
3	8.467200
3	5.040000
3	11.625600
3	9.794400
3	10.113600
3	1.528800
3	0.554400
3	16.833600
3	3.292800
3	9.525600
3	10.516800
3	13.876800
3	20.832000
3	10.920000
3	1.058400
3	9.559200
3	10.802400
3	5.980800
3	6.669600
3	11.793600
3	3.460800
3	16.766400
3	7.610400
3	0.168000
3	15.456000
3	18.228000
3	14.263200
3	5.628000
3	15.254400
3	5.712000
3	9.055200
3	12.952800
3	2.956800
3	8.635200
3	12.432000
3	4.032000
3	10.399200
3	3.998400
3	4.788000
3	7.677600
3	8.685600
3	13.087200
3	12.213600
3	16.413600
3	10.533600
3	10.752000
3	11.524800
3	12.516000
3	4.603200
3	21.554400
3	13.725600
3	16.296000
3	11.860800
3	4.972800
3	6.585600
3	9.122400
3	12.314400
3	6.720000
3	1.646400
3	6.249600
3	8.030400
3	10.264800
3	4.502400
3	12.936000
3	7.392000
3	7.828800
3	13.036800
3	7.425600
3	8.148000
3	11.424000
3	13.255200
3	11.978400
3	6.501600
3	1.864800
3	1.478400
5	4.334400
5	6.820800
5	12.280800
5	19.588800
5	7.627200
5	24.242400
5	30.408000
5	6.921600
5	13.860000
5	18.278400
5	17.052000
5	21.873600
5	11.138400
5	22.176000
5	12.062400
5	11.575200
5	9.508800
5	8.719200
5	14.061600
5	5.880000
5	20.563200
5	24.578400
5	13.490400
5	20.042400
5	6.602400
5	12.768000
5	27.518400
5	23.788800
5	5.577600
5	9.760800
5	20.445600
5	13.944000
5	7.744800
5	9.559200
5	2.956800
5	17.455200
5	15.842400
5	12.516000
5	12.919200
5	19.168800
5	13.893600
5	12.028800
5	8.736000
5	17.505600
5	16.833600
5	23.066400
5	15.489600
5	18.799200
5	11.928000
5	11.810400
5	12.230400
5	5.594400
5	14.212800
5	18.278400
5	12.180000
5	10.214400
5	15.674400
5	15.808800
5	10.096800
5	13.759200
5	9.458400
5	11.508000
5	11.978400
5	7.240800
5	10.936800
5	15.607200
5	20.798400
5	17.220000
5	7.627200
5	8.467200
5	19.706400
5	12.465600
5	22.008000
5	13.053600
5	12.348000
5	29.282400
5	9.088800
5	6.619200
5	14.750400
5	14.397600
5	12.297600
5	4.351200
5	24.948000
5	13.372800
5	19.958400
5	13.020000
5	19.034400
5	10.113600
5	10.029600
5	15.758400
5	17.136000
5	10.214400
5	18.429600
5	21.571200
5	26.880000
5	14.162400
5	16.480800
5	11.256000
5	18.345600
5	10.130400
7	9.777600
7	16.396800
7	26.359200
7	26.443200
7	23.368800
7	20.580000
7	29.551200
7	8.937600
7	14.364000
7	25.804800
7	9.912000
7	17.875200
7	10.852800
7	17.673600
7	26.577600
7	13.641600
7	16.850400
7	19.135200
7	23.385600
7	11.558400
7	13.372800
7	31.785600
7	9.626400
7	21.655200
7	17.304000
7	19.555200
7	15.388800
7	20.781600
7	8.635200
7	17.035200
7	20.832000
7	16.665600
7	17.236800
7	14.112000
7	20.428800
7	19.017600
7	26.443200
7	18.933600
7	13.456800
7	22.696800
7	29.467200
7	10.399200
7	18.631200
7	18.278400
7	19.420800
7	26.258400
7	20.244000
7	9.172800
7	23.368800
7	30.811200
7	23.973600
7	34.322400
7	19.706400
7	17.270400
7	23.889600
7	21.957600
7	31.735200
7	31.197600
7	8.551200
7	14.767200
7	14.196000
7	17.522400
7	15.674400
7	9.861600
7	30.408000
7	20.848800
7	12.751200
7	12.196800
7	24.326400
7	20.210400
7	22.797600
7	12.079200
7	19.336800
7	20.445600
7	8.786400
7	19.051200
7	20.748000
7	22.041600
7	23.839200
7	6.182400
7	13.490400
7	21.436800
7	12.835200
7	17.556000
7	25.956000
7	28.022400
7	23.620800
7	24.057600
7	11.995200
7	7.996800
7	10.382400
7	16.531200
7	28.425600
7	29.870400
7	13.759200
7	28.375200
7	12.465600
7	12.482400
7	12.045600
7	5.241600
9	19.034400
9	16.615200
9	20.025600
9	18.144000
9	15.271200
9	19.538400
9	7.425600
9	23.721600
9	29.870400
9	24.460800
9	8.484000
9	25.183200
9	26.796000
9	16.447200
9	9.962400
9	27.115200
9	17.942400
9	12.364800
9	10.886400
9	13.994400
9	29.752800
9	16.128000
9	13.927200
9	27.753600
9	13.473600
9	18.849600
9	19.068000
9	11.004000
9	4.821600
9	7.291200
9	30.441600
9	2.772000
9	15.775200
9	19.034400
9	1.713600
9	9.542400
9	14.481600
9	24.242400
9	21.924000
9	9.861600
9	32.844000
9	8.752800
9	22.680000
9	23.704800
9	14.061600
9	16.396800
9	31.416000
9	21.772800
9	11.474400
9	33.768000
9	13.960800
9	16.296000
9	7.610400
9	8.080800
9	28.778400
9	12.146400
9	11.440800
9	23.553600
9	7.980000
9	11.004000
9	23.301600
9	22.797600
9	16.968000
9	20.798400
9	8.450400
9	33.650400
9	26.846400
9	33.616800
9	16.161600
9	20.848800
9	19.000800
9	10.180800
9	21.604800
9	17.354400
9	15.960000
9	8.971200
9	22.226400
9	14.481600
9	12.868800
9	18.765600
9	11.205600
9	24.763200
9	13.776000
9	32.155200
9	30.979200
9	19.387200
9	28.560000
9	27.552000
9	19.202400
9	22.982400
9	1.982400
9	22.797600
9	15.792000
9	19.555200
9	30.139200
9	27.014400
9	21.789600
9	19.471200
9	28.980000
9	8.836800
11	12.348000
11	15.708000
11	45.326400
11	31.080000
11	3.763200
11	18.228000
11	15.372000
11	28.526400
11	9.324000
11	21.806400
11	16.329600
11	13.272000
11	7.560000
11	27.216000
11	16.396800
11	34.675200
11	14.868000
11	28.156800
11	23.301600
11	26.661600
11	23.184000
11	11.877600
11	25.855200
11	13.591200
11	24.410400
11	7.929600
11	15.741600
11	18.244800
11	20.647200
11	35.044800
11	32.289600
11	36.976800
11	8.248800
11	11.289600
11	12.297600
11	22.159200
11	12.432000
11	20.328000
11	33.616800
11	8.988000
11	24.796800
11	11.978400
11	16.346400
11	24.259200
11	11.037600
11	21.000000
11	25.384800
11	18.564000
11	20.412000
11	7.123200
11	19.572000
11	19.555200
11	24.561600
11	31.080000
11	9.559200
11	39.698400
11	24.544800
11	22.730400
11	28.123200
11	33.784800
11	31.970400
11	18.648000
11	13.574400
11	17.572800
11	10.920000
11	33.163200
11	18.547200
11	15.976800
11	34.624800
11	18.009600
11	16.430400
11	36.792000
11	27.636000
11	18.883200
11	23.083200
11	14.044800
11	28.140000
11	14.599200
11	13.994400
11	19.975200
11	28.140000
11	39.177600
11	16.212000
11	22.663200
11	23.872800
11	28.694400
11	13.473600
11	40.672800
11	17.824800
11	25.435200
11	14.649600
11	31.365600
11	13.708800
11	9.660000
11	20.311200
11	16.262400
11	25.216800
11	20.932800
11	19.790400
11	20.916000
13	13.641600
13	25.418400
13	23.671200
13	20.697600
13	18.480000
13	2.503200
13	15.220800
13	14.229600
13	22.680000
13	17.371200
13	29.786400
13	17.068800
13	14.028000
13	26.107200
13	27.904800
13	22.562400
13	35.431200
13	14.716800
13	20.244000
13	22.075200
13	21.420000
13	23.268000
13	21.823200
13	14.061600
13	16.413600
13	26.745600
13	14.364000
13	28.744800
13	32.004000
13	19.471200
13	15.489600
13	22.293600
13	16.816800
13	16.094400
13	20.361600
13	24.427200
13	38.220000
13	26.476800
13	26.728800
13	22.075200
13	27.955200
13	21.873600
13	21.403200
13	17.388000
13	6.921600
13	12.213600
13	13.238400
13	25.200000
13	24.729600
13	20.412000
13	9.324000
13	11.776800
13	26.409600
13	19.538400
13	13.591200
13	14.901600
13	27.854400
13	34.843200
13	23.032800
13	11.894400
13	30.609600
13	13.036800
13	25.418400
13	26.527200
13	28.005600
13	28.308000
13	13.204800
13	21.907200
13	25.149600
13	23.520000
13	18.060000
13	29.568000
13	30.576000
13	28.173600
13	4.670400
13	10.836000
13	19.387200
13	28.089600
13	31.533600
13	24.948000
13	24.292800
13	35.700000
13	23.368800
13	21.336000
13	29.064000
13	1.260000
13	14.128800
13	18.396000
13	22.058400
13	20.781600
13	11.827200
13	29.131200
13	33.465600
13	30.979200
13	18.076800
13	35.616000
13	16.732800
13	18.799200
13	22.411200
13	28.509600
15	18.664800
15	23.570400
15	20.412000
15	25.788000
15	19.689600
15	26.644800
15	23.100000
15	5.376000
15	25.132800
15	17.925600
15	33.247200
15	37.564800
15	41.563200
15	34.036800
15	15.422400
15	38.035200
15	32.138400
15	23.973600
15	32.760000
15	10.668000
15	5.745600
15	33.549600
15	22.461600
15	25.720800
15	31.264800
15	15.002400
15	27.938400
15	29.181600
15	18.211200
15	25.569600
15	22.696800
15	22.041600
15	29.467200
15	21.974400
15	9.273600
15	17.455200
15	34.423200
15	24.124800
15	19.387200
15	33.633600
15	13.406400
15	16.564800
15	24.645600
15	32.524800
15	28.476000
15	13.322400
15	24.494400
15	35.599200
15	31.483200
15	22.075200
15	14.347200
15	26.359200
15	31.449600
15	17.589600
15	23.083200
15	25.149600
15	34.742400
15	32.608800
15	15.086400
15	12.650400
15	25.905600
15	11.256000
15	36.960000
15	29.500800
15	21.050400
15	18.513600
15	31.147200
15	10.936800
15	22.075200
15	27.636000
15	32.575200
15	25.989600
15	33.314400
15	30.492000
15	15.943200
15	20.764800
15	6.921600
15	37.548000
15	36.052800
15	20.395200
15	14.599200
15	34.641600
15	25.065600
15	15.792000
15	14.313600
15	11.407200
15	25.771200
15	27.988800
15	25.620000
15	33.096000
15	18.984000
15	25.300800
15	10.516800
15	27.669600
15	15.204000
15	10.130400
15	27.367200
15	32.608800
15	15.926400
15	21.974400
17	15.573600
17	18.933600
17	31.953600
17	28.593600
17	22.848000
17	11.424000
17	12.969600
17	16.867200
17	10.063200
17	52.063200
17	28.593600
17	23.520000
17	28.677600
17	11.457600
17	30.139200
17	26.460000
17	32.575200
17	28.039200
17	17.203200
17	20.916000
17	13.003200
17	27.652800
17	13.591200
17	29.702400
17	53.205600
17	19.504800
17	26.880000
17	16.094400
17	26.359200
17	20.277600
17	32.138400
17	13.087200
17	38.455200
17	18.429600
17	28.324800
17	27.972000
17	17.892000
17	16.867200
17	52.231200
17	28.828800
17	18.261600
17	41.664000
17	36.708000
17	7.610400
17	30.508800
17	35.498400
17	22.780800
17	24.242400
17	36.775200
17	3.948000
17	41.126400
17	11.037600
17	36.876000
17	17.169600
17	24.477600
17	11.272800
17	31.214400
17	18.228000
17	11.054400
17	15.976800
17	34.070400
17	21.571200
17	28.207200
17	31.768800
17	24.998400
17	35.095200
17	25.149600
17	39.597600
17	22.159200
17	25.838400
17	21.991200
17	17.001600
17	22.344000
17	34.137600
17	10.416000
17	17.556000
17	32.474400
17	25.653600
17	31.080000
17	18.614400
17	35.767200
17	15.103200
17	18.076800
17	40.454400
17	14.901600
17	28.408800
17	22.545600
17	30.475200
17	26.510400
17	32.239200
17	5.527200
17	32.323200
17	30.828000
17	21.890400
17	39.732000
17	21.386400
17	26.812800
17	10.752000
17	36.103200
17	12.549600
19	30.088800
19	27.350400
19	30.559200
19	29.484000
19	34.188000
19	17.791200
19	23.066400
19	31.164000
19	18.664800
19	22.243200
19	15.741600
19	18.715200
19	28.644000
19	25.485600
19	9.223200
19	7.476000
19	9.206400
19	18.412800
19	30.760800
19	35.901600
19	37.346400
19	25.502400
19	22.377600
19	32.205600
19	24.242400
19	27.014400
19	28.392000
19	27.098400
19	20.193600
19	33.213600
19	26.292000
19	23.486400
19	23.822400
19	24.024000
19	30.021600
19	17.488800
19	28.778400
19	11.625600
19	44.604000
19	37.531200
19	12.213600
19	33.012000
19	28.291200
19	6.686400
19	15.204000
19	19.538400
19	21.537600
19	29.383200
19	22.831200
19	27.468000
19	30.223200
19	10.012800
19	7.795200
19	31.483200
19	8.198400
19	21.285600
19	50.988000
19	39.043200
19	26.090400
19	15.136800
19	17.539200
19	28.862400
19	24.628800
19	25.351200
19	25.972800
19	41.563200
19	37.665600
19	26.510400
19	33.835200
19	17.018400
19	40.958400
19	28.476000
19	13.473600
19	33.398400
19	8.870400
19	17.236800
19	24.074400
19	17.488800
19	30.592800
19	8.820000
19	12.549600
19	6.300000
19	24.292800
19	15.036000
19	43.663200
19	20.899200
19	19.773600
19	14.733600
19	34.608000
19	30.004800
19	26.241600
19	30.240000
19	29.097600
19	27.518400
19	16.060800
19	35.683200
19	28.879200
19	32.928000
19	17.169600
19	15.926400
21	25.132800
21	34.557600
21	17.270400
21	28.610400
21	51.038400
21	14.112000
21	41.092800
21	14.498400
21	34.221600
21	24.746400
21	7.240800
21	16.816800
21	23.452800
21	36.523200
21	52.080000
21	32.424000
21	26.762400
21	31.298400
21	10.113600
21	29.534400
21	38.320800
21	21.571200
21	23.990400
21	7.946400
21	35.347200
21	26.476800
21	16.816800
21	32.323200
21	17.556000
21	20.647200
21	20.025600
21	32.928000
21	25.922400
21	18.900000
21	36.002400
21	35.733600
21	23.066400
21	25.032000
21	18.076800
21	21.252000
21	30.105600
21	20.042400
21	17.035200
21	26.863200
21	33.331200
21	28.358400
21	30.072000
21	12.448800
21	41.680800
21	7.324800
21	23.654400
21	21.974400
21	17.169600
21	42.823200
21	31.600800
21	18.715200
21	26.762400
21	1.125600
21	25.552800
21	39.446400
21	32.340000
21	33.516000
21	21.487200
21	36.993600
21	25.032000
21	15.876000
21	22.629600
21	27.568800
21	14.280000
21	31.752000
21	13.389600
21	19.135200
21	16.464000
21	8.366400
21	20.025600
21	24.662400
21	39.295200
21	31.684800
21	14.649600
21	24.007200
21	27.837600
21	9.105600
21	30.122400
21	7.341600
21	24.326400
21	22.293600
21	41.193600
21	24.175200
21	37.094400
21	20.143200
21	24.780000
21	26.678400
21	7.022400
21	21.184800
21	26.443200
21	8.265600
21	26.073600
21	58.682400
21	25.216800
21	23.234400
23	18.933600
23	24.964800
23	32.121600
23	36.271200
23	16.984800
23	19.958400
23	14.733600
23	34.927200
23	20.462400
23	22.881600
23	23.301600
23	31.735200
23	34.977600
23	33.129600
23	22.596000
23	30.559200
23	16.749600
23	38.757600
23	24.326400
23	53.071200
23	26.560800
23	54.717600
23	11.306400
23	16.161600
23	23.704800
23	35.649600
23	33.045600
23	17.455200
23	42.604800
23	13.120800
23	18.412800
23	22.579200
23	18.614400
23	12.314400
23	26.846400
23	19.286400
23	9.172800
23	23.839200
23	19.924800
23	14.834400
23	28.022400
23	34.977600
23	17.606400
23	47.443200
23	33.566400
23	40.639200
23	13.104000
23	22.982400
23	4.872000
23	18.278400
23	41.563200
23	32.608800
23	27.451200
23	22.730400
23	31.584000
23	39.026400
23	12.532800
23	29.685600
23	36.321600
23	27.871200
23	33.936000
23	9.475200
23	29.534400
23	19.017600
23	27.837600
23	17.572800
23	16.665600
23	22.579200
23	7.140000
23	20.059200
23	25.939200
23	33.079200
23	19.723200
23	37.329600
23	33.751200
23	42.537600
23	28.240800
23	15.708000
23	29.853600
23	17.656800
23	20.496000
23	26.056800
23	19.605600
23	11.491200
23	34.204800
23	12.079200
23	24.057600
23	42.336000
23	19.588800
23	18.379200
23	20.496000
23	28.240800
23	13.154400
23	40.068000
23	22.159200
23	9.088800
23	29.517600
23	36.842400
23	48.064800
23	15.741600
25	12.784800
25	23.721600
25	12.213600
25	18.597600
25	20.126400
25	34.423200
25	22.579200
25	13.423200
25	23.536800
25	34.389600
25	11.239200
25	29.500800
25	33.902400
25	16.783200
25	21.504000
25	18.160800
25	31.768800
25	39.127200
25	29.685600
25	16.363200
25	10.701600
25	27.216000
25	11.205600
25	21.655200
25	31.382400
25	21.168000
25	19.168800
25	29.433600
25	21.974400
25	27.132000
25	23.520000
25	20.865600
25	46.116000
25	19.740000
25	19.437600
25	26.544000
25	9.240000
25	33.633600
25	34.608000
25	13.826400
25	32.726400
25	12.566400
25	26.997600
25	19.891200
25	49.744800
25	20.764800
25	19.185600
25	22.226400
25	29.400000
25	14.414400
25	30.492000
25	27.384000
25	16.228800
25	26.157600
25	27.501600
25	25.586400
25	23.486400
25	24.561600
25	27.753600
25	17.959200
25	25.250400
25	23.284800
25	10.298400
25	33.700800
25	27.199200
25	32.709600
25	27.972000
25	37.094400
25	17.841600
25	13.624800
25	29.131200
25	46.485600
25	35.397600
25	21.991200
25	41.848800
25	48.568800
25	38.774400
25	21.907200
25	28.509600
25	34.406400
25	9.324000
25	27.518400
25	24.091200
25	39.916800
25	32.776800
25	27.484800
25	36.926400
25	43.629600
25	20.025600
25	14.649600
25	42.386400
25	13.708800
25	7.375200
25	34.255200
25	28.408800
25	45.141600
25	40.152000
25	17.035200
25	18.261600
25	40.168800
27	26.678400
27	32.995200
27	17.724000
27	18.916800
27	29.803200
27	27.736800
27	35.464800
27	22.125600
27	26.980800
27	18.631200
27	31.684800
27	24.830400
27	33.936000
27	21.588000
27	23.772000
27	24.830400
27	28.694400
27	32.894400
27	24.662400
27	23.587200
27	13.944000
27	27.904800
27	23.536800
27	29.433600
27	17.186400
27	23.520000
27	20.781600
27	26.846400
27	32.340000
27	25.418400
27	32.642400
27	28.291200
27	26.493600
27	18.261600
27	13.725600
27	14.666400
27	23.721600
27	18.244800
27	26.006400
27	27.636000
27	12.768000
27	23.940000
27	30.760800
27	29.685600
27	10.600800
27	7.812000
27	27.232800
27	20.176800
27	42.336000
27	38.976000
27	22.444800
27	14.834400
27	19.992000
27	25.250400
27	24.326400
27	33.348000
27	36.674400
27	15.422400
27	27.501600
27	28.324800
27	22.982400
27	40.387200
27	37.598400
27	12.381600
27	7.123200
27	24.410400
27	25.015200
27	29.433600
27	3.376800
27	22.596000
27	51.492000
27	22.545600
27	44.805600
27	6.552000
27	43.360800
27	41.529600
27	13.070400
27	15.708000
27	24.208800
27	27.148800
27	17.371200
27	17.203200
27	32.390400
27	16.060800
27	19.857600
27	16.413600
27	43.730400
27	30.424800
27	25.065600
27	35.162400
27	21.151200
27	25.855200
27	31.315200
27	8.635200
27	22.864800
27	34.776000
27	14.162400
27	40.706400
27	31.987200
27	7.795200
29	20.983200
29	16.447200
29	26.460000
29	39.496800
29	31.987200
29	25.972800
29	33.230400
29	38.908800
29	5.040000
29	23.200800
29	27.232800
29	38.589600
29	21.319200
29	29.971200
29	47.997600
29	18.681600
29	31.483200
29	36.489600
29	36.136800
29	33.280800
29	26.241600
29	25.502400
29	15.355200
29	12.986400
29	28.408800
29	23.620800
29	25.653600
29	32.054400
29	20.546400
29	36.556800
29	9.038400
29	39.648000
29	18.312000
29	22.058400
29	49.963200
29	28.929600
29	32.256000
29	35.347200
29	18.261600
29	26.006400
29	27.518400
29	27.854400
29	38.505600
29	11.877600
29	36.002400
29	21.554400
29	22.814400
29	24.309600
29	21.151200
29	33.314400
29	42.907200
29	22.545600
29	17.421600
29	10.953600
29	26.056800
29	17.959200
29	29.652000
29	28.963200
29	45.578400
29	37.699200
29	21.302400
29	19.051200
29	27.031200
29	19.908000
29	21.067200
29	21.453600
29	28.593600
29	21.772800
29	20.395200
29	32.961600
29	46.351200
29	24.427200
29	28.140000
29	55.339200
29	23.973600
29	24.729600
29	18.916800
29	36.120000
29	30.156000
29	30.878400
29	43.310400
29	11.709600
29	45.074400
29	25.065600
29	21.520800
29	29.366400
29	19.924800
29	19.790400
29	15.288000
29	37.346400
29	22.377600
29	23.100000
29	30.357600
29	30.576000
29	23.990400
29	22.932000
29	27.871200
29	36.120000
29	31.500000
29	17.892000
30	15.758400
30	19.185600
30	29.803200
30	27.787200
30	9.172800
30	29.080800
30	25.334400
30	20.344800
30	26.124000
30	22.999200
30	41.294400
30	16.010400
30	19.017600
30	13.893600
30	27.417600
30	32.239200
30	37.514400
30	17.824800
30	15.288000
30	31.382400
30	42.722400
30	40.202400
30	23.385600
30	52.483200
30	39.160800
30	18.782400
30	29.853600
30	24.427200
30	68.040000
30	36.556800
30	50.030400
30	25.317600
30	31.718400
30	19.471200
30	31.096800
30	26.376000
30	29.299200
30	25.317600
30	34.524000
30	44.906400
30	35.851200
30	30.693600
30	26.644800
30	16.867200
30	2.788800
30	33.062400
30	21.319200
30	22.864800
30	21.168000
30	22.663200
30	18.278400
30	21.554400
30	19.773600
30	18.026400
30	39.144000
30	38.388000
30	26.544000
30	30.189600
30	12.751200
30	21.840000
30	29.652000
30	26.224800
30	37.027200
30	23.251200
30	15.506400
30	32.944800
30	54.112800
30	38.052000
30	26.812800
30	48.972000
30	35.750400
30	16.581600
30	11.760000
30	27.165600
30	13.742400
30	14.095200
30	29.702400
30	31.466400
30	19.874400
30	33.028800
30	36.069600
30	16.581600
30	25.855200
30	21.252000
30	36.976800
30	19.555200
30	17.136000
30	32.172000
30	31.046400
30	14.985600
30	25.972800
30	9.609600
30	26.846400
30	10.768800
30	31.684800
30	53.491200
30	45.595200
30	35.515200
30	28.778400
30	17.589600
