1	1.898400
1	2.234400
1	0.655200
1	0.000000
1	9.324000
1	4.821600
1	7.476000
1	1.411200
1	0.772800
1	5.023200
1	5.611200
1	7.089600
1	1.999200
1	3.544800
1	4.552800
1	1.108800
1	3.225600
1	1.394400
1	2.352000
1	2.990400
1	0.000000
1	6.837600
1	4.317600
1	0.537600
1	0.000000
1	3.410400
1	0.000000
1	7.694400
1	0.436800
1	4.468800
1	0.000000
1	3.024000
1	3.343200
1	1.411200
1	0.117600
1	3.998400
1	0.016800
1	2.116800
1	2.704800
1	4.233600
1	5.678400
1	2.536800
1	6.031200
1	4.586400
1	7.274400
1	0.117600
1	0.991200
1	0.000000
1	5.527200
1	8.332800
1	5.224800
1	5.745600
1	0.840000
1	7.459200
1	0.722400
1	2.251200
1	0.000000
1	2.251200
1	1.411200
1	4.872000
1	0.369600
1	8.853600
1	6.283200
1	2.956800
1	8.668800
1	0.067200
1	8.299200
1	3.057600
1	6.333600
1	0.000000
1	6.266400
1	1.495200
1	1.075200
1	6.451200
1	0.470400
1	2.402400
1	7.207200
1	0.000000
1	3.477600
1	4.200000
1	0.756000
1	3.141600
1	0.000000
1	8.400000
1	5.174400
1	5.241600
1	0.000000
1	0.453600
1	1.915200
1	6.468000
1	6.837600
1	5.796000
1	1.512000
1	1.764000
1	2.083200
1	2.940000
1	0.420000
1	1.512000
1	5.493600
1	1.864800
2	0.537600
2	11.911200
2	0.218400
2	4.704000
2	0.000000
2	7.526400
2	8.786400
2	1.260000
2	8.013600
2	8.013600
2	15.691200
2	2.520000
2	2.956800
2	9.794400
2	8.416800
2	13.944000
2	11.608800
2	4.972800
2	2.066400
2	7.677600
2	11.289600
2	4.670400
2	7.123200
2	11.306400
2	12.432000
2	9.760800
2	10.012800
2	7.408800
2	5.980800
2	5.829600
2	0.537600
2	6.904800
2	1.344000
2	3.494400
2	8.097600
2	11.743200
2	10.264800
2	5.090400
2	5.846400
2	6.888000
2	7.526400
2	5.359200
2	6.064800
2	2.217600
2	8.064000
2	8.400000
2	3.276000
2	5.527200
2	8.013600
2	3.326400
2	8.786400
2	12.465600
2	5.308800
2	10.180800
2	3.141600
2	18.194400
2	6.770400
2	9.828000
2	8.820000
2	7.963200
2	2.839200
2	1.344000
2	0.000000
2	8.316000
2	3.460800
2	11.860800
2	7.442400
2	9.760800
2	3.225600
2	3.326400
2	11.071200
2	0.571200
2	7.375200
2	6.938400
2	5.880000
2	6.988800
2	6.468000
2	7.509600
2	2.906400
2	8.937600
2	9.424800
2	4.788000
2	4.620000
2	6.837600
2	11.608800
2	0.117600
2	3.040800
2	4.653600
2	6.434400
2	0.268800
2	3.225600
2	12.868800
2	7.980000
2	8.652000
2	7.274400
2	9.424800
2	2.788800
2	0.000000
2	11.172000
2	0.537600
3	16.128000
3	11.541600
3	13.540800
3	2.066400
3	16.010400
3	8.887200
3	10.500000
3	4.788000
3	8.232000
3	18.883200
3	6.837600
3	11.020800
3	11.911200
3	9.424800
3	6.266400
3	17.337600
3	0.000000
3	11.306400
3	13.557600
3	11.575200
3	10.046400
3	15.472800
3	24.544800
3	10.987200
3	12.952800
3	5.661600
3	7.845600
3	3.830400
3	6.182400
3	7.879200
3	10.819200
3	3.108000
3	7.173600
3	11.978400
3	6.736800
3	0.369600
3	16.245600
3	13.910400
3	9.592800
3	14.028000
3	7.190400
3	3.578400
3	7.644000
3	15.019200
3	1.663200
3	13.171200
3	7.492800
3	12.448800
3	16.329600
3	9.660000
3	7.610400
3	0.000000
3	9.391200
3	14.532000
3	2.150400
3	2.704800
3	17.690400
3	11.508000
3	13.440000
3	2.923200
3	15.523200
3	8.887200
3	5.392800
3	11.138400
3	9.760800
3	7.644000
3	8.299200
3	8.500800
3	10.920000
3	15.271200
3	6.316800
3	7.879200
3	4.653600
3	10.113600
3	10.617600
3	8.668800
3	10.315200
3	11.474400
3	5.073600
3	11.760000
3	16.514400
3	10.600800
3	11.844000
3	14.565600
3	7.677600
3	9.626400
3	8.500800
3	11.877600
3	9.139200
3	16.632000
3	5.392800
3	14.263200
3	8.248800
3	12.768000
3	7.929600
3	24.763200
3	15.439200
3	17.774400
3	9.979200
3	8.685600
4	5.392800
4	6.904800
4	12.667200
4	15.220800
4	14.935200
4	15.825600
4	7.240800
4	17.035200
4	6.249600
4	14.179200
4	12.952800
4	7.156800
4	16.951200
4	3.662400
4	18.597600
4	11.608800
4	12.499200
4	4.821600
4	4.821600
4	9.727200
4	5.376000
4	2.251200
4	7.375200
4	12.180000
4	4.754400
4	16.548000
4	0.319200
4	14.599200
4	15.859200
4	5.443200
4	13.389600
4	12.902400
4	13.843200
4	25.015200
4	17.942400
4	13.893600
4	11.877600
4	15.808800
4	9.508800
4	3.981600
4	10.684800
4	7.156800
4	9.408000
4	0.772800
4	19.908000
4	9.760800
4	15.724800
4	12.566400
4	10.970400
4	17.119200
4	9.374400
4	10.432800
4	7.627200
4	14.649600
4	4.888800
4	9.744000
4	5.628000
4	12.280800
4	17.421600
4	22.024800
4	10.567200
4	17.236800
4	6.720000
4	6.484800
4	3.040800
4	18.160800
4	7.660800
4	20.176800
4	8.416800
4	5.695200
4	12.129600
4	20.008800
4	11.642400
4	13.608000
4	9.240000
4	9.492000
4	17.018400
4	18.715200
4	21.386400
4	19.790400
4	14.145600
4	12.415200
4	8.971200
4	11.911200
4	14.649600
4	18.765600
4	13.087200
4	2.973600
4	4.754400
4	4.821600
4	16.245600
4	10.852800
4	13.104000
4	7.123200
4	21.823200
4	17.169600
4	10.466400
4	18.429600
4	3.813600
4	5.342400
5	7.660800
5	14.380800
5	12.835200
5	21.134400
5	11.306400
5	13.843200
5	13.305600
5	4.284000
5	16.682400
5	11.541600
5	14.044800
5	20.042400
5	14.212800
5	17.858400
5	16.581600
5	15.204000
5	13.624800
5	26.964000
5	5.628000
5	10.802400
5	5.930400
5	24.931200
5	1.562400
5	14.565600
5	14.750400
5	19.454400
5	0.554400
5	16.128000
5	8.551200
5	17.354400
5	3.108000
5	9.508800
5	14.700000
5	8.232000
5	18.228000
5	13.288800
5	15.103200
5	10.852800
5	21.789600
5	4.032000
5	14.952000
5	22.444800
5	13.708800
5	4.586400
5	10.533600
5	5.292000
5	7.627200
5	9.458400
5	14.296800
5	8.467200
5	23.452800
5	11.928000
5	16.514400
5	19.000800
5	17.976000
5	12.751200
5	11.541600
5	12.667200
5	9.139200
5	13.305600
5	6.669600
5	10.147200
5	8.635200
5	29.181600
5	9.693600
5	6.804000
5	7.812000
5	3.830400
5	8.148000
5	11.978400
5	9.559200
5	13.154400
5	16.900800
5	13.188000
5	8.332800
5	7.744800
5	24.410400
5	15.540000
5	9.206400
5	4.452000
5	14.616000
5	7.677600
5	1.965600
5	18.900000
5	14.380800
5	13.003200
5	14.196000
5	0.940800
5	11.306400
5	13.137600
5	17.354400
5	1.075200
5	16.312800
5	13.692000
5	6.216000
5	13.792800
5	9.206400
5	11.776800
5	25.099200
5	18.681600
6	6.736800
6	16.027200
6	10.231200
6	3.427200
6	23.419200
6	25.334400
6	14.851200
6	8.752800
6	14.280000
6	12.448800
6	9.424800
6	5.913600
6	3.712800
6	25.636800
6	16.800000
6	16.363200
6	13.994400
6	6.552000
6	15.607200
6	15.422400
6	12.045600
6	20.664000
6	18.698400
6	25.687200
6	7.896000
6	11.508000
6	8.047200
6	23.184000
6	15.405600
6	16.766400
6	13.036800
6	23.620800
6	10.886400
6	13.876800
6	26.880000
6	12.028800
6	6.938400
6	7.963200
6	16.480800
6	12.180000
6	13.020000
6	4.183200
6	3.259200
6	14.985600
6	7.677600
6	14.851200
6	6.703200
6	18.967200
6	9.542400
6	9.962400
6	5.712000
6	6.837600
6	19.118400
6	7.190400
6	11.390400
6	10.315200
6	15.069600
6	15.204000
6	16.514400
6	13.288800
6	13.188000
6	37.044000
6	7.660800
6	17.287200
6	19.555200
6	15.808800
6	5.846400
6	17.018400
6	22.260000
6	18.194400
6	33.734400
6	14.532000
6	7.291200
6	18.295200
6	7.912800
6	17.186400
6	19.420800
6	11.928000
6	8.719200
6	14.683200
6	11.272800
6	17.472000
6	2.100000
6	7.728000
6	12.028800
6	2.486400
6	15.472800
6	14.330400
6	7.711200
6	6.753600
6	16.430400
6	8.534400
6	22.747200
6	29.148000
6	6.904800
6	12.919200
6	20.848800
6	14.380800
6	18.782400
6	14.263200
7	17.623200
7	5.712000
7	6.686400
7	14.952000
7	21.436800
7	8.080800
7	11.827200
7	21.907200
7	15.036000
7	8.870400
7	4.334400
7	23.268000
7	21.100800
7	16.766400
7	0.151200
7	8.484000
7	12.432000
7	13.070400
7	7.828800
7	7.257600
7	13.910400
7	12.952800
7	20.176800
7	15.069600
7	13.154400
7	12.079200
7	14.246400
7	9.794400
7	14.666400
7	10.802400
7	6.232800
7	25.855200
7	22.159200
7	11.172000
7	24.746400
7	17.052000
7	11.793600
7	13.608000
7	26.460000
7	29.702400
7	3.729600
7	0.000000
7	23.452800
7	14.800800
7	14.800800
7	18.093600
7	15.355200
7	15.036000
7	25.922400
7	7.828800
7	9.525600
7	26.947200
7	19.908000
7	14.347200
7	18.412800
7	14.448000
7	13.490400
7	15.220800
7	24.141600
7	18.211200
7	13.708800
7	17.186400
7	3.830400
7	23.335200
7	10.684800
7	5.258400
7	25.048800
7	15.775200
7	25.149600
7	19.303200
7	25.704000
7	7.677600
7	4.418400
7	11.491200
7	11.256000
7	14.632800
7	21.655200
7	5.796000
7	29.450400
7	14.918400
7	10.936800
7	36.136800
7	16.430400
7	7.593600
7	15.052800
7	14.985600
7	5.292000
7	13.389600
7	16.464000
7	13.238400
7	16.732800
7	15.523200
7	18.177600
7	19.689600
7	19.773600
7	35.078400
7	14.364000
7	22.797600
7	24.948000
7	20.563200
8	12.264000
8	24.494400
8	6.367200
8	7.106400
8	22.276800
8	19.824000
8	19.135200
8	15.640800
8	19.017600
8	18.345600
8	26.476800
8	12.112800
8	26.745600
8	19.538400
8	8.584800
8	25.200000
8	27.468000
8	16.363200
8	16.749600
8	38.942400
8	24.343200
8	26.527200
8	10.264800
8	26.947200
8	3.024000
8	22.394400
8	24.393600
8	13.490400
8	12.532800
8	11.877600
8	13.423200
8	8.433600
8	8.601600
8	13.036800
8	24.847200
8	16.783200
8	10.768800
8	25.972800
8	18.564000
8	10.516800
8	20.076000
8	26.275200
8	15.775200
8	18.127200
8	21.453600
8	29.635200
8	28.509600
8	25.922400
8	12.079200
8	32.961600
8	12.264000
8	13.809600
8	22.764000
8	12.768000
8	6.753600
8	12.045600
8	10.785600
8	16.816800
8	21.302400
8	19.336800
8	7.929600
8	15.086400
8	25.435200
8	24.360000
8	17.102400
8	14.414400
8	8.820000
8	4.720800
8	28.207200
8	31.836000
8	16.430400
8	14.884800
8	30.206400
8	12.516000
8	12.919200
8	12.885600
8	23.167200
8	8.383200
8	15.624000
8	19.840800
8	8.584800
8	15.775200
8	35.112000
8	6.064800
8	28.879200
8	13.204800
8	23.234400
8	11.037600
8	23.620800
8	18.883200
8	17.270400
8	18.832800
8	19.672800
8	14.431200
8	19.572000
8	20.126400
8	19.756800
8	16.312800
8	20.378400
8	13.692000
9	26.527200
9	15.741600
9	20.983200
9	10.701600
9	15.405600
9	13.910400
9	4.620000
9	30.508800
9	11.440800
9	13.322400
9	9.928800
9	21.873600
9	8.131200
9	18.765600
9	21.420000
9	15.355200
9	9.307200
9	8.618400
9	6.703200
9	15.808800
9	21.436800
9	13.675200
9	18.732000
9	22.797600
9	21.285600
9	24.696000
9	15.288000
9	15.892800
9	20.244000
9	32.827200
9	15.170400
9	13.070400
9	30.391200
9	11.474400
9	23.083200
9	10.281600
9	13.171200
9	30.945600
9	19.286400
9	3.360000
9	26.056800
9	18.144000
9	25.015200
9	14.968800
9	29.500800
9	10.651200
9	25.922400
9	17.304000
9	13.574400
9	5.124000
9	10.197600
9	12.348000
9	19.958400
9	18.244800
9	27.837600
9	5.023200
9	16.212000
9	13.860000
9	3.796800
9	24.427200
9	18.295200
9	8.500800
9	22.159200
9	11.155200
9	10.332000
9	29.887200
9	14.246400
9	13.473600
9	24.192000
9	33.700800
9	12.936000
9	15.388800
9	3.427200
9	18.849600
9	26.392800
9	17.858400
9	10.365600
9	25.620000
9	15.724800
9	28.744800
9	7.022400
9	16.380000
9	21.823200
9	26.796000
9	12.079200
9	13.188000
9	20.966400
9	22.848000
9	25.418400
9	14.700000
9	13.742400
9	14.095200
9	31.903200
9	17.388000
9	21.823200
9	27.417600
9	18.228000
9	23.335200
9	15.607200
9	26.426400
10	14.414400
10	24.511200
10	5.628000
10	39.866400
10	15.960000
10	13.876800
10	12.902400
10	12.146400
10	20.916000
10	6.904800
10	15.792000
10	27.602400
10	5.409600
10	14.532000
10	12.012000
10	28.912800
10	13.456800
10	4.922400
10	17.925600
10	15.825600
10	12.969600
10	15.708000
10	18.463200
10	19.807200
10	10.096800
10	6.820800
10	29.920800
10	15.254400
10	13.742400
10	12.835200
10	20.210400
10	22.713600
10	3.897600
10	29.433600
10	9.508800
10	23.839200
10	5.594400
10	15.607200
10	24.444000
10	13.557600
10	16.968000
10	3.544800
10	11.004000
10	16.598400
10	15.237600
10	16.262400
10	11.491200
10	33.583200
10	14.935200
10	29.685600
10	14.380800
10	22.696800
10	24.830400
10	11.676000
10	11.860800
10	25.149600
10	14.347200
10	13.944000
10	22.461600
10	21.050400
10	24.813600
10	12.566400
10	26.947200
10	15.338400
10	10.550400
10	26.443200
10	25.418400
10	26.728800
10	13.204800
10	15.640800
10	9.156000
10	9.811200
10	16.968000
10	33.549600
10	12.398400
10	35.481600
10	19.824000
10	12.112800
10	35.952000
10	8.433600
10	29.551200
10	31.651200
10	12.549600
10	11.323200
10	8.820000
10	29.416800
10	10.012800
10	8.584800
10	19.504800
10	15.456000
10	27.132000
10	9.895200
10	21.067200
10	12.902400
10	11.407200
10	30.676800
10	25.636800
10	17.623200
10	18.144000
10	18.648000
11	25.082400
11	26.560800
11	13.238400
11	8.954400
11	18.597600
11	25.317600
11	29.013600
11	16.900800
11	11.440800
11	37.951200
11	31.231200
11	15.237600
11	11.844000
11	12.499200
11	18.883200
11	30.021600
11	29.484000
11	19.572000
11	20.008800
11	12.801600
11	18.883200
11	29.920800
11	11.138400
11	20.983200
11	20.277600
11	13.120800
11	19.135200
11	21.184800
11	28.089600
11	29.131200
11	30.122400
11	25.636800
11	26.762400
11	15.388800
11	19.084800
11	13.860000
11	31.550400
11	7.274400
11	24.628800
11	23.133600
11	19.471200
11	19.034400
11	16.077600
11	11.995200
11	26.980800
11	22.545600
11	11.239200
11	15.036000
11	16.816800
11	11.676000
11	28.980000
11	20.193600
11	9.895200
11	21.722400
11	22.814400
11	39.412800
11	3.158400
11	17.253600
11	12.364800
11	22.680000
11	36.657600
11	11.659200
11	26.006400
11	8.248800
11	16.464000
11	18.244800
11	21.722400
11	12.364800
11	9.576000
11	18.211200
11	19.924800
11	4.368000
11	6.350400
11	14.582400
11	7.022400
11	21.722400
11	11.188800
11	19.639200
11	6.232800
11	22.260000
11	7.795200
11	18.648000
11	17.304000
11	18.664800
11	19.874400
11	10.617600
11	13.020000
11	13.137600
11	34.372800
11	15.405600
11	33.516000
11	36.288000
11	18.110400
11	21.470400
11	24.528000
11	16.531200
11	19.874400
11	21.000000
11	16.766400
11	20.865600
12	28.257600
12	13.120800
12	17.337600
12	16.497600
12	26.779200
12	7.795200
12	27.871200
12	11.793600
12	4.149600
12	12.314400
12	26.997600
12	37.867200
12	20.361600
12	25.065600
12	9.508800
12	16.346400
12	20.798400
12	14.800800
12	19.320000
12	24.645600
12	26.191200
12	4.989600
12	17.287200
12	32.508000
12	13.540800
12	22.008000
12	20.781600
12	16.884000
12	15.926400
12	11.407200
12	32.222400
12	19.941600
12	21.873600
12	29.702400
12	7.845600
12	33.264000
12	25.939200
12	22.360800
12	26.611200
12	13.624800
12	9.307200
12	41.277600
12	7.476000
12	20.428800
12	15.288000
12	27.182400
12	20.848800
12	20.025600
12	19.353600
12	10.063200
12	24.343200
12	19.336800
12	28.627200
12	20.160000
12	10.836000
12	27.652800
12	22.243200
12	7.812000
12	16.900800
12	11.575200
12	19.504800
12	18.580800
12	27.350400
12	22.058400
12	14.313600
12	13.860000
12	14.565600
12	18.648000
12	17.253600
12	17.320800
12	32.188800
12	21.806400
12	11.760000
12	15.288000
12	21.033600
12	12.045600
12	25.149600
12	9.945600
12	15.876000
12	8.450400
12	23.923200
12	32.827200
12	15.741600
12	18.715200
12	18.412800
12	16.464000
12	17.690400
12	17.959200
12	15.489600
12	24.645600
12	31.264800
12	13.759200
12	15.254400
12	14.616000
12	14.649600
12	9.172800
12	30.139200
12	17.707200
12	26.224800
12	46.855200
13	28.576800
13	28.257600
13	12.129600
13	21.856800
13	16.934400
13	12.264000
13	26.056800
13	4.317600
13	19.840800
13	29.366400
13	15.372000
13	11.004000
13	18.664800
13	21.621600
13	27.736800
13	14.800800
13	29.030400
13	1.344000
13	33.146400
13	21.100800
13	33.549600
13	23.654400
13	28.879200
13	24.746400
13	25.233600
13	14.700000
13	17.976000
13	15.607200
13	12.079200
13	22.831200
13	12.633600
13	21.571200
13	25.972800
13	10.819200
13	14.649600
13	27.249600
13	19.756800
13	9.660000
13	14.733600
13	21.571200
13	8.702400
13	37.732800
13	23.016000
13	12.835200
13	23.167200
13	14.515200
13	9.088800
13	20.193600
13	15.960000
13	18.849600
13	18.631200
13	31.214400
13	27.384000
13	14.968800
13	25.536000
13	12.112800
13	12.751200
13	29.265600
13	12.600000
13	19.051200
13	31.500000
13	25.250400
13	12.633600
13	29.366400
13	14.935200
13	8.887200
13	3.662400
13	34.742400
13	17.841600
13	27.804000
13	21.016800
13	16.951200
13	15.993600
13	16.396800
13	13.406400
13	36.052800
13	8.349600
13	12.112800
13	27.249600
13	25.351200
13	12.885600
13	11.995200
13	28.778400
13	30.777600
13	15.204000
13	29.484000
13	19.252800
13	16.044000
13	21.151200
13	16.178400
13	13.120800
13	21.168000
13	22.024800
13	14.011200
13	19.756800
13	10.634400
13	1.192800
13	28.744800
13	10.080000
13	11.289600
14	19.017600
14	22.999200
14	10.768800
14	13.910400
14	20.109600
14	14.901600
14	14.968800
14	28.761600
14	23.671200
14	14.985600
14	20.714400
14	12.768000
14	14.884800
14	13.120800
14	19.387200
14	17.220000
14	5.930400
14	22.696800
14	30.794400
14	21.789600
14	17.925600
14	12.280800
14	5.997600
14	20.966400
14	16.430400
14	24.292800
14	14.952000
14	26.258400
14	34.053600
14	17.858400
14	37.581600
14	2.150400
14	10.315200
14	25.284000
14	12.600000
14	14.599200
14	42.436800
14	27.955200
14	22.226400
14	9.576000
14	21.285600
14	16.077600
14	17.791200
14	23.973600
14	9.861600
14	33.079200
14	25.082400
14	16.178400
14	18.177600
14	13.053600
14	33.045600
14	38.606400
14	23.032800
14	20.395200
14	23.520000
14	19.672800
14	4.485600
14	20.227200
14	12.751200
14	10.634400
14	14.246400
14	29.551200
14	32.642400
14	28.291200
14	23.755200
14	20.664000
14	33.650400
14	12.331200
14	32.592000
14	13.624800
14	28.341600
14	30.643200
14	10.684800
14	11.188800
14	23.436000
14	23.284800
14	16.648800
14	14.834400
14	14.700000
14	32.188800
14	22.848000
14	3.780000
14	18.463200
14	25.905600
14	10.701600
14	17.287200
14	27.283200
14	24.561600
14	20.596800
14	29.971200
14	22.512000
14	12.297600
14	33.734400
14	24.561600
14	5.728800
14	29.769600
14	26.947200
14	25.586400
14	16.060800
14	18.799200
15	27.720000
15	25.401600
15	27.972000
15	13.288800
15	40.152000
15	15.573600
15	19.874400
15	33.532800
15	25.267200
15	12.264000
15	20.512800
15	13.843200
15	18.866400
15	37.262400
15	27.266400
15	16.598400
15	12.902400
15	9.962400
15	2.284800
15	30.760800
15	15.624000
15	18.513600
15	27.333600
15	21.000000
15	18.967200
15	30.172800
15	35.498400
15	25.653600
15	7.560000
15	26.560800
15	33.381600
15	18.765600
15	23.419200
15	23.032800
15	13.255200
15	21.974400
15	13.591200
15	27.316800
15	28.056000
15	8.702400
15	28.576800
15	14.128800
15	32.457600
15	20.479200
15	27.988800
15	3.528000
15	33.919200
15	13.960800
15	13.641600
15	13.104000
15	22.848000
15	32.256000
15	28.778400
15	12.297600
15	29.904000
15	3.998400
15	12.532800
15	22.596000
15	13.944000
15	33.801600
15	22.108800
15	29.584800
15	26.896800
15	43.159200
15	27.602400
15	14.347200
15	19.672800
15	28.005600
15	8.820000
15	11.272800
15	14.515200
15	8.131200
15	17.371200
15	16.296000
15	18.900000
15	24.595200
15	29.803200
15	22.999200
15	16.497600
15	13.372800
15	17.119200
15	29.988000
15	15.540000
15	31.130400
15	5.712000
15	16.027200
15	6.753600
15	14.649600
15	5.896800
15	26.258400
15	17.623200
15	23.217600
15	9.626400
15	25.200000
15	8.652000
15	23.402400
15	32.474400
15	11.172000
15	26.997600
15	25.754400
16	12.650400
16	31.180800
16	10.819200
16	10.348800
16	11.407200
16	16.329600
16	33.835200
16	21.268800
16	27.316800
16	22.579200
16	34.608000
16	19.790400
16	29.064000
16	18.295200
16	21.604800
16	19.219200
16	16.665600
16	26.124000
16	10.399200
16	24.427200
16	29.820000
16	62.395200
16	17.102400
16	27.652800
16	15.321600
16	27.753600
16	23.200800
16	13.406400
16	22.848000
16	22.730400
16	20.932800
16	29.064000
16	4.435200
16	17.371200
16	18.698400
16	16.077600
16	21.705600
16	23.066400
16	13.960800
16	12.196800
16	18.026400
16	23.856000
16	29.265600
16	13.255200
16	34.204800
16	25.704000
16	34.843200
16	18.799200
16	12.146400
16	26.947200
16	27.703200
16	6.988800
16	10.668000
16	15.372000
16	18.698400
16	9.542400
16	7.929600
16	16.917600
16	32.071200
16	17.253600
16	27.333600
16	27.770400
16	18.446400
16	17.488800
16	15.657600
16	28.190400
16	33.213600
16	21.235200
16	17.740800
16	24.528000
16	13.725600
16	15.405600
16	11.457600
16	13.490400
16	16.850400
16	22.444800
16	28.459200
16	18.194400
16	29.332800
16	30.391200
16	21.722400
16	15.338400
16	20.479200
16	17.068800
16	16.363200
16	30.777600
16	26.056800
16	28.677600
16	29.904000
16	15.019200
16	28.963200
16	30.139200
16	25.183200
16	38.001600
16	9.424800
16	19.454400
16	28.358400
16	30.172800
16	18.093600
16	27.837600
17	14.548800
17	24.948000
17	14.095200
17	6.753600
17	30.240000
17	25.771200
17	22.629600
17	15.926400
17	21.319200
17	16.296000
17	38.236800
17	22.562400
17	20.109600
17	12.331200
17	20.966400
17	14.263200
17	16.380000
17	33.885600
17	18.244800
17	22.730400
17	20.546400
17	14.128800
17	23.889600
17	25.233600
17	35.296800
17	4.956000
17	22.562400
17	13.003200
17	35.868000
17	12.062400
17	34.305600
17	6.820800
17	12.331200
17	32.037600
17	18.950400
17	19.051200
17	25.956000
17	27.686400
17	35.145600
17	34.171200
17	14.061600
17	6.148800
17	28.072800
17	16.900800
17	19.992000
17	27.165600
17	30.189600
17	25.989600
17	26.040000
17	32.978400
17	27.048000
17	19.773600
17	13.591200
17	29.366400
17	18.177600
17	47.342400
17	5.241600
17	15.237600
17	20.479200
17	16.312800
17	14.330400
17	17.455200
17	13.188000
17	28.173600
17	17.421600
17	28.963200
17	24.158400
17	23.335200
17	24.208800
17	19.437600
17	23.436000
17	14.498400
17	20.815200
17	9.878400
17	29.568000
17	26.577600
17	27.652800
17	4.771200
17	17.589600
17	16.010400
17	14.380800
17	36.909600
17	16.984800
17	31.852800
17	23.738400
17	8.416800
17	24.578400
17	26.241600
17	20.210400
17	28.778400
17	19.521600
17	31.651200
17	21.168000
17	16.732800
17	17.270400
17	6.384000
17	20.227200
17	29.652000
17	20.731200
17	22.848000
18	11.625600
18	29.904000
18	31.701600
18	32.373600
18	25.939200
18	18.362400
18	22.008000
18	19.336800
18	15.321600
18	15.573600
18	24.544800
18	40.538400
18	7.425600
18	16.312800
18	15.943200
18	16.245600
18	19.303200
18	30.458400
18	21.100800
18	10.903200
18	41.076000
18	27.736800
18	10.600800
18	15.792000
18	23.301600
18	43.159200
18	25.099200
18	28.576800
18	30.408000
18	35.028000
18	20.764800
18	11.810400
18	8.265600
18	13.826400
18	12.700800
18	28.677600
18	24.309600
18	25.771200
18	29.618400
18	6.417600
18	12.314400
18	31.029600
18	34.591200
18	26.308800
18	21.268800
18	20.344800
18	28.728000
18	32.272800
18	38.270400
18	21.268800
18	14.582400
18	10.449600
18	23.553600
18	17.270400
18	27.316800
18	12.952800
18	6.736800
18	36.304800
18	11.222400
18	30.223200
18	37.632000
18	21.520800
18	22.276800
18	26.174400
18	15.926400
18	14.078400
18	29.988000
18	24.007200
18	19.891200
18	22.344000
18	19.656000
18	21.352800
18	25.720800
18	27.820800
18	12.045600
18	26.997600
18	24.292800
18	18.396000
18	9.508800
18	24.276000
18	32.340000
18	17.085600
18	34.356000
18	12.885600
18	20.260800
18	18.916800
18	11.289600
18	29.265600
18	22.663200
18	16.178400
18	11.440800
18	8.265600
18	13.608000
18	21.302400
18	13.876800
18	18.261600
18	16.917600
18	24.292800
18	25.552800
18	25.468800
19	17.942400
19	28.660800
19	21.890400
19	14.061600
19	3.746400
19	20.630400
19	7.576800
19	11.440800
19	20.882400
19	25.502400
19	9.828000
19	15.624000
19	31.449600
19	15.069600
19	17.841600
19	36.086400
19	27.568800
19	14.632800
19	17.539200
19	16.161600
19	35.616000
19	34.927200
19	37.632000
19	20.798400
19	21.218400
19	35.565600
19	24.746400
19	24.477600
19	33.398400
19	26.443200
19	4.317600
19	7.929600
19	41.932800
19	21.772800
19	41.563200
19	22.092000
19	8.164800
19	36.708000
19	28.795200
19	24.864000
19	22.360800
19	19.068000
19	29.198400
19	30.643200
19	37.044000
19	21.252000
19	21.537600
19	23.083200
19	26.762400
19	13.154400
19	45.040800
19	33.516000
19	35.313600
19	22.948800
19	11.776800
19	13.473600
19	28.879200
19	19.404000
19	26.544000
19	26.913600
19	24.427200
19	9.710400
19	29.030400
19	13.204800
19	16.363200
19	27.081600
19	22.344000
19	30.458400
19	11.306400
19	31.886400
19	22.848000
19	22.092000
19	27.535200
19	5.846400
19	10.432800
19	21.050400
19	31.164000
19	21.991200
19	15.355200
19	33.163200
19	23.133600
19	32.390400
19	21.520800
19	12.633600
19	12.936000
19	12.196800
19	24.964800
19	18.312000
19	19.706400
19	26.896800
19	32.860800
19	9.643200
19	23.116800
19	20.260800
19	17.455200
19	10.584000
19	23.805600
19	30.273600
19	12.398400
19	8.282400
20	12.028800
20	43.579200
20	21.201600
20	25.334400
20	17.892000
20	7.308000
20	12.247200
20	12.230400
20	26.308800
20	4.636800
20	38.455200
20	23.721600
20	23.772000
20	22.764000
20	24.880800
20	22.512000
20	18.278400
20	17.018400
20	14.078400
20	21.991200
20	31.164000
20	21.302400
20	19.034400
20	27.955200
20	39.295200
20	15.002400
20	17.841600
20	10.264800
20	38.018400
20	23.184000
20	19.874400
20	14.347200
20	16.010400
20	11.541600
20	29.383200
20	2.620800
20	27.333600
20	19.320000
20	30.744000
20	22.512000
20	31.567200
20	15.187200
20	25.788000
20	21.000000
20	25.754400
20	41.328000
20	26.997600
20	25.452000
20	21.655200
20	11.474400
20	22.999200
20	15.876000
20	24.108000
20	19.572000
20	23.637600
20	13.255200
20	43.528800
20	18.463200
20	45.309600
20	30.643200
20	19.572000
20	6.535200
20	20.899200
20	51.676800
20	28.089600
20	34.843200
20	27.972000
20	40.891200
20	17.942400
20	25.905600
20	8.736000
20	20.244000
20	11.844000
20	21.235200
20	13.120800
20	16.968000
20	21.688800
20	18.228000
20	29.232000
20	30.962400
20	13.574400
20	13.977600
20	26.140800
20	7.476000
20	11.676000
20	39.530400
20	23.654400
20	30.139200
20	11.188800
20	28.224000
20	38.640000
20	26.359200
20	9.357600
20	37.279200
20	27.938400
20	16.884000
20	38.556000
20	36.388800
20	35.162400
20	19.504800
21	13.893600
21	34.960800
21	28.308000
21	9.374400
21	32.222400
21	12.936000
21	10.617600
21	31.399200
21	28.022400
21	13.944000
21	20.260800
21	25.116000
21	37.632000
21	6.434400
21	32.625600
21	11.726400
21	38.287200
21	15.103200
21	32.373600
21	27.921600
21	28.845600
21	36.388800
21	14.280000
21	32.054400
21	19.891200
21	49.660800
21	24.830400
21	35.817600
21	36.204000
21	26.140800
21	19.555200
21	25.636800
21	11.508000
21	17.976000
21	26.124000
21	31.768800
21	36.439200
21	15.153600
21	10.819200
21	17.421600
21	13.020000
21	37.413600
21	13.204800
21	28.324800
21	11.424000
21	3.696000
21	19.874400
21	10.214400
21	27.804000
21	9.760800
21	41.697600
21	40.336800
21	13.003200
21	15.388800
21	35.162400
21	24.242400
21	38.136000
21	14.128800
21	29.248800
21	27.182400
21	15.842400
21	39.631200
21	17.438400
21	15.892800
21	23.116800
21	15.657600
21	24.292800
21	26.728800
21	32.071200
21	20.025600
21	13.070400
21	29.920800
21	19.353600
21	21.201600
21	29.652000
21	33.096000
21	25.048800
21	28.879200
21	20.412000
21	41.764800
21	18.580800
21	12.297600
21	19.303200
21	28.257600
21	19.622400
21	28.308000
21	21.403200
21	15.859200
21	25.872000
21	20.731200
21	21.436800
21	20.832000
21	8.316000
21	17.623200
21	24.612000
21	23.536800
21	26.544000
21	25.838400
21	23.990400
21	16.380000
22	30.122400
22	21.016800
22	34.070400
22	22.629600
22	23.251200
22	13.608000
22	30.844800
22	25.384800
22	19.924800
22	20.260800
22	27.249600
22	24.981600
22	19.118400
22	21.705600
22	13.591200
22	13.876800
22	21.016800
22	10.432800
22	17.522400
22	7.089600
22	23.721600
22	14.179200
22	29.685600
22	17.354400
22	40.572000
22	19.017600
22	37.447200
22	30.626400
22	27.182400
22	21.000000
22	27.820800
22	19.807200
22	26.409600
22	25.048800
22	14.313600
22	15.741600
22	28.946400
22	9.038400
22	23.083200
22	11.390400
22	17.942400
22	23.536800
22	38.522400
22	16.228800
22	27.199200
22	29.433600
22	28.308000
22	19.555200
22	18.278400
22	13.120800
22	34.053600
22	27.972000
22	10.550400
22	21.084000
22	40.051200
22	28.929600
22	25.804800
22	9.324000
22	19.521600
22	16.548000
22	45.158400
22	20.143200
22	37.951200
22	17.203200
22	23.234400
22	23.150400
22	20.815200
22	29.148000
22	56.179200
22	24.897600
22	38.875200
22	31.012800
22	25.233600
22	22.999200
22	8.047200
22	24.225600
22	13.624800
22	13.977600
22	29.131200
22	34.725600
22	12.616800
22	34.540800
22	17.791200
22	18.060000
22	3.494400
22	19.555200
22	11.928000
22	21.084000
22	25.032000
22	31.567200
22	8.870400
22	33.264000
22	23.822400
22	21.688800
22	13.490400
22	30.945600
22	6.232800
22	22.360800
22	29.080800
22	16.984800
23	36.204000
23	9.240000
23	30.458400
23	15.019200
23	26.796000
23	21.806400
23	40.740000
23	13.322400
23	16.816800
23	25.821600
23	33.230400
23	37.094400
23	9.844800
23	18.984000
23	9.727200
23	34.322400
23	19.252800
23	19.168800
23	13.826400
23	30.811200
23	19.857600
23	19.135200
23	43.747200
23	17.472000
23	39.715200
23	31.483200
23	25.519200
23	14.212800
23	11.608800
23	18.547200
23	39.866400
23	17.018400
23	11.340000
23	54.684000
23	34.322400
23	19.723200
23	25.788000
23	21.554400
23	36.993600
23	35.229600
23	27.652800
23	28.442400
23	24.292800
23	18.816000
23	29.534400
23	16.480800
23	31.768800
23	25.418400
23	22.780800
23	31.365600
23	15.590400
23	27.132000
23	31.886400
23	25.905600
23	24.628800
23	17.791200
23	37.329600
23	19.168800
23	29.164800
23	20.227200
23	30.391200
23	23.587200
23	22.344000
23	34.221600
23	16.111200
23	14.431200
23	18.396000
23	32.608800
23	11.440800
23	15.523200
23	18.211200
23	28.828800
23	26.712000
23	17.959200
23	21.235200
23	8.853600
23	15.657600
23	19.740000
23	18.748800
23	26.762400
23	17.001600
23	47.275200
23	24.662400
23	26.392800
23	32.760000
23	17.824800
23	31.701600
23	26.829600
23	16.027200
23	10.802400
23	5.644800
23	20.311200
23	9.206400
23	24.360000
23	30.475200
23	27.854400
23	34.776000
23	21.470400
23	26.644800
23	23.570400
24	13.944000
24	9.996000
24	36.204000
24	34.440000
24	35.481600
24	16.245600
24	25.536000
24	16.732800
24	5.695200
24	19.639200
24	17.270400
24	15.993600
24	11.608800
24	30.004800
24	39.564000
24	25.200000
24	36.405600
24	17.774400
24	9.172800
24	23.604000
24	21.336000
24	19.454400
24	18.614400
24	11.692800
24	36.187200
24	16.800000
24	25.166400
24	13.708800
24	23.469600
24	9.038400
24	28.610400
24	7.896000
24	9.105600
24	27.316800
24	31.668000
24	29.836800
24	19.975200
24	23.352000
24	8.080800
24	19.152000
24	35.380800
24	33.936000
24	42.084000
24	29.164800
24	23.587200
24	9.609600
24	11.575200
24	9.374400
24	26.829600
24	17.791200
24	27.199200
24	23.604000
24	17.337600
24	24.746400
24	20.899200
24	25.536000
24	28.039200
24	29.652000
24	10.382400
24	11.944800
24	35.028000
24	38.791200
24	21.235200
24	37.430400
24	24.528000
24	25.065600
24	15.338400
24	13.692000
24	22.848000
24	24.679200
24	16.044000
24	28.257600
24	22.310400
24	24.864000
24	34.087200
24	13.725600
24	16.783200
24	41.496000
24	40.572000
24	29.131200
24	14.532000
24	16.900800
24	14.044800
24	41.664000
24	19.672800
24	28.324800
24	16.800000
24	23.402400
24	21.890400
24	32.138400
24	27.871200
24	12.247200
24	34.322400
24	20.966400
24	30.727200
24	27.720000
24	24.024000
24	38.388000
24	23.133600
24	23.570400
25	10.684800
25	8.736000
25	23.688000
25	13.389600
25	21.688800
25	14.683200
25	13.339200
25	30.004800
25	5.460000
25	10.500000
25	13.608000
25	13.305600
25	36.741600
25	33.297600
25	27.854400
25	39.093600
25	22.360800
25	20.882400
25	13.238400
25	33.633600
25	27.249600
25	25.620000
25	24.712800
25	17.572800
25	27.484800
25	18.446400
25	23.973600
25	30.189600
25	20.328000
25	9.945600
25	26.308800
25	31.516800
25	19.891200
25	17.976000
25	16.212000
25	37.514400
25	15.036000
25	28.039200
25	25.586400
25	39.732000
25	35.868000
25	22.344000
25	29.769600
25	22.226400
25	30.895200
25	18.782400
25	23.856000
25	36.640800
25	28.140000
25	19.068000
25	12.364800
25	26.728800
25	27.384000
25	9.340800
25	39.412800
25	23.503200
25	37.800000
25	23.940000
25	20.109600
25	36.204000
25	41.966400
25	8.450400
25	29.836800
25	13.003200
25	25.368000
25	19.454400
25	18.177600
25	26.073600
25	31.920000
25	36.976800
25	13.742400
25	21.504000
25	31.500000
25	46.149600
25	19.252800
25	17.992800
25	16.094400
25	37.279200
25	21.386400
25	26.964000
25	9.156000
25	14.263200
25	21.268800
25	25.754400
25	12.700800
25	40.370400
25	39.849600
25	23.167200
25	22.293600
25	33.465600
25	27.417600
25	44.385600
25	22.360800
25	24.292800
25	55.809600
25	20.781600
25	11.037600
25	22.276800
25	26.376000
25	15.153600
26	16.363200
26	31.584000
26	16.716000
26	27.770400
26	31.567200
26	47.611200
26	45.057600
26	32.289600
26	42.504000
26	19.555200
26	19.000800
26	15.405600
26	36.556800
26	28.711200
26	22.965600
26	25.200000
26	31.096800
26	21.722400
26	34.540800
26	23.570400
26	9.996000
26	10.970400
26	29.416800
26	24.007200
26	37.044000
26	15.926400
26	14.901600
26	22.344000
26	33.465600
26	19.118400
26	19.773600
26	27.400800
26	30.676800
26	27.904800
26	27.031200
26	19.521600
26	17.875200
26	34.658400
26	14.145600
26	43.512000
26	31.416000
26	38.018400
26	5.460000
26	28.072800
26	24.948000
26	28.173600
26	39.799200
26	35.884800
26	15.976800
26	24.124800
26	29.349600
26	31.046400
26	17.253600
26	22.629600
26	26.023200
26	42.840000
26	29.668800
26	5.359200
26	26.325600
26	34.104000
26	18.816000
26	11.121600
26	33.818400
26	8.080800
26	32.054400
26	34.524000
26	6.300000
26	9.760800
26	9.256800
26	18.412800
26	21.588000
26	20.462400
26	30.676800
26	37.682400
26	15.405600
26	22.696800
26	29.248800
26	15.506400
26	14.229600
26	23.284800
26	11.894400
26	24.040800
26	25.620000
26	31.903200
26	15.808800
26	18.429600
26	49.022400
26	9.844800
26	16.850400
26	30.391200
26	27.888000
26	19.488000
26	34.608000
26	11.524800
26	14.750400
26	23.083200
26	28.106400
26	1.730400
26	32.155200
26	28.308000
27	15.540000
27	25.737600
27	17.438400
27	30.004800
27	18.580800
27	21.520800
27	16.531200
27	2.301600
27	29.736000
27	14.464800
27	20.412000
27	19.857600
27	15.976800
27	4.166400
27	31.197600
27	3.276000
27	37.497600
27	33.398400
27	29.971200
27	29.131200
27	19.454400
27	33.482400
27	11.272800
27	30.206400
27	21.991200
27	29.920800
27	27.804000
27	22.008000
27	29.652000
27	26.426400
27	14.868000
27	28.761600
27	32.894400
27	33.549600
27	41.260800
27	9.122400
27	26.896800
27	30.525600
27	19.034400
27	26.107200
27	30.408000
27	34.372800
27	20.428800
27	34.154400
27	29.467200
27	23.520000
27	22.932000
27	31.432800
27	20.932800
27	40.404000
27	35.128800
27	19.555200
27	13.675200
27	10.651200
27	11.793600
27	23.116800
27	28.543200
27	30.861600
27	15.792000
27	28.224000
27	37.279200
27	22.377600
27	35.666400
27	29.080800
27	26.426400
27	26.544000
27	26.006400
27	22.377600
27	31.483200
27	18.076800
27	20.966400
27	27.115200
27	21.571200
27	19.689600
27	27.636000
27	15.607200
27	30.508800
27	42.487200
27	5.796000
27	15.271200
27	11.071200
27	20.714400
27	19.555200
27	28.375200
27	9.156000
27	15.808800
27	43.327200
27	21.638400
27	16.094400
27	35.565600
27	32.424000
27	33.835200
27	15.909600
27	15.405600
27	30.508800
27	40.336800
27	17.220000
27	28.560000
27	31.516800
27	24.662400
28	26.846400
28	12.432000
28	33.616800
28	14.800800
28	25.284000
28	36.741600
28	15.758400
28	25.351200
28	36.321600
28	9.307200
28	11.877600
28	4.048800
28	33.448800
28	38.959200
28	38.337600
28	19.521600
28	14.616000
28	22.596000
28	25.233600
28	34.792800
28	13.960800
28	19.454400
28	40.420800
28	25.065600
28	33.566400
28	20.143200
28	13.826400
28	9.962400
28	33.348000
28	21.100800
28	38.740800
28	17.354400
28	5.796000
28	16.648800
28	23.402400
28	17.690400
28	38.438400
28	26.208000
28	16.044000
28	13.826400
28	23.688000
28	12.079200
28	25.502400
28	20.580000
28	38.455200
28	42.252000
28	19.874400
28	14.179200
28	15.674400
28	17.539200
28	32.272800
28	31.970400
28	21.756000
28	25.418400
28	66.091200
28	10.584000
28	36.808800
28	31.869600
28	24.460800
28	11.659200
28	30.424800
28	44.301600
28	25.216800
28	48.770400
28	17.136000
28	18.832800
28	17.320800
28	22.125600
28	33.751200
28	11.894400
28	37.178400
28	26.728800
28	16.716000
28	26.527200
28	44.100000
28	14.229600
28	12.163200
28	32.272800
28	37.228800
28	15.036000
28	22.545600
28	18.244800
28	10.080000
28	39.967200
28	10.735200
28	40.488000
28	27.652800
28	13.591200
28	39.715200
28	25.720800
28	17.992800
28	13.759200
28	35.414400
28	40.168800
28	37.581600
28	20.563200
28	24.679200
28	18.614400
28	42.436800
28	16.833600
29	27.451200
29	20.378400
29	9.912000
29	31.399200
29	36.136800
29	18.732000
29	28.912800
29	34.591200
29	20.496000
29	28.728000
29	20.664000
29	30.324000
29	39.883200
29	24.427200
29	11.020800
29	56.280000
29	16.044000
29	14.481600
29	24.864000
29	15.540000
29	20.361600
29	15.859200
29	25.183200
29	38.404800
29	9.189600
29	21.705600
29	5.913600
29	24.108000
29	25.351200
29	24.696000
29	21.588000
29	16.732800
29	24.578400
29	38.018400
29	11.575200
29	24.780000
29	41.596800
29	17.102400
29	27.703200
29	30.055200
29	30.055200
29	33.129600
29	30.676800
29	23.436000
29	28.694400
29	21.957600
29	17.455200
29	24.124800
29	27.837600
29	25.082400
29	19.672800
29	13.440000
29	20.983200
29	19.286400
29	31.214400
29	32.676000
29	10.281600
29	15.271200
29	24.981600
29	30.273600
29	6.434400
29	34.020000
29	40.891200
29	28.207200
29	21.084000
29	37.699200
29	27.686400
29	10.785600
29	15.909600
29	10.718400
29	39.748800
29	12.852000
29	11.978400
29	26.325600
29	33.784800
29	9.105600
29	30.912000
29	35.414400
29	37.968000
29	9.676800
29	36.136800
29	17.908800
29	41.764800
29	19.992000
29	17.606400
29	19.588800
29	7.644000
29	23.436000
29	5.594400
29	30.878400
29	12.280800
29	27.400800
29	26.880000
29	4.956000
29	41.328000
29	21.705600
29	28.862400
29	35.599200
29	33.465600
29	32.340000
30	25.737600
30	23.973600
30	22.898400
30	40.269600
30	25.939200
30	50.248800
30	11.524800
30	23.788800
30	11.894400
30	19.286400
30	29.702400
30	6.148800
30	34.272000
30	18.211200
30	17.858400
30	6.064800
30	12.297600
30	18.648000
30	26.997600
30	22.344000
30	25.183200
30	30.996000
30	36.103200
30	44.839200
30	17.875200
30	28.660800
30	14.431200
30	16.648800
30	18.984000
30	30.021600
30	18.883200
30	9.172800
30	21.688800
30	30.542400
30	21.000000
30	23.049600
30	21.940800
30	13.272000
30	14.918400
30	12.885600
30	24.544800
30	31.483200
30	20.798400
30	32.944800
30	20.344800
30	14.330400
30	30.542400
30	21.050400
30	17.371200
30	13.036800
30	11.844000
30	30.710400
30	29.887200
30	8.198400
30	18.664800
30	18.564000
30	17.976000
30	32.272800
30	21.369600
30	37.430400
30	30.072000
30	31.584000
30	18.648000
30	49.240800
30	18.564000
30	18.732000
30	21.235200
30	6.316800
30	21.873600
30	9.424800
30	18.127200
30	25.418400
30	23.923200
30	10.466400
30	16.816800
30	17.169600
30	20.714400
30	26.258400
30	20.697600
30	28.056000
30	28.543200
30	9.525600
30	7.358400
30	26.460000
30	17.068800
30	28.963200
30	44.856000
30	43.596000
30	33.549600
30	48.652800
30	21.772800
30	38.220000
30	30.609600
30	26.510400
30	24.544800
30	23.839200
30	35.868000
30	14.817600
30	29.668800
30	15.288000
