1	0.209088
1	0.149103
1	0.102141
1	0.213531
1	0.017194
1	10.442871
1	0.110888
1	1.074725
1	0.027908
1	0.085985
1	0.058666
1	0.027504
1	6.183154
1	0.027233
1	0.066527
1	0.051297
1	0.042974
1	0.098458
1	0.054164
1	0.065240
1	0.133967
1	0.036834
1	2.063671
1	0.819330
1	0.212478
1	0.106669
1	0.248518
1	0.091905
1	0.769844
1	0.581989
1	0.078840
1	1.250405
1	0.019543
1	0.150361
1	0.495059
1	0.290547
1	0.000000
1	0.063259
1	0.148877
1	0.343269
1	0.699514
1	0.077896
1	0.396775
1	0.425757
1	0.000000
1	0.970041
1	0.047040
1	0.072465
1	0.271895
1	0.941483
1	0.000000
1	0.194302
1	0.167050
1	0.364532
1	0.073277
1	0.904171
1	4.078044
1	0.211090
1	0.138668
1	0.738840
1	0.056715
1	1.847593
1	3.011576
1	0.642756
1	0.591627
1	0.025102
1	1.005232
1	0.148422
1	0.068959
1	1.217118
1	0.156277
1	0.048218
1	0.430496
1	0.027200
1	19.625516
1	0.000000
1	0.060789
1	0.305840
1	0.072566
1	0.103877
1	0.019155
1	0.011710
1	0.030300
1	0.105976
1	0.140173
1	0.093134
1	0.081070
1	0.304745
1	0.078593
1	0.134508
1	0.151433
1	0.080393
1	0.024971
1	0.229146
1	0.014496
1	0.010395
1	0.092561
1	0.032415
1	0.004540
1	0.005461
2	0.695010
2	0.186778
2	0.158030
2	0.168383
2	2.285410
2	0.086797
2	0.173841
2	0.079890
2	0.000000
2	0.063418
2	0.084874
2	0.066150
2	0.219375
2	0.225750
2	0.093184
2	0.201480
2	0.321141
2	0.035583
2	0.185823
2	1.722586
2	0.614795
2	0.079094
2	0.537126
2	0.223681
2	0.799376
2	0.477091
2	0.055038
2	0.143055
2	1.133964
2	0.023750
2	0.459849
2	0.125409
2	0.219383
2	0.080700
2	0.607312
2	0.049860
2	0.104033
2	0.287791
2	0.036881
2	0.117732
2	1.704560
2	0.224039
2	2.666461
2	0.131782
2	0.185741
2	0.063753
2	0.216698
2	3.851705
2	0.193865
2	0.074015
2	0.224798
2	0.082288
2	1.289853
2	0.127039
2	0.246750
2	0.122178
2	0.226188
2	0.124863
2	1.349758
2	0.650363
2	0.276729
2	0.450562
2	0.051159
2	0.094224
2	0.131192
2	1.790263
2	0.122898
2	0.217131
2	0.111566
2	0.069365
2	0.020261
2	0.270506
2	0.159279
2	0.612838
2	0.180591
2	0.115127
2	0.388305
2	0.162441
2	0.449698
2	0.091320
2	0.102888
2	0.056553
2	0.155848
2	0.084752
2	0.150693
2	0.088632
2	0.073840
2	0.186448
2	1.338559
2	0.458093
2	0.133826
2	0.019156
2	1.230757
2	0.204711
2	0.065527
2	0.092171
2	0.040874
2	0.036978
2	1.046094
2	0.075583
3	0.140163
3	0.113767
3	0.090614
3	0.584303
3	0.125123
3	1.194135
3	0.485616
3	0.440785
3	0.007809
3	0.940529
3	0.219754
3	0.077443
3	1.301802
3	0.248212
3	0.786407
3	0.126195
3	0.084787
3	0.537412
3	0.855742
3	0.888185
3	0.304513
3	0.041650
3	0.075756
3	0.128187
3	0.094657
3	0.185682
3	0.341431
3	0.339932
3	0.131933
3	0.515261
3	0.329455
3	0.148518
3	0.347608
3	0.094335
3	0.044137
3	0.135933
3	0.878052
3	0.072603
3	0.160228
3	0.588360
3	0.530255
3	0.065833
3	0.188051
3	0.702034
3	0.141899
3	0.115091
3	0.034822
3	0.143673
3	0.117501
3	0.076971
3	0.183176
3	0.147657
3	0.193220
3	0.142382
3	0.066578
3	0.088285
3	0.437608
3	0.105332
3	0.136623
3	0.087591
3	0.481139
3	6.374337
3	0.182752
3	0.061760
3	0.089863
3	0.225602
3	0.528686
3	0.208130
3	0.096890
3	0.128429
3	0.356959
3	0.530159
3	0.126266
3	0.057291
3	0.109549
3	0.373464
3	0.126107
3	1.568775
3	0.652507
3	0.048205
3	0.106084
3	0.052717
3	0.135909
3	0.128450
3	0.135674
3	0.036261
3	0.593180
3	0.073094
3	0.574856
3	0.160664
3	0.474667
3	0.106944
3	1.046808
3	0.032441
3	0.067080
3	0.070629
3	0.761346
3	0.081666
3	0.035953
3	0.638013
4	0.755462
4	0.033348
4	0.383876
4	0.202100
4	0.152409
4	0.137625
4	0.055770
4	1.404352
4	0.703388
4	0.127229
4	0.210579
4	0.414922
4	0.367740
4	0.503058
4	0.500078
4	0.452640
4	0.176202
4	0.057730
4	0.076967
4	0.079217
4	0.308739
4	0.503454
4	0.077864
4	3.400581
4	0.663798
4	0.122411
4	1.441643
4	0.162700
4	0.395142
4	0.205457
4	0.079878
4	0.255634
4	0.193292
4	1.060616
4	0.431491
4	0.386356
4	0.140552
4	0.057434
4	0.231866
4	0.497481
4	0.060820
4	0.113086
4	0.810186
4	0.100026
4	0.296571
4	0.212665
4	0.091272
4	0.086243
4	0.122331
4	0.046831
4	0.050133
4	0.786696
4	0.146619
4	0.584654
4	0.419853
4	0.729865
4	0.048746
4	0.066124
4	0.506769
4	0.139650
4	1.414453
4	0.083029
4	0.141867
4	0.206541
4	0.208770
4	0.486434
4	0.133739
4	0.571380
4	0.446379
4	0.077310
4	0.103202
4	0.691862
4	0.115680
4	0.367031
4	0.095189
4	0.202746
4	0.214882
4	0.119457
4	0.163159
4	0.198166
4	0.112634
4	0.178142
4	0.330757
4	0.219176
4	0.313271
4	0.065060
4	0.864529
4	0.178521
4	0.115049
4	0.463040
4	0.754241
4	0.445301
4	0.380393
4	0.269305
4	0.136940
4	0.062294
4	0.124956
4	0.201942
4	0.627279
4	0.107704
5	0.239381
5	0.251627
5	0.425795
5	0.207827
5	0.121477
5	0.304549
5	0.109274
5	0.460810
5	0.192570
5	0.361098
5	0.503101
5	0.870177
5	0.115348
5	0.851439
5	0.227958
5	0.608556
5	0.168942
5	0.437088
5	0.344929
5	0.218562
5	0.890266
5	0.081453
5	0.120643
5	0.452678
5	0.334001
5	0.204506
5	0.683184
5	0.183001
5	0.190853
5	0.109591
5	0.120836
5	1.008850
5	0.092679
5	0.546386
5	0.100258
5	0.355848
5	0.353657
5	0.955918
5	0.774647
5	0.203766
5	0.342663
5	0.168448
5	0.302855
5	1.360020
5	0.907927
5	0.253873
5	0.485666
5	0.083528
5	0.525010
5	0.257580
5	0.226231
5	0.378166
5	0.095317
5	1.034807
5	0.554790
5	0.071864
5	0.459854
5	0.111544
5	0.043763
5	0.112631
5	0.112360
5	0.212135
5	0.189627
5	0.310330
5	0.111962
5	0.247322
5	0.071344
5	0.069097
5	0.117150
5	0.220332
5	0.465323
5	0.103006
5	0.083568
5	0.275763
5	0.372309
5	0.938115
5	0.089960
5	0.459214
5	0.100304
5	0.255718
5	0.218276
5	0.064249
5	0.221926
5	0.251362
5	0.108902
5	0.122126
5	0.095395
5	0.198636
5	0.079329
5	0.100073
5	0.333925
5	0.408835
5	0.082500
5	0.399261
5	0.374590
5	0.502687
5	0.614777
5	0.253580
5	0.177226
5	0.077510
6	0.068181
6	0.764168
6	0.479258
6	0.080318
6	0.212255
6	0.235601
6	0.287992
6	0.821795
6	0.161064
6	0.196698
6	0.064043
6	0.596440
6	0.079429
6	0.243325
6	1.159041
6	0.781556
6	0.820353
6	1.955901
6	0.205263
6	0.556739
6	0.081241
6	0.235940
6	0.255438
6	0.914904
6	0.330188
6	0.162053
6	0.344501
6	0.429965
6	0.146879
6	0.071079
6	0.220392
6	0.037775
6	0.549450
6	0.159846
6	0.144647
6	0.617786
6	0.265633
6	0.311958
6	0.135597
6	0.065251
6	0.269981
6	0.072641
6	0.472912
6	0.098004
6	0.158715
6	0.133699
6	0.261437
6	1.086489
6	0.472034
6	1.142123
6	0.344107
6	0.056234
6	0.434399
6	0.599674
6	0.920552
6	0.701601
6	0.461902
6	0.183928
6	0.419560
6	0.408283
6	0.502191
6	0.244366
6	0.095330
6	0.782535
6	0.457433
6	0.488154
6	0.230124
6	0.373782
6	0.135141
6	0.178739
6	0.122979
6	0.360768
6	0.420874
6	0.121484
6	0.294339
6	0.559136
6	0.575863
6	0.128148
6	0.160488
6	0.324986
6	0.093934
6	0.477852
6	0.514906
6	0.463040
6	0.390062
6	0.169684
6	0.082812
6	0.369690
6	0.227610
6	0.292572
6	0.502788
6	0.254359
6	0.209453
6	0.074944
6	0.127263
6	0.170613
6	0.467694
6	0.124598
6	0.028363
6	0.231361
7	0.131080
7	0.364554
7	1.235379
7	0.191473
7	0.507920
7	0.382621
7	0.199108
7	0.555204
7	0.324761
7	0.481479
7	0.437739
7	0.347799
7	0.640017
7	0.312544
7	0.851781
7	0.639511
7	0.077811
7	0.264318
7	0.504964
7	0.360739
7	0.382796
7	0.278237
7	0.479166
7	0.065132
7	0.283474
7	0.061854
7	0.306241
7	0.382594
7	0.058204
7	0.193282
7	0.384888
7	0.124046
7	0.555427
7	0.074026
7	0.279513
7	0.186070
7	0.183535
7	0.179847
7	0.348166
7	0.352497
7	0.444174
7	0.066877
7	1.077942
7	0.355671
7	0.278615
7	0.127781
7	0.217422
7	0.077244
7	0.104535
7	0.491921
7	0.068230
7	0.678660
7	0.330641
7	0.213800
7	0.535599
7	0.494014
7	0.066157
7	0.293750
7	0.309450
7	0.299959
7	0.311113
7	0.267655
7	0.346020
7	0.230609
7	0.644296
7	0.343497
7	0.503319
7	1.289570
7	0.536427
7	0.164262
7	0.220559
7	0.136334
7	0.092572
7	0.146859
7	0.524094
7	0.067535
7	0.211072
7	0.720292
7	0.448818
7	0.480610
7	0.591309
7	1.137487
7	0.228222
7	3.875683
7	0.209729
7	0.344566
7	1.058555
7	0.812372
7	0.080724
7	0.430989
7	0.165695
7	0.464249
7	0.131504
7	0.121127
7	0.586717
7	0.088237
7	0.488802
7	0.466030
7	0.676450
7	0.726787
8	1.540613
8	0.615226
8	0.108672
8	0.453545
8	0.403695
8	0.233045
8	0.824362
8	0.314920
8	0.060126
8	1.194578
8	0.198423
8	0.283502
8	0.095982
8	0.399563
8	0.828658
8	0.499039
8	0.596444
8	0.289123
8	0.597074
8	0.979725
8	0.179877
8	0.280663
8	0.231216
8	0.850187
8	0.751345
8	1.446025
8	1.002278
8	0.109527
8	0.186276
8	0.770253
8	0.388147
8	0.258331
8	0.419992
8	0.904228
8	0.334703
8	0.307737
8	3.204353
8	0.065608
8	0.663322
8	0.355004
8	0.578690
8	0.487511
8	0.481449
8	0.264893
8	0.295313
8	0.238297
8	0.339450
8	0.629346
8	0.423653
8	0.202142
8	0.670145
8	0.277156
8	1.022582
8	0.202770
8	0.232853
8	0.125905
8	0.268444
8	0.486362
8	0.651908
8	0.755771
8	0.506578
8	0.309137
8	0.264921
8	0.453227
8	0.128348
8	0.289326
8	0.883508
8	0.477579
8	0.374842
8	0.204028
8	0.364202
8	0.597042
8	0.398629
8	0.526697
8	0.265589
8	2.271118
8	0.098700
8	1.007561
8	1.154734
8	0.713427
8	0.175948
8	0.438147
8	0.990223
8	0.360289
8	0.449165
8	0.315413
8	0.052835
8	0.090327
8	0.914481
8	0.096638
8	1.155612
8	0.324565
8	0.620104
8	0.962576
8	0.772160
8	0.127080
8	0.514973
8	0.581160
8	0.341046
8	0.329802
9	0.147449
9	0.585857
9	0.071661
9	0.318781
9	0.635471
9	0.324579
9	0.701000
9	0.176113
9	0.238970
9	0.196517
9	1.006770
9	0.315441
9	0.826751
9	0.130265
9	0.661519
9	0.940612
9	0.358089
9	0.213464
9	0.099005
9	0.189460
9	0.143828
9	0.117937
9	0.072399
9	0.409681
9	1.138750
9	0.764654
9	0.089709
9	0.459120
9	0.228403
9	0.603243
9	0.928353
9	0.848964
9	0.268096
9	1.199710
9	0.249993
9	0.084156
9	0.397740
9	0.558391
9	0.336907
9	0.351945
9	0.141796
9	0.478816
9	0.189648
9	1.019505
9	0.326776
9	0.374659
9	0.531207
9	0.068121
9	0.201848
9	0.999437
9	0.551567
9	0.428107
9	1.154196
9	0.216149
9	0.802864
9	0.090752
9	0.454632
9	1.052248
9	0.237983
9	0.453390
9	0.342689
9	0.367496
9	0.754620
9	0.371579
9	1.442707
9	0.171015
9	0.465380
9	0.366440
9	0.665762
9	0.436982
9	0.313575
9	0.251465
9	0.329631
9	0.283542
9	0.713377
9	0.395901
9	0.177318
9	0.222224
9	0.577901
9	0.161303
9	0.213717
9	0.415292
9	0.169314
9	0.498586
9	1.060963
9	0.260296
9	0.300998
9	0.321380
9	0.786888
9	0.355142
9	0.202546
9	0.656218
9	0.205658
9	0.962138
9	0.353371
9	0.233403
9	0.433325
9	0.047297
9	0.772731
9	0.581168
10	0.477873
10	0.724377
10	0.705000
10	0.491848
10	0.407422
10	0.547721
10	0.452690
10	0.423401
10	0.237755
10	0.638059
10	0.573143
10	0.458064
10	0.244807
10	0.363926
10	0.750260
10	0.476145
10	0.297575
10	0.488488
10	0.596709
10	0.707010
10	0.335822
10	0.349046
10	0.297300
10	0.866467
10	0.634440
10	0.109413
10	0.637709
10	0.259804
10	0.619115
10	0.267452
10	0.364768
10	0.272012
10	0.225131
10	0.771037
10	1.200932
10	0.635733
10	0.300181
10	0.689769
10	0.348347
10	0.102973
10	0.224970
10	0.245572
10	1.381306
10	0.333970
10	0.373514
10	0.791251
10	0.281058
10	0.890653
10	0.755739
10	0.767990
10	0.274473
10	0.783810
10	0.526748
10	0.526248
10	0.509907
10	0.526816
10	0.251396
10	0.526221
10	0.138896
10	0.428286
10	0.692294
10	0.065515
10	0.568063
10	0.751384
10	0.485515
10	0.760635
10	0.200136
10	0.402235
10	0.476498
10	0.168926
10	0.436095
10	0.365343
10	0.274753
10	0.320394
10	0.339326
10	1.770918
10	0.520059
10	0.496761
10	0.127309
10	0.454977
10	1.507787
10	0.832241
10	0.867049
10	0.455033
10	0.126996
10	0.693111
10	0.721264
10	0.327452
10	0.619477
10	0.113370
10	0.573095
10	0.403539
10	0.465215
10	0.651482
10	0.407685
10	0.260688
10	0.967409
10	0.691585
10	0.769280
10	0.334284
11	0.493606
11	0.318038
11	0.246113
11	0.554469
11	0.678901
11	0.187630
11	0.378597
11	0.291873
11	0.943561
11	0.214191
11	0.236495
11	0.844043
11	1.321406
11	0.151957
11	0.493307
11	0.169884
11	0.844579
11	0.781541
11	0.311149
11	0.221585
11	0.398203
11	0.241050
11	0.600486
11	0.483875
11	0.678894
11	0.512212
11	0.130580
11	0.626913
11	0.311295
11	0.114339
11	0.224258
11	0.525495
11	0.210978
11	0.275195
11	0.905577
11	0.311647
11	1.050211
11	0.710346
11	0.213155
11	1.279090
11	0.470796
11	0.944946
11	0.445629
11	0.326215
11	0.242069
11	0.601010
11	0.938606
11	1.098584
11	0.447212
11	0.695939
11	1.085528
11	1.028009
11	0.581557
11	0.316008
11	0.109959
11	0.587923
11	0.713743
11	0.982716
11	0.298298
11	0.117855
11	0.800201
11	0.655493
11	0.169291
11	0.417891
11	0.664620
11	0.659804
11	0.788697
11	0.429886
11	0.353337
11	0.617975
11	1.341630
11	0.431501
11	0.727293
11	0.387027
11	0.300947
11	1.301996
11	0.411569
11	0.734629
11	0.171529
11	0.373715
11	0.627424
11	0.769346
11	0.437769
11	0.520440
11	0.399876
11	0.675959
11	0.579562
11	0.395142
11	0.256656
11	0.682112
11	0.227779
11	0.484663
11	0.484234
11	0.190242
11	0.336162
11	0.447858
11	0.305827
11	0.924514
11	0.259584
11	0.277615
12	0.240571
12	1.131207
12	0.346050
12	0.848885
12	0.495536
12	0.713872
12	0.459487
12	0.460260
12	0.336616
12	0.811422
12	0.603285
12	0.547404
12	0.405241
12	0.347010
12	0.284152
12	0.718909
12	0.929747
12	0.581238
12	0.605731
12	0.355991
12	0.104543
12	0.504144
12	0.697886
12	1.771699
12	1.500452
12	0.583813
12	0.460128
12	0.358952
12	0.148553
12	0.483796
12	1.621004
12	1.784291
12	0.550568
12	0.299816
12	0.564980
12	0.564984
12	0.342600
12	0.351448
12	1.321015
12	0.425104
12	0.658150
12	0.402552
12	0.225455
12	0.973428
12	0.262125
12	0.394993
12	0.155558
12	0.235782
12	0.372085
12	0.258885
12	0.825405
12	0.317912
12	0.242093
12	1.085084
12	2.532121
12	0.325545
12	0.638602
12	0.369580
12	0.559059
12	0.435107
12	1.089094
12	0.251367
12	0.290218
12	0.789368
12	0.912739
12	0.445916
12	0.692888
12	0.231197
12	1.818233
12	1.624358
12	0.208643
12	0.572382
12	0.590280
12	0.420166
12	0.485917
12	0.360220
12	0.413081
12	0.272087
12	2.011233
12	0.504178
12	0.267795
12	0.570439
12	0.381237
12	0.467288
12	0.251365
12	0.384130
12	0.324726
12	0.214980
12	0.350072
12	0.509481
12	0.522239
12	0.526542
12	1.172720
12	0.660664
12	1.944150
12	0.375267
12	0.252067
12	0.731901
12	0.470035
12	0.622226
13	0.419242
13	0.630216
13	0.469324
13	0.376762
13	0.204428
13	0.479184
13	0.416403
13	0.350322
13	1.006942
13	0.501649
13	1.187486
13	0.783571
13	0.623731
13	0.452134
13	0.657604
13	0.568878
13	0.703533
13	0.352100
13	0.755309
13	0.365631
13	0.839636
13	1.051465
13	0.518047
13	1.183500
13	0.410519
13	0.287264
13	0.487682
13	1.297865
13	0.259229
13	0.372524
13	1.153716
13	0.592083
13	0.228066
13	0.387781
13	0.508023
13	1.068919
13	1.757932
13	0.437659
13	0.750047
13	0.507936
13	0.102002
13	0.369437
13	0.961232
13	0.455763
13	0.392417
13	1.045609
13	0.788840
13	0.550579
13	1.216626
13	0.368119
13	0.392943
13	1.086977
13	1.039895
13	0.440667
13	0.790343
13	0.430437
13	0.463564
13	0.320031
13	0.152065
13	0.423173
13	0.352337
13	0.769843
13	0.137033
13	0.513252
13	0.769836
13	0.533608
13	0.787729
13	0.336033
13	0.481802
13	0.120656
13	1.075741
13	0.828115
13	0.548737
13	0.941731
13	1.285459
13	0.917862
13	1.155654
13	0.384499
13	0.670882
13	0.444039
13	0.641504
13	0.522781
13	0.562139
13	0.321785
13	0.421473
13	0.749457
13	0.757000
13	0.386934
13	0.517130
13	0.371871
13	1.109747
13	0.233750
13	0.255673
13	0.458407
13	1.443577
13	0.638874
13	0.620888
13	0.213435
13	0.587952
13	0.540066
14	0.419474
14	0.282096
14	0.623406
14	0.858350
14	0.531825
14	0.761010
14	0.222610
14	0.659552
14	0.719602
14	0.679621
14	0.398114
14	0.209528
14	0.775043
14	0.875328
14	0.432664
14	0.214904
14	0.386320
14	0.952795
14	0.550531
14	0.450742
14	1.200961
14	0.394399
14	0.328035
14	0.393215
14	0.611353
14	0.342665
14	0.375609
14	0.226306
14	0.384678
14	1.200265
14	0.746803
14	0.614474
14	0.336551
14	0.060327
14	0.717176
14	0.778468
14	0.384765
14	0.348892
14	1.010126
14	1.314225
14	1.160531
14	0.293386
14	0.253867
14	0.567761
14	0.532799
14	0.342482
14	0.518369
14	0.764650
14	0.753094
14	1.058510
14	0.624952
14	0.483340
14	0.177881
14	0.918368
14	0.746572
14	0.404802
14	0.272485
14	0.553295
14	0.402009
14	0.680351
14	0.183235
14	0.311652
14	0.469967
14	0.805011
14	1.013885
14	0.756130
14	0.318419
14	0.515087
14	0.204867
14	0.689750
14	1.319904
14	1.012494
14	1.333623
14	1.037564
14	0.756420
14	0.129729
14	0.779947
14	0.645665
14	0.460702
14	0.299945
14	0.558500
14	1.234485
14	0.410218
14	0.293107
14	0.648335
14	0.278809
14	0.203984
14	0.844915
14	0.709483
14	0.201726
14	0.624023
14	0.875144
14	0.427145
14	0.486571
14	0.630698
14	0.288751
14	0.309443
14	0.632442
14	0.305391
14	0.586009
15	0.771588
15	0.711610
15	0.592522
15	0.563595
15	0.321023
15	0.306404
15	0.872677
15	0.306753
15	0.455157
15	1.097406
15	0.579494
15	0.396572
15	0.410836
15	0.258076
15	0.161420
15	1.062528
15	1.209979
15	1.209872
15	0.661746
15	1.116465
15	0.870363
15	0.721722
15	0.797372
15	0.808430
15	0.515383
15	0.889971
15	0.662389
15	0.352701
15	0.379695
15	0.621576
15	0.838430
15	0.808647
15	0.614779
15	0.539932
15	0.556941
15	0.474121
15	0.944043
15	1.187462
15	0.789315
15	0.229058
15	0.670084
15	0.519196
15	0.759458
15	0.152127
15	1.021625
15	0.333920
15	0.640328
15	1.259936
15	0.696075
15	0.270884
15	1.005845
15	0.687936
15	0.389552
15	0.730514
15	0.346468
15	1.033523
15	1.089387
15	0.280904
15	0.807122
15	0.429247
15	0.598136
15	0.643628
15	0.442907
15	0.582662
15	0.877740
15	0.515005
15	0.331352
15	0.654726
15	0.724755
15	0.403014
15	0.326712
15	0.353887
15	0.437635
15	0.869089
15	0.448952
15	0.120384
15	1.096344
15	0.398342
15	0.787381
15	0.356913
15	0.563301
15	0.822910
15	0.829402
15	0.989248
15	1.117238
15	0.666543
15	0.285242
15	0.682092
15	0.995411
15	0.693122
15	1.424601
15	0.370531
15	0.467395
15	0.237960
15	0.546610
15	0.464301
15	0.080517
15	0.714885
15	0.308667
15	0.689338
16	0.295440
16	0.319258
16	0.471534
16	1.284139
16	1.058883
16	0.465851
16	1.071905
16	0.589393
16	0.379396
16	0.257226
16	1.091410
16	0.237654
16	0.430545
16	0.529845
16	0.666625
16	1.270527
16	0.983228
16	0.417885
16	0.864940
16	0.421155
16	0.250038
16	0.197045
16	0.491169
16	0.919934
16	0.561215
16	0.581528
16	0.219940
16	0.675587
16	0.603030
16	0.825821
16	1.069767
16	1.077884
16	1.104185
16	0.435599
16	0.821223
16	0.462536
16	0.846302
16	0.257205
16	0.137104
16	1.231474
16	0.372128
16	0.472817
16	0.448106
16	0.850780
16	0.225832
16	2.013689
16	0.775222
16	0.801631
16	0.694508
16	0.774370
16	0.530093
16	1.011076
16	1.154776
16	0.763155
16	0.239933
16	0.932331
16	0.232150
16	0.509438
16	0.839159
16	0.351548
16	0.394156
16	0.171652
16	1.948600
16	0.994239
16	0.790731
16	0.521345
16	0.644339
16	0.569990
16	0.536650
16	1.939340
16	0.519040
16	1.036094
16	0.414785
16	0.584721
16	2.326326
16	0.552118
16	1.076864
16	0.922015
16	0.944984
16	0.687701
16	0.416293
16	0.951102
16	0.663918
16	0.653777
16	0.754382
16	1.093773
16	0.956660
16	0.978461
16	0.996854
16	0.262013
16	0.335257
16	0.768459
16	0.336554
16	0.558194
16	0.648852
16	0.599546
16	0.702791
16	0.429428
16	1.063882
16	0.535427
17	0.696129
17	0.560715
17	0.328198
17	1.511897
17	0.523490
17	0.489004
17	0.833857
17	1.821890
17	0.565209
17	0.513835
17	0.608142
17	0.521015
17	1.063855
17	0.890460
17	0.446575
17	0.783115
17	0.595438
17	2.263654
17	0.329591
17	0.275287
17	0.569898
17	1.177037
17	0.928999
17	0.691414
17	0.911880
17	0.633139
17	0.477244
17	0.695248
17	0.465089
17	1.668168
17	1.112125
17	0.097910
17	0.836203
17	0.488475
17	0.603289
17	0.573347
17	0.605657
17	1.323121
17	0.642941
17	1.498515
17	0.397718
17	0.681475
17	0.314538
17	0.498835
17	0.285115
17	0.395751
17	1.405424
17	0.595095
17	0.183105
17	0.722143
17	0.607406
17	1.307083
17	0.786788
17	0.846075
17	1.136937
17	1.219814
17	0.416891
17	0.298844
17	0.644337
17	0.497966
17	0.641051
17	0.853836
17	0.448195
17	0.622417
17	0.480251
17	0.411063
17	0.266641
17	0.613374
17	1.251674
17	0.230413
17	0.484890
17	1.161093
17	0.963641
17	0.427464
17	0.312732
17	0.646102
17	0.362255
17	0.948488
17	0.245279
17	0.631793
17	0.890797
17	0.321706
17	0.529798
17	0.499078
17	0.562977
17	0.448725
17	0.916101
17	0.660404
17	0.415946
17	0.381011
17	0.682573
17	0.525005
17	0.567630
17	0.790493
17	0.544592
17	0.375482
17	1.053111
17	0.668754
17	0.677380
17	0.350126
18	0.680718
18	1.232661
18	0.501544
18	0.967405
18	1.198367
18	0.850287
18	0.620819
18	2.282971
18	0.448075
18	0.490106
18	0.277921
18	0.359899
18	0.998732
18	0.989985
18	1.001789
18	0.703197
18	0.424110
18	1.190189
18	1.041573
18	1.162971
18	1.121681
18	1.228224
18	0.378447
18	0.905558
18	0.838086
18	0.983407
18	0.721032
18	0.794603
18	0.413126
18	1.520050
18	1.232025
18	1.583770
18	1.037809
18	1.078307
18	0.332992
18	0.852525
18	0.631586
18	0.964401
18	0.608559
18	0.341066
18	1.069493
18	0.676524
18	0.659152
18	0.673601
18	0.421753
18	0.933449
18	0.653115
18	0.557660
18	0.910656
18	1.179399
18	0.704167
18	0.490299
18	0.531130
18	0.591781
18	0.740737
18	0.423971
18	0.828760
18	0.255808
18	0.413173
18	0.373023
18	0.463865
18	0.634318
18	0.790193
18	0.310171
18	0.483947
18	0.830244
18	0.199745
18	0.817173
18	0.306952
18	0.485993
18	0.961857
18	0.585395
18	0.847080
18	0.360808
18	0.912889
18	0.223493
18	0.634309
18	0.972375
18	1.588791
18	1.314759
18	0.282100
18	0.682937
18	0.541830
18	0.163422
18	0.421674
18	0.410394
18	1.452824
18	0.602777
18	0.809398
18	0.754703
18	0.589271
18	0.481693
18	0.338030
18	1.153214
18	1.119086
18	1.222368
18	0.362717
18	0.604820
18	0.584465
18	0.586080
19	0.405106
19	0.657949
19	0.255378
19	0.654596
19	0.576023
19	0.645323
19	0.674237
19	0.395450
19	1.300741
19	0.363458
19	0.468350
19	1.554027
19	0.926291
19	0.800000
19	0.388787
19	0.476140
19	0.334774
19	0.562975
19	1.373601
19	0.781860
19	0.636979
19	0.623530
19	0.606793
19	0.248109
19	0.184706
19	0.406724
19	0.319910
19	0.083028
19	0.483728
19	0.732056
19	1.311076
19	1.327537
19	0.431121
19	0.299225
19	0.514890
19	0.516979
19	0.474436
19	0.460089
19	0.376749
19	0.851896
19	0.409435
19	0.838608
19	1.008311
19	0.654213
19	0.491441
19	0.589217
19	0.299350
19	0.533470
19	0.799627
19	0.380126
19	0.521386
19	1.001087
19	0.469559
19	0.591563
19	0.821002
19	0.483212
19	0.739738
19	0.560220
19	0.203307
19	0.465856
19	0.336441
19	0.713570
19	0.398482
19	0.547158
19	0.873859
19	1.340567
19	0.898233
19	1.041408
19	0.691414
19	0.875025
19	0.179271
19	0.485209
19	0.423558
19	0.443367
19	0.376944
19	0.957842
19	1.677622
19	0.715285
19	0.623417
19	1.014477
19	0.820217
19	0.270207
19	0.551431
19	0.750264
19	2.008324
19	0.352375
19	0.356349
19	0.655042
19	0.242025
19	0.359378
19	0.487791
19	0.349155
19	0.654120
19	0.429980
19	0.767966
19	0.266109
19	0.861977
19	0.647414
19	0.714319
19	0.435707
20	1.110342
20	0.484358
20	0.791885
20	0.619657
20	0.649206
20	0.511615
20	0.884920
20	0.232753
20	0.939037
20	0.359994
20	0.944512
20	0.907731
20	0.446214
20	1.060002
20	0.854018
20	0.306836
20	0.411463
20	0.617852
20	0.491082
20	0.673533
20	0.812713
20	1.014561
20	0.803025
20	0.332428
20	0.192020
20	0.842961
20	0.370512
20	0.523591
20	0.817308
20	0.381478
20	0.622328
20	0.602547
20	0.856364
20	0.556676
20	0.517155
20	0.969925
20	0.461332
20	0.227559
20	0.384980
20	0.514073
20	0.515021
20	0.694651
20	0.486863
20	0.762192
20	0.779099
20	0.675173
20	0.781394
20	0.397899
20	0.178097
20	0.334341
20	0.673855
20	0.988366
20	0.485594
20	1.183532
20	0.618910
20	0.812115
20	0.681465
20	0.645503
20	1.280206
20	0.649250
20	0.488726
20	0.559019
20	0.815559
20	0.264399
20	0.236318
20	0.659554
20	0.780092
20	0.452080
20	1.482165
20	0.190571
20	0.262494
20	0.755659
20	0.350546
20	0.592237
20	0.936131
20	0.607402
20	1.260042
20	0.457902
20	1.133885
20	0.778740
20	1.317711
20	0.331512
20	0.370984
20	0.309872
20	1.147003
20	0.407484
20	0.957727
20	1.304282
20	1.028653
20	0.620765
20	0.380890
20	0.398456
20	0.497022
20	1.119556
20	0.374325
20	0.629910
20	0.601071
20	0.728604
20	0.186113
20	0.644328
21	0.515457
21	0.615232
21	0.728753
21	0.779782
21	0.646754
21	0.823738
21	0.626826
21	0.696609
21	1.496072
21	0.550669
21	0.511017
21	0.329340
21	1.173065
21	0.527059
21	0.204193
21	0.291563
21	0.694826
21	1.075879
21	0.896964
21	0.983468
21	0.417096
21	0.470616
21	0.586212
21	0.461183
21	0.475667
21	0.496561
21	0.770231
21	0.478386
21	0.935926
21	0.930503
21	0.650791
21	1.226179
21	0.499552
21	1.069593
21	0.539088
21	0.925754
21	0.380354
21	0.247115
21	0.567963
21	0.496243
21	1.031053
21	0.585304
21	0.734897
21	0.373240
21	0.844717
21	0.637958
21	0.580956
21	1.132600
21	0.446769
21	0.323498
21	0.738731
21	0.632168
21	0.732231
21	0.222174
21	1.033011
21	0.972375
21	0.324230
21	1.028224
21	0.657676
21	0.503606
21	0.513627
21	0.316127
21	1.328266
21	0.462179
21	2.101426
21	0.307704
21	0.459436
21	0.490058
21	0.264544
21	0.811277
21	0.889540
21	0.399140
21	0.281113
21	0.422878
21	0.401684
21	0.662496
21	0.412868
21	0.388710
21	0.367209
21	1.548774
21	0.237927
21	0.329982
21	1.088559
21	0.814799
21	0.570554
21	1.607069
21	0.363822
21	0.343394
21	1.166332
21	0.570017
21	0.457401
21	1.114370
21	0.889827
21	0.283087
21	0.657614
21	0.953573
21	0.440691
21	0.724043
21	0.536703
21	0.440159
22	0.414672
22	1.399952
22	0.333755
22	0.742234
22	0.355909
22	0.221750
22	1.371825
22	1.384076
22	1.478724
22	0.690401
22	1.153281
22	0.343235
22	0.701967
22	0.767006
22	1.332848
22	0.908961
22	0.770145
22	0.744979
22	0.512452
22	0.904637
22	0.466221
22	0.554613
22	0.866256
22	0.350178
22	0.917370
22	0.315513
22	0.651863
22	0.445381
22	0.353415
22	0.577758
22	1.021398
22	1.197480
22	0.754589
22	0.700563
22	0.768616
22	0.564041
22	1.549993
22	0.651120
22	0.469397
22	0.930052
22	1.338728
22	0.512946
22	0.947524
22	1.975832
22	0.558980
22	0.767451
22	0.685247
22	0.957748
22	0.570457
22	0.829500
22	0.283021
22	0.503641
22	0.788983
22	0.400383
22	0.830395
22	0.685365
22	0.410447
22	0.563028
22	1.571793
22	0.691863
22	1.394005
22	2.249629
22	1.165493
22	0.580325
22	0.890703
22	0.427554
22	0.246086
22	0.552879
22	0.707845
22	0.571672
22	1.515110
22	1.216787
22	0.417352
22	0.814763
22	0.980746
22	1.461336
22	0.152105
22	0.769437
22	0.922745
22	0.471170
22	0.649619
22	1.205998
22	0.698667
22	0.452663
22	0.628411
22	0.589052
22	0.329881
22	1.004744
22	0.409572
22	0.574521
22	0.631591
22	0.431460
22	0.351580
22	0.734278
22	0.434278
22	0.611939
22	0.533834
22	0.709312
22	0.580035
22	0.355718
23	0.719187
23	0.872657
23	0.544624
23	0.706922
23	0.427887
23	0.531403
23	0.193257
23	0.937447
23	0.970006
23	0.643395
23	0.594191
23	1.334340
23	0.910096
23	0.345794
23	0.646126
23	0.301269
23	0.997442
23	1.343168
23	0.356743
23	0.109637
23	0.876941
23	0.269799
23	0.668505
23	0.580491
23	1.033579
23	0.628106
23	0.640084
23	0.393862
23	0.748845
23	0.436385
23	0.716873
23	0.760938
23	1.105467
23	0.604004
23	0.867802
23	0.573997
23	0.504598
23	0.198282
23	0.321852
23	1.001829
23	0.465365
23	0.380943
23	0.421121
23	0.728012
23	0.911181
23	0.223040
23	1.683179
23	0.586197
23	0.495955
23	1.682397
23	0.434937
23	0.555542
23	0.635930
23	0.894563
23	0.910172
23	0.583820
23	0.849428
23	0.556689
23	0.542157
23	0.404091
23	0.273318
23	0.415587
23	0.495624
23	0.800237
23	0.463857
23	0.234045
23	0.296703
23	2.068023
23	1.125099
23	0.388945
23	0.871151
23	0.301152
23	1.000261
23	0.906848
23	1.357921
23	0.591584
23	0.622768
23	1.603108
23	1.766536
23	0.657071
23	1.000171
23	2.609488
23	0.682112
23	0.945664
23	0.203699
23	0.622247
23	0.443754
23	0.485742
23	0.818924
23	1.251489
23	0.560538
23	0.554659
23	0.458890
23	0.672318
23	0.804780
23	1.207948
23	0.832643
23	0.272323
23	0.216321
23	1.019406
24	0.853886
24	0.825739
24	1.563674
24	0.344226
24	0.767646
24	0.686165
24	0.990354
24	0.751193
24	1.285242
24	1.772695
24	0.862372
24	0.608373
24	0.480485
24	0.735378
24	0.536694
24	0.490824
24	0.289707
24	0.992432
24	0.096804
24	0.787869
24	0.375215
24	0.270545
24	1.366909
24	0.721947
24	0.480741
24	0.506805
24	0.521996
24	0.726689
24	0.381620
24	0.647129
24	0.354437
24	0.545917
24	0.749584
24	0.945073
24	0.253586
24	0.962761
24	0.568842
24	0.480403
24	0.878037
24	1.229921
24	0.832454
24	0.882284
24	0.710101
24	0.454205
24	1.101358
24	1.649135
24	0.925907
24	0.977408
24	0.428851
24	1.055464
24	0.408778
24	0.463642
24	0.611193
24	0.397731
24	0.470189
24	0.998834
24	0.681634
24	0.790681
24	0.671206
24	0.256884
24	1.123191
24	0.700307
24	0.523573
24	0.581479
24	0.440879
24	0.483015
24	0.627883
24	1.191012
24	0.512333
24	0.821594
24	0.946829
24	1.770374
24	1.072997
24	0.812696
24	0.683673
24	0.305863
24	0.346528
24	0.512444
24	0.448201
24	0.623425
24	1.146899
24	0.408825
24	0.204921
24	0.245509
24	0.638449
24	0.508619
24	0.253858
24	0.281221
24	0.465948
24	0.729874
24	0.229780
24	0.557636
24	0.791229
24	0.581016
24	0.390273
24	0.805040
24	0.665848
24	0.670376
24	0.771850
24	0.306041
25	0.923351
25	0.594241
25	1.043169
25	0.821656
25	0.414612
25	1.039348
25	1.131976
25	2.384074
25	0.598270
25	0.947267
25	0.615281
25	0.734425
25	0.592594
25	0.958929
25	0.566080
25	0.628270
25	0.952895
25	0.625403
25	0.579439
25	0.950178
25	0.124189
25	0.982788
25	0.334062
25	0.544884
25	0.342532
25	0.269962
25	0.710485
25	0.259476
25	0.912743
25	0.647990
25	0.552091
25	0.535723
25	0.961258
25	0.568267
25	1.685896
25	0.528178
25	0.412299
25	0.578470
25	0.496162
25	1.750092
25	0.548494
25	1.121407
25	0.868632
25	0.668543
25	0.651520
25	0.468074
25	0.556943
25	0.520601
25	0.810342
25	0.170960
25	0.685508
25	0.846268
25	0.606322
25	1.074726
25	0.705559
25	0.738232
25	0.551702
25	0.569852
25	0.346761
25	0.442867
25	0.696698
25	0.469441
25	0.579356
25	0.847310
25	0.625624
25	0.340748
25	0.649881
25	0.718645
25	0.748432
25	0.881084
25	0.755592
25	0.483229
25	0.760656
25	1.036545
25	0.526142
25	0.776907
25	0.413686
25	0.345956
25	0.810696
25	1.111602
25	1.284192
25	0.356934
25	0.464827
25	0.572622
25	0.381631
25	0.565010
25	0.951659
25	0.771382
25	0.490326
25	0.599039
25	0.830652
25	0.824997
25	0.630223
25	1.536932
25	0.344649
25	0.262821
25	0.481694
25	0.977981
25	0.513097
25	0.429064
26	0.991033
26	0.776552
26	0.936256
26	0.397080
26	0.744201
26	1.053547
26	0.676793
26	0.739037
26	1.112400
26	0.247804
26	0.555278
26	0.809784
26	0.487724
26	0.537907
26	0.659931
26	0.496272
26	0.817998
26	0.441954
26	0.626067
26	0.197102
26	1.402068
26	0.868305
26	0.440540
26	1.411719
26	0.332243
26	0.888159
26	0.642305
26	0.506736
26	2.799326
26	0.535769
26	0.381150
26	1.082891
26	0.410796
26	1.042094
26	0.443818
26	0.682352
26	1.094645
26	0.701483
26	0.955783
26	0.704043
26	0.509179
26	0.301476
26	0.982461
26	0.625889
26	0.405799
26	2.118466
26	0.511121
26	0.551681
26	0.627961
26	1.069805
26	1.454265
26	0.653165
26	1.126004
26	2.569414
26	0.866702
26	1.010827
26	0.584779
26	0.464736
26	1.016359
26	1.004225
26	0.776661
26	0.802335
26	0.144032
26	1.117128
26	0.847593
26	0.559781
26	0.420599
26	0.343028
26	0.443479
26	0.559311
26	0.378512
26	0.525587
26	0.536099
26	0.879070
26	0.352609
26	0.874354
26	1.012256
26	1.813880
26	0.708794
26	0.447357
26	0.341673
26	0.615772
26	0.740486
26	0.856085
26	0.637279
26	0.711919
26	0.502805
26	0.630819
26	0.374168
26	0.617207
26	0.493017
26	0.553517
26	0.610294
26	0.306608
26	0.858667
26	0.753628
26	0.621637
26	0.492925
26	0.931534
26	0.464656
27	0.721230
27	0.331504
27	0.754893
27	2.532560
27	0.495258
27	0.601158
27	0.693526
27	0.507357
27	0.464814
27	0.458282
27	0.854189
27	0.430854
27	1.294751
27	0.591846
27	0.505976
27	0.390055
27	2.601107
27	0.211835
27	0.324325
27	0.631286
27	0.417994
27	0.855208
27	0.774054
27	0.661296
27	0.390909
27	0.409933
27	0.570668
27	0.615417
27	1.066054
27	0.584917
27	1.000686
27	0.741297
27	0.572632
27	0.403128
27	0.274972
27	0.381773
27	1.658817
27	1.078792
27	1.926710
27	0.307602
27	0.287229
27	0.678189
27	0.643171
27	1.076240
27	0.638520
27	0.460803
27	1.091469
27	0.583296
27	0.542202
27	0.679140
27	0.478437
27	1.046869
27	1.143310
27	0.449322
27	1.114722
27	0.453883
27	0.310948
27	0.531720
27	1.024107
27	0.280914
27	0.244010
27	0.327421
27	0.561384
27	1.888623
27	0.351168
27	1.043644
27	0.507928
27	0.172533
27	0.815352
27	0.785125
27	0.177398
27	0.721246
27	0.542595
27	0.457558
27	0.591839
27	0.770635
27	0.566274
27	0.470991
27	1.025353
27	0.759699
27	0.665241
27	0.774512
27	0.468419
27	0.489610
27	0.981526
27	0.596672
27	0.692193
27	0.422280
27	0.402903
27	1.541001
27	0.596328
27	0.775861
27	1.254906
27	0.649513
27	1.113529
27	0.904765
27	0.455690
27	1.014567
27	0.928003
27	0.282645
28	0.388779
28	1.106536
28	0.345232
28	0.349363
28	1.128578
28	0.410098
28	0.447651
28	0.418271
28	0.398059
28	1.449336
28	0.667311
28	3.401880
28	0.302564
28	0.554576
28	0.860685
28	0.950035
28	0.477146
28	0.522776
28	0.520511
28	1.546647
28	0.484752
28	0.437932
28	0.628792
28	0.555468
28	0.617652
28	0.687322
28	0.493652
28	0.655998
28	1.642669
28	0.623239
28	0.921734
28	0.781450
28	0.846515
28	0.468247
28	0.601723
28	0.668282
28	0.389329
28	0.772244
28	0.310369
28	0.933870
28	0.307906
28	0.457780
28	0.649078
28	1.432212
28	0.533729
28	0.602077
28	1.152982
28	1.555769
28	0.781785
28	0.707527
28	0.928268
28	0.832491
28	1.358601
28	0.475381
28	0.355287
28	0.669260
28	0.235220
28	0.502850
28	0.253905
28	1.287029
28	0.570100
28	0.260731
28	0.358216
28	1.680062
28	0.684792
28	0.583451
28	0.469287
28	0.531429
28	0.532546
28	0.554821
28	0.432615
28	0.335244
28	1.167952
28	0.417077
28	1.095817
28	0.572736
28	1.279313
28	0.660493
28	0.739030
28	0.483723
28	0.696148
28	0.701392
28	1.292390
28	0.889831
28	0.532890
28	0.836332
28	0.681389
28	0.699649
28	0.352445
28	0.371378
28	0.745469
28	0.689367
28	0.599851
28	0.747383
28	0.756607
28	0.268970
28	1.022523
28	0.727889
28	0.444507
28	0.345999
29	0.776581
29	0.850556
29	0.549259
29	0.671216
29	0.858962
29	0.585883
29	0.659272
29	1.254411
29	0.659523
29	0.333795
29	1.012644
29	0.534658
29	1.513597
29	0.955972
29	0.505452
29	0.410571
29	2.561515
29	0.700062
29	0.796369
29	0.952705
29	0.989337
29	1.070958
29	0.668652
29	0.907811
29	0.420534
29	0.167069
29	1.266649
29	0.826617
29	0.563122
29	0.597839
29	0.518259
29	1.426278
29	0.893899
29	0.928656
29	0.960663
29	0.484166
29	0.266777
29	0.519134
29	0.354077
29	1.087649
29	0.559042
29	1.095185
29	0.575849
29	0.561995
29	0.544586
29	0.596554
29	0.665970
29	0.531004
29	0.833426
29	0.314993
29	1.093384
29	0.716036
29	0.516632
29	0.478190
29	0.797603
29	0.861870
29	0.845083
29	0.651460
29	0.222880
29	0.425019
29	1.183366
29	0.665029
29	1.058503
29	0.269470
29	0.691819
29	0.818886
29	0.367989
29	0.603705
29	0.567015
29	0.692559
29	1.359622
29	0.501697
29	1.085819
29	0.754055
29	0.725831
29	0.481937
29	0.329383
29	1.614292
29	1.289852
29	1.418009
29	0.672528
29	0.495905
29	0.407914
29	1.956608
29	1.669646
29	0.582575
29	0.609142
29	0.789892
29	0.466140
29	1.576085
29	0.545823
29	0.471808
29	0.460055
29	0.385592
29	0.974815
29	0.828927
29	0.760744
29	0.614712
29	0.787760
29	0.991421
30	0.760949
30	0.553862
30	0.286915
30	0.898239
30	1.325730
30	0.765251
30	0.495969
30	0.485265
30	0.598156
30	0.349771
30	0.462807
30	0.526379
30	0.593657
30	1.344217
30	0.687222
30	1.105935
30	0.316076
30	0.522989
30	1.262622
30	0.626458
30	0.329448
30	0.858173
30	0.377108
30	0.834446
30	0.933649
30	0.613845
30	0.395324
30	0.706584
30	0.579431
30	0.509994
30	0.532559
30	1.023628
30	0.725848
30	0.354713
30	0.837838
30	1.031245
30	0.601892
30	1.069786
30	1.969461
30	1.433482
30	0.727108
30	0.266430
30	0.290736
30	0.368050
30	0.385132
30	0.550668
30	0.686575
30	0.589682
30	0.376708
30	1.189809
30	0.500296
30	0.574743
30	0.932679
30	1.121504
30	0.547353
30	0.888993
30	0.472949
30	0.264934
30	0.196076
30	0.762243
30	1.508425
30	0.962552
30	0.463081
30	1.696015
30	0.459492
30	1.104413
30	0.281428
30	0.722857
30	0.540714
30	1.043204
30	1.792873
30	0.619077
30	0.994904
30	0.652827
30	0.734450
30	0.979181
30	1.190373
30	0.536203
30	1.577461
30	1.066759
30	0.729862
30	0.821310
30	1.243085
30	2.037484
30	1.214389
30	0.582129
30	1.054923
30	1.365364
30	0.455890
30	0.389646
30	0.612805
30	0.818652
30	0.390755
30	1.378393
30	0.635812
30	0.255253
30	0.484836
30	0.431036
30	0.392228
30	0.516359
