1	0.965689
1	0.106899
1	0.778317
1	0.704387
1	0.032943
1	0.052004
1	0.065475
1	0.077451
1	0.006701
1	0.064315
1	0.035961
1	0.000000
1	0.064384
1	0.182949
1	0.026696
1	0.165523
1	0.625850
1	0.067920
1	0.067379
1	0.032317
1	0.567853
1	1.799043
1	0.033582
1	0.096786
1	0.070144
1	0.050508
1	0.302337
1	0.232962
1	0.176279
1	0.007912
1	0.135349
1	0.075758
1	0.084526
1	0.066994
1	0.886027
1	1.450072
1	0.023654
1	0.051838
1	0.085369
1	0.095880
1	0.221073
1	0.153995
1	0.083442
1	1.554895
1	0.173577
1	0.583622
1	0.146898
1	0.088722
1	0.079825
1	0.089638
1	0.000000
1	0.233832
1	0.000000
1	0.071123
1	0.134213
1	0.034627
1	0.043456
1	0.608647
1	0.242789
1	0.075985
1	0.085874
1	0.226593
1	0.145026
1	2.281937
1	0.071711
1	0.000000
1	2.893001
1	0.166925
1	0.091505
1	0.267258
1	0.200401
1	0.670950
1	0.147045
1	0.130977
1	0.149768
1	0.056571
1	0.216846
1	0.142417
1	0.053884
1	0.288266
1	1.988285
1	0.358286
1	0.112004
1	0.972090
1	0.012769
1	0.095870
1	0.053185
1	0.115978
1	0.042699
1	0.027925
1	0.000000
1	0.199938
1	0.095663
1	3.119086
1	0.200778
1	0.095981
1	0.317271
1	0.000000
1	0.176589
1	0.606501
2	0.059084
2	0.028946
2	0.097829
2	0.576957
2	0.345746
2	0.042203
2	0.699160
2	0.000000
2	0.120915
2	0.089168
2	0.305742
2	0.070783
2	0.138678
2	0.039149
2	1.164739
2	1.230470
2	0.399735
2	0.035695
2	0.080556
2	0.191390
2	0.121440
2	0.081462
2	1.005799
2	1.587074
2	0.035622
2	0.109438
2	0.095740
2	0.423343
2	2.711044
2	0.098201
2	0.957739
2	0.093647
2	0.129060
2	0.747673
2	0.028012
2	0.147799
2	0.025212
2	0.043322
2	0.507290
2	0.110555
2	0.280142
2	0.129392
2	0.161409
2	0.087304
2	0.088159
2	0.023328
2	0.429190
2	0.084215
2	0.123930
2	0.159963
2	0.004400
2	0.414554
2	0.071693
2	3.055448
2	0.099351
2	0.146811
2	0.026401
2	0.055447
2	0.121191
2	1.245367
2	0.294867
2	1.320063
2	0.067777
2	0.114527
2	0.126159
2	0.048783
2	0.114576
2	0.538994
2	0.091416
2	0.097537
2	0.071227
2	0.053884
2	0.079063
2	0.031398
2	0.110345
2	0.147058
2	0.656456
2	0.030065
2	0.267623
2	0.179167
2	0.073279
2	0.667711
2	0.092987
2	0.256609
2	0.043737
2	0.624035
2	0.105933
2	0.138797
2	0.482453
2	0.553001
2	0.138352
2	0.091336
2	0.067845
2	0.060419
2	0.238110
2	0.194101
2	0.154709
2	0.164173
2	0.171773
2	0.078781
3	0.203425
3	0.081314
3	5.949475
3	0.114333
3	1.053078
3	0.110037
3	0.331343
3	0.225381
3	0.971005
3	0.288619
3	0.497537
3	0.056955
3	0.046718
3	0.134192
3	0.451834
3	0.135832
3	0.258581
3	0.437727
3	0.354990
3	0.477855
3	0.114368
3	0.234140
3	0.317828
3	0.047488
3	0.228844
3	0.674421
3	0.086072
3	0.104587
3	0.454890
3	0.401349
3	0.559732
3	0.334861
3	1.435199
3	0.186987
3	0.201098
3	0.050009
3	0.085410
3	0.065391
3	0.169356
3	0.046471
3	0.507910
3	0.100168
3	0.583347
3	0.076741
3	0.192131
3	0.025997
3	0.049789
3	0.368046
3	1.327806
3	0.118218
3	0.085993
3	0.079536
3	0.104991
3	0.116879
3	0.499291
3	0.070239
3	1.281782
3	0.784783
3	0.041398
3	0.430175
3	0.039759
3	0.054483
3	1.239620
3	3.654912
3	0.442235
3	0.672779
3	0.046157
3	0.174625
3	0.097471
3	0.063500
3	0.090997
3	0.085518
3	0.444197
3	0.231944
3	0.174094
3	0.979185
3	0.528253
3	0.034633
3	0.582809
3	0.620626
3	0.391467
3	0.362829
3	0.092856
3	0.070951
3	0.104898
3	0.266169
3	0.121563
3	0.084555
3	1.219119
3	0.526688
3	0.071704
3	0.127238
3	0.095886
3	0.553411
3	5.027063
3	0.106033
3	0.115602
3	0.390679
3	0.562242
3	0.420467
4	0.122890
4	0.383363
4	1.180999
4	0.410851
4	0.056083
4	0.046530
4	0.137970
4	1.102696
4	0.079786
4	0.554557
4	0.418603
4	0.585458
4	1.395733
4	0.116798
4	0.758568
4	1.063490
4	0.918231
4	1.153668
4	1.358553
4	0.049231
4	0.187862
4	0.067589
4	0.309132
4	0.069937
4	0.068822
4	0.138289
4	0.283062
4	0.301573
4	0.075684
4	4.797776
4	0.100404
4	0.623905
4	0.357892
4	0.088821
4	0.091759
4	0.457784
4	0.275918
4	0.109855
4	0.128068
4	0.861631
4	0.268043
4	0.411269
4	0.073873
4	0.100676
4	0.158324
4	0.596565
4	0.419662
4	0.958025
4	0.300181
4	0.820816
4	0.506049
4	0.184557
4	0.079450
4	0.099131
4	0.051259
4	0.149420
4	0.270800
4	0.398187
4	0.748683
4	0.079477
4	0.027833
4	0.531551
4	0.058495
4	0.156465
4	0.146131
4	0.098564
4	0.683570
4	0.071061
4	0.540341
4	0.320725
4	0.284587
4	0.389761
4	0.210193
4	0.449960
4	0.627478
4	0.682051
4	0.094410
4	0.047860
4	0.081588
4	0.033831
4	0.119505
4	0.045411
4	0.906505
4	0.722204
4	0.553221
4	1.026349
4	0.098052
4	0.103965
4	0.113850
4	0.054187
4	0.133982
4	1.584794
4	0.568818
4	1.041977
4	0.076641
4	0.998981
4	0.394067
4	0.420478
4	0.090809
4	0.288183
5	0.402963
5	0.411073
5	0.196399
5	0.129861
5	0.073634
5	0.077218
5	0.733701
5	0.240044
5	0.190096
5	0.259870
5	0.246322
5	0.275172
5	0.090457
5	0.346427
5	0.117304
5	0.542872
5	0.204369
5	0.093014
5	0.184996
5	1.153764
5	0.607492
5	0.077623
5	0.289185
5	0.365074
5	0.239091
5	0.512697
5	0.151426
5	0.151001
5	0.498433
5	0.265547
5	0.464258
5	0.094345
5	0.433848
5	0.290623
5	0.381875
5	1.902026
5	0.175568
5	0.278798
5	0.614796
5	0.603086
5	0.536512
5	0.910374
5	0.188522
5	0.193115
5	0.185706
5	0.163119
5	0.574341
5	0.678216
5	0.268497
5	0.092589
5	0.473869
5	0.078840
5	0.171263
5	1.026773
5	0.489346
5	0.358144
5	0.148685
5	0.214034
5	0.448957
5	0.239941
5	0.483188
5	0.274547
5	0.099120
5	0.090755
5	0.111003
5	0.294110
5	0.189036
5	0.157010
5	0.078274
5	0.320385
5	0.411692
5	0.126236
5	0.707480
5	0.118447
5	0.219121
5	0.413875
5	3.303743
5	0.238451
5	0.251237
5	1.293910
5	0.129719
5	0.440794
5	0.195119
5	0.684403
5	0.153075
5	0.126650
5	0.235343
5	0.287028
5	0.058361
5	0.525775
5	0.137449
5	0.082450
5	0.280171
5	0.596724
5	0.237057
5	0.101852
5	0.363459
5	0.313090
5	0.154110
5	0.454818
6	0.075496
6	0.164855
6	0.167190
6	0.614547
6	1.116413
6	0.107718
6	0.197363
6	0.428609
6	0.519338
6	0.101579
6	1.385192
6	0.208370
6	0.574322
6	0.060089
6	0.142727
6	0.766416
6	0.750912
6	0.084680
6	0.079380
6	0.487084
6	0.704793
6	0.103128
6	0.194792
6	0.319819
6	0.359879
6	0.121232
6	0.754261
6	0.091560
6	0.374444
6	0.550482
6	0.627400
6	0.090893
6	0.384818
6	0.430279
6	0.193041
6	0.157861
6	1.350437
6	0.929227
6	0.381597
6	0.191055
6	0.267511
6	0.453106
6	0.617797
6	0.068461
6	0.170899
6	0.328283
6	0.117430
6	1.772101
6	0.783867
6	0.437216
6	0.114573
6	0.121933
6	0.112081
6	0.814733
6	0.659164
6	0.183763
6	0.648238
6	0.106030
6	0.192509
6	0.244146
6	0.287498
6	0.202602
6	0.143333
6	0.085109
6	0.411048
6	0.871895
6	1.657741
6	0.285498
6	0.196494
6	0.081893
6	1.502573
6	0.105604
6	0.587786
6	0.343512
6	0.080785
6	0.360765
6	2.902678
6	0.986480
6	0.036695
6	0.093906
6	0.787800
6	0.074610
6	0.534878
6	0.644441
6	0.290713
6	0.265757
6	0.264285
6	0.096496
6	0.374651
6	0.459390
6	0.328634
6	0.224923
6	0.370233
6	0.352514
6	0.373718
6	0.231936
6	0.361635
6	0.081651
6	0.554203
6	0.525764
7	0.329206
7	0.083020
7	0.250824
7	0.692734
7	0.416730
7	0.080831
7	0.342910
7	0.526408
7	0.373104
7	0.125883
7	0.373314
7	0.243076
7	0.353707
7	1.436510
7	0.047442
7	0.521797
7	0.293866
7	0.347145
7	0.406337
7	0.698913
7	0.599931
7	0.360694
7	0.512639
7	0.286429
7	0.297551
7	0.682152
7	0.837725
7	0.701758
7	0.498672
7	0.120122
7	0.069457
7	0.760910
7	0.732071
7	0.183801
7	0.325426
7	0.172951
7	0.130306
7	0.130681
7	0.224155
7	0.379859
7	0.235154
7	0.293045
7	1.013741
7	0.276238
7	0.356816
7	0.794091
7	0.580027
7	0.440866
7	0.763834
7	0.310704
7	0.138359
7	0.163559
7	1.087418
7	0.509698
7	0.838241
7	1.302254
7	0.221233
7	0.406101
7	0.185051
7	0.833023
7	0.137343
7	0.815374
7	1.372023
7	0.121983
7	0.434039
7	0.101930
7	0.524755
7	0.401282
7	0.198131
7	0.107434
7	0.794841
7	0.140891
7	0.271998
7	0.597929
7	0.170535
7	0.700718
7	0.804497
7	0.401381
7	0.313866
7	0.380899
7	0.257111
7	0.196707
7	0.433759
7	0.446286
7	0.338730
7	1.442757
7	0.269714
7	0.357995
7	0.745518
7	0.371761
7	0.226587
7	0.322795
7	0.174007
7	1.186815
7	0.134515
7	0.417267
7	0.053833
7	0.786922
7	0.984029
7	3.095195
8	0.192660
8	1.147467
8	0.111217
8	0.244843
8	0.067564
8	0.410996
8	0.857925
8	0.209475
8	0.191121
8	0.685118
8	0.482648
8	0.718335
8	0.855921
8	0.894225
8	0.533155
8	0.119194
8	0.106625
8	0.439293
8	0.285031
8	0.992487
8	0.532452
8	0.292066
8	0.354313
8	0.244348
8	0.109512
8	0.651255
8	0.716705
8	0.465064
8	0.560989
8	0.827222
8	0.229853
8	0.116815
8	0.104468
8	0.215111
8	0.939361
8	0.370139
8	0.297589
8	0.340368
8	0.446884
8	0.627542
8	0.382725
8	0.481776
8	0.872330
8	0.223960
8	0.285051
8	1.589861
8	1.735241
8	0.647004
8	0.210931
8	0.193327
8	0.328662
8	0.643394
8	0.088933
8	0.084728
8	0.280938
8	2.251361
8	0.213634
8	0.526672
8	0.131327
8	0.834823
8	0.205736
8	0.434318
8	0.177336
8	0.149480
8	0.209361
8	1.283089
8	0.140021
8	0.830188
8	0.456329
8	0.965913
8	0.059999
8	0.333501
8	0.116859
8	0.682003
8	2.100267
8	0.715149
8	0.386886
8	0.318098
8	1.033104
8	0.277581
8	0.215027
8	0.593338
8	0.152247
8	0.461955
8	0.066995
8	0.316765
8	0.551513
8	0.446864
8	0.234059
8	0.501083
8	0.215871
8	0.553320
8	1.246266
8	1.761828
8	0.848996
8	0.831949
8	1.157655
8	0.129068
8	0.202109
8	0.687949
9	0.281408
9	0.204733
9	0.486768
9	0.336873
9	0.710889
9	0.174516
9	0.448594
9	0.285342
9	1.023081
9	0.211464
9	0.546895
9	0.324577
9	0.208256
9	0.230864
9	0.375372
9	0.644422
9	0.453470
9	0.417203
9	0.734372
9	0.726828
9	0.272954
9	0.302065
9	0.788587
9	0.747846
9	0.263505
9	0.161841
9	1.605983
9	0.198771
9	0.166731
9	1.775624
9	0.694786
9	0.574771
9	0.363794
9	0.933517
9	0.078808
9	0.629376
9	1.476015
9	0.991535
9	0.627983
9	0.243043
9	0.533602
9	1.194135
9	0.355222
9	0.216926
9	0.312973
9	1.156014
9	0.565158
9	0.456780
9	0.235021
9	0.136728
9	0.391158
9	0.251612
9	0.137690
9	0.189202
9	0.602227
9	0.609161
9	0.752918
9	0.360809
9	0.441540
9	0.244915
9	0.699942
9	0.922654
9	0.342322
9	0.337391
9	0.701475
9	0.972340
9	0.751207
9	0.181773
9	0.133799
9	0.574002
9	0.503586
9	0.462609
9	0.601766
9	0.743715
9	0.595604
9	0.315906
9	0.636144
9	0.838066
9	1.002519
9	0.453122
9	0.377905
9	0.297309
9	0.439735
9	0.708860
9	0.253085
9	0.281388
9	1.455879
9	0.384503
9	0.606376
9	0.463063
9	1.062987
9	0.635829
9	0.478775
9	0.304371
9	0.416479
9	0.109384
9	0.279106
9	0.268403
9	0.111058
9	0.435226
10	1.146970
10	0.196221
10	0.582812
10	0.968469
10	0.467125
10	0.890131
10	0.162167
10	0.468207
10	0.187297
10	0.503777
10	0.371071
10	0.403574
10	0.679384
10	0.334077
10	0.479060
10	0.693252
10	0.290812
10	0.164243
10	0.475490
10	1.275570
10	0.494057
10	0.156454
10	0.197327
10	0.642995
10	0.808386
10	0.297335
10	0.554434
10	0.631306
10	1.112261
10	1.091948
10	0.609092
10	0.722885
10	0.076580
10	0.090064
10	0.439812
10	0.418883
10	0.459883
10	0.903450
10	1.130729
10	0.519910
10	0.125702
10	1.321782
10	0.449354
10	0.638035
10	1.202218
10	0.457770
10	0.632721
10	0.648721
10	0.807501
10	0.335991
10	0.808205
10	0.307575
10	0.509402
10	0.442968
10	0.361098
10	0.186961
10	0.293671
10	0.498650
10	0.476736
10	0.279370
10	0.432310
10	0.128000
10	0.337281
10	1.597714
10	0.564095
10	0.798519
10	0.432691
10	0.719659
10	0.480914
10	0.822824
10	0.122750
10	0.309893
10	0.140210
10	0.270354
10	0.441003
10	0.157267
10	0.607891
10	0.329450
10	0.468200
10	0.510379
10	0.708523
10	0.576588
10	0.379919
10	0.217347
10	0.099139
10	0.903615
10	1.029297
10	0.281757
10	0.157888
10	0.917315
10	0.159030
10	0.477544
10	0.339239
10	0.297604
10	0.404743
10	0.387604
10	0.304761
10	0.843615
10	0.680023
10	0.745733
11	0.404213
11	0.671281
11	0.444944
11	0.853130
11	1.166351
11	0.479981
11	0.985155
11	0.910344
11	0.319836
11	0.537704
11	0.078481
11	0.420586
11	0.135476
11	0.464494
11	0.404248
11	0.684729
11	0.617684
11	0.565084
11	0.486884
11	0.812056
11	1.046418
11	0.663462
11	0.126638
11	0.976399
11	0.689886
11	0.404492
11	0.442545
11	0.479557
11	0.328744
11	0.609908
11	0.642940
11	0.184081
11	0.878825
11	0.873976
11	0.421683
11	0.292400
11	1.019117
11	0.095202
11	1.222905
11	0.457359
11	0.298435
11	1.405176
11	0.726031
11	0.409307
11	0.211139
11	1.412092
11	0.381889
11	1.150255
11	0.388956
11	0.241906
11	0.706247
11	0.164710
11	0.429197
11	0.172193
11	0.594010
11	0.907900
11	1.421103
11	0.945005
11	0.833889
11	0.551093
11	1.088634
11	0.303394
11	0.323886
11	0.345458
11	0.262298
11	0.218626
11	0.145873
11	0.831575
11	0.285937
11	0.373493
11	0.239003
11	0.515145
11	0.342967
11	0.358422
11	0.116160
11	0.835199
11	0.147117
11	0.256607
11	0.423242
11	0.291947
11	0.500031
11	0.903464
11	0.719868
11	0.754667
11	0.382447
11	0.151562
11	2.048510
11	0.594296
11	0.097723
11	0.438980
11	0.613268
11	0.643376
11	0.409050
11	0.484989
11	0.513902
11	0.370278
11	0.633625
11	0.207890
11	0.686881
11	0.295163
12	0.486955
12	0.501143
12	0.567138
12	1.193124
12	0.292216
12	0.440727
12	0.412926
12	0.821619
12	0.353033
12	0.700820
12	0.591551
12	0.515532
12	0.313386
12	1.237988
12	0.224265
12	2.009204
12	0.353810
12	0.678701
12	0.963965
12	0.154745
12	0.433999
12	0.233308
12	0.771209
12	0.397876
12	0.885377
12	0.460473
12	0.496486
12	1.205679
12	0.873375
12	0.321638
12	0.856518
12	0.332890
12	0.101744
12	0.961968
12	0.689264
12	0.223497
12	0.418583
12	0.294339
12	0.366926
12	0.614113
12	0.300658
12	0.377076
12	0.239147
12	0.821844
12	0.467420
12	0.423205
12	0.487540
12	0.516721
12	0.408049
12	1.164640
12	1.164186
12	0.326158
12	0.420873
12	0.336496
12	1.254408
12	0.382303
12	1.712643
12	0.147372
12	1.068575
12	0.871014
12	0.620110
12	0.974474
12	0.979638
12	1.199863
12	0.841736
12	0.644242
12	0.757718
12	0.670030
12	0.453928
12	0.318324
12	0.498344
12	1.357977
12	0.576630
12	0.876102
12	0.966662
12	0.689076
12	0.601481
12	0.199324
12	0.920572
12	0.604615
12	0.296433
12	0.533674
12	1.138450
12	1.189946
12	0.835454
12	0.396848
12	0.343979
12	0.715726
12	0.579400
12	0.590685
12	1.274290
12	0.419565
12	0.483208
12	0.664783
12	0.099426
12	0.655236
12	0.311509
12	0.384586
12	0.326010
12	0.824553
13	0.382436
13	0.598613
13	0.192226
13	0.465058
13	1.855586
13	0.399892
13	0.425686
13	0.749950
13	0.423329
13	0.631474
13	0.526943
13	0.493228
13	1.340138
13	0.230474
13	0.622774
13	1.283697
13	0.936530
13	0.737423
13	0.336626
13	0.671169
13	1.296602
13	0.522053
13	1.264686
13	0.544755
13	0.562702
13	0.523925
13	1.159195
13	0.333919
13	0.708513
13	1.298159
13	0.375744
13	0.901447
13	0.835060
13	0.078344
13	0.310783
13	0.230893
13	2.063969
13	0.603739
13	1.469253
13	0.824588
13	0.297754
13	0.818410
13	0.384127
13	0.964289
13	0.351668
13	0.789612
13	0.425988
13	0.442075
13	0.854498
13	0.270720
13	0.860542
13	0.288928
13	0.243335
13	0.644652
13	1.075316
13	1.092211
13	0.262618
13	0.498635
13	0.735284
13	0.291963
13	0.691435
13	0.575035
13	0.421912
13	0.336545
13	0.498874
13	1.100512
13	0.772621
13	0.992850
13	0.448490
13	0.224916
13	0.749592
13	0.893219
13	0.343305
13	0.283819
13	0.458008
13	1.158994
13	0.259880
13	0.614058
13	0.617164
13	0.266932
13	0.317308
13	0.334546
13	0.290456
13	0.261067
13	0.800445
13	0.279371
13	0.092016
13	0.369449
13	0.869835
13	1.079031
13	0.350403
13	1.540636
13	0.410468
13	1.010793
13	0.147924
13	0.424042
13	0.951167
13	0.899740
13	0.585142
13	0.402008
14	0.870044
14	0.606721
14	0.549173
14	0.525714
14	0.558828
14	0.391995
14	0.483955
14	0.413296
14	0.476784
14	1.169356
14	0.357101
14	1.437421
14	0.973419
14	0.676617
14	1.337569
14	0.944613
14	0.606358
14	0.139385
14	0.565809
14	0.557131
14	0.975871
14	0.478855
14	1.058602
14	0.491076
14	0.537775
14	0.491242
14	0.173320
14	1.010825
14	1.587157
14	0.276109
14	0.109842
14	1.103658
14	0.392127
14	0.378770
14	1.331302
14	0.442168
14	0.278892
14	0.629935
14	0.689729
14	0.285762
14	0.860286
14	0.178072
14	0.250720
14	0.405488
14	0.904021
14	0.606396
14	0.165821
14	0.043584
14	0.640257
14	1.286681
14	0.769566
14	0.184612
14	1.002191
14	0.573862
14	0.526872
14	0.636095
14	0.211617
14	0.557474
14	0.664061
14	0.435083
14	0.180432
14	0.656017
14	0.777798
14	0.966220
14	0.298750
14	0.617716
14	0.300155
14	0.233911
14	0.786304
14	0.417871
14	1.077961
14	0.485210
14	0.541740
14	0.540919
14	0.838736
14	0.759544
14	0.566075
14	0.194325
14	0.760062
14	0.422710
14	0.601779
14	1.143116
14	0.827345
14	0.999530
14	0.371025
14	0.763370
14	0.290493
14	0.433665
14	0.937189
14	0.551887
14	0.719740
14	0.774733
14	0.728058
14	0.366223
14	0.577133
14	0.638843
14	0.420211
14	0.764271
14	0.423286
14	0.859665
15	1.705348
15	0.257415
15	0.305941
15	0.582948
15	0.229898
15	0.445934
15	0.424526
15	0.266596
15	0.212101
15	0.102020
15	1.182951
15	0.709486
15	1.144446
15	0.244439
15	0.209578
15	0.898995
15	0.950695
15	0.519336
15	0.614978
15	0.492167
15	0.736233
15	0.723572
15	0.374603
15	0.467645
15	0.182078
15	0.836866
15	0.308009
15	0.832815
15	0.407467
15	0.474378
15	0.398394
15	1.236393
15	0.403985
15	0.252018
15	1.868076
15	0.455190
15	0.395124
15	0.879950
15	0.590727
15	1.380305
15	0.367896
15	0.368863
15	0.603527
15	0.779147
15	0.344092
15	0.421181
15	0.459807
15	0.521528
15	0.194220
15	0.787253
15	0.659912
15	0.850547
15	0.500768
15	1.110806
15	0.676967
15	1.020573
15	0.483809
15	0.522756
15	0.567094
15	0.707305
15	0.472185
15	0.911838
15	0.352310
15	0.529803
15	0.492708
15	0.545104
15	0.453784
15	0.566599
15	0.604840
15	0.534733
15	0.677501
15	0.739455
15	0.715703
15	0.449958
15	0.809228
15	0.540842
15	0.520729
15	0.387632
15	1.760004
15	0.889447
15	0.799692
15	0.598296
15	0.397560
15	0.293703
15	1.408577
15	0.387006
15	1.134989
15	0.075725
15	0.439074
15	1.365950
15	2.201530
15	0.878246
15	0.655642
15	2.239142
15	0.909088
15	0.934318
15	0.597057
15	0.662273
15	0.613259
15	0.442608
16	0.357291
16	0.707438
16	0.651201
16	0.210466
16	0.658030
16	0.059897
16	0.374922
16	0.919965
16	0.940472
16	0.376308
16	0.350517
16	0.980537
16	0.738293
16	0.632671
16	0.645152
16	0.378563
16	0.405049
16	0.185331
16	0.440413
16	0.391788
16	0.393922
16	0.524847
16	0.417567
16	0.412432
16	0.652395
16	0.760681
16	1.231470
16	1.044127
16	1.009109
16	0.786748
16	0.282907
16	0.557083
16	0.735847
16	0.409697
16	0.752408
16	0.415574
16	0.494663
16	0.364129
16	0.526282
16	0.403985
16	0.353764
16	0.283441
16	2.711258
16	0.366725
16	0.639938
16	1.221246
16	1.044360
16	0.506879
16	1.331485
16	0.640809
16	1.468450
16	0.457728
16	0.720046
16	0.478470
16	0.521784
16	0.533811
16	1.718893
16	1.819439
16	0.399937
16	1.030409
16	0.324957
16	0.426878
16	0.535214
16	0.474032
16	0.722282
16	0.467265
16	0.493934
16	1.007147
16	0.638722
16	0.767163
16	0.702735
16	0.791099
16	0.693635
16	0.994185
16	0.560874
16	0.447869
16	2.131869
16	0.580650
16	0.641268
16	0.418520
16	0.532611
16	0.308951
16	0.840940
16	1.167012
16	0.721754
16	0.481243
16	1.065828
16	0.375983
16	1.169110
16	0.420417
16	0.725713
16	0.443634
16	1.059809
16	0.816452
16	0.561656
16	0.343884
16	0.551883
16	1.372889
16	0.748759
16	0.548998
17	0.286123
17	1.281160
17	0.863891
17	0.448696
17	0.582032
17	0.114857
17	1.042324
17	0.945583
17	1.152182
17	0.857578
17	0.193703
17	0.506198
17	0.539930
17	0.090781
17	2.412281
17	0.837465
17	1.066597
17	2.057196
17	0.413128
17	0.673458
17	1.017102
17	0.377021
17	1.432731
17	1.300276
17	0.656073
17	0.220910
17	1.032218
17	1.060556
17	0.789573
17	0.289175
17	0.440339
17	1.055019
17	0.405607
17	0.429900
17	0.597473
17	0.581979
17	1.305711
17	0.528664
17	1.061689
17	0.553695
17	0.277669
17	0.981841
17	0.423487
17	0.169791
17	0.500342
17	0.345834
17	0.475289
17	0.550251
17	0.455400
17	1.145080
17	1.243409
17	0.597407
17	0.495502
17	0.429806
17	0.875737
17	0.767563
17	0.505001
17	0.981769
17	0.300297
17	0.271982
17	1.027764
17	0.582704
17	0.745697
17	0.772506
17	0.562056
17	0.488299
17	0.529535
17	0.706507
17	0.810263
17	5.077027
17	0.586889
17	0.721708
17	0.626035
17	0.976699
17	0.701723
17	1.309976
17	0.450594
17	0.741292
17	0.535432
17	0.505954
17	0.459256
17	1.054960
17	0.835110
17	1.512435
17	0.182993
17	0.883665
17	1.468419
17	0.825746
17	1.395546
17	0.374559
17	0.717812
17	0.659065
17	1.334185
17	0.202754
17	0.447321
17	0.575592
17	0.718824
17	0.541095
17	0.478873
17	0.323758
18	0.268767
18	0.624828
18	0.863435
18	0.947134
18	0.462515
18	0.881845
18	0.671666
18	0.560814
18	0.843963
18	0.353426
18	1.010505
18	0.322549
18	0.901162
18	0.239966
18	0.460091
18	0.630638
18	0.556398
18	0.658893
18	0.415755
18	0.607423
18	1.373204
18	0.720811
18	0.799001
18	0.521510
18	0.636774
18	0.823436
18	0.722512
18	0.516811
18	0.399383
18	0.407798
18	0.915827
18	0.231103
18	0.249716
18	0.903759
18	0.746986
18	0.658807
18	0.787745
18	0.392620
18	0.894338
18	0.485697
18	0.499041
18	0.512641
18	0.689324
18	0.678813
18	0.379073
18	2.158567
18	0.972795
18	0.848338
18	0.677105
18	0.455943
18	0.656954
18	0.423348
18	0.882148
18	1.514218
18	1.150890
18	0.567384
18	0.682502
18	0.604651
18	0.727524
18	0.245095
18	0.486911
18	0.592727
18	0.509905
18	0.543003
18	0.599553
18	0.647252
18	0.840116
18	1.314674
18	0.680770
18	0.453557
18	0.413889
18	0.699735
18	0.221806
18	0.551481
18	0.614265
18	0.723848
18	0.590417
18	0.550680
18	0.286449
18	0.272275
18	0.523924
18	0.674785
18	0.701169
18	0.866964
18	1.457467
18	1.130896
18	0.478484
18	0.515160
18	0.201920
18	0.380410
18	0.787028
18	0.350190
18	0.683757
18	0.579406
18	0.741105
18	0.588635
18	0.642459
18	0.669463
18	0.768360
18	0.480366
19	0.631784
19	0.330107
19	0.616349
19	0.291089
19	0.507989
19	0.534829
19	0.686176
19	0.911543
19	0.296786
19	0.910395
19	0.354709
19	0.899189
19	0.763051
19	0.656945
19	0.425972
19	0.682405
19	0.885458
19	0.296323
19	0.982767
19	0.904583
19	1.460538
19	1.393338
19	1.320705
19	0.723204
19	0.304655
19	0.852891
19	1.878338
19	0.777983
19	0.482245
19	0.592086
19	0.593860
19	0.755371
19	0.835105
19	0.651274
19	0.503467
19	0.367946
19	0.715646
19	0.555632
19	0.986555
19	0.981772
19	0.795869
19	0.574207
19	0.569518
19	0.267804
19	0.511763
19	0.687756
19	0.153666
19	0.715215
19	1.022435
19	1.073660
19	0.880941
19	1.652548
19	0.374728
19	0.733284
19	1.021301
19	0.514684
19	0.992238
19	0.298125
19	2.171350
19	0.521506
19	0.956075
19	0.665683
19	0.686289
19	0.672266
19	1.552578
19	1.162578
19	0.426366
19	0.646763
19	0.764761
19	0.909409
19	0.227222
19	1.960610
19	0.105690
19	0.230411
19	0.314173
19	0.525976
19	0.774839
19	0.441573
19	0.478096
19	1.032347
19	0.894010
19	2.109878
19	0.761316
19	0.494151
19	0.858553
19	0.374021
19	1.018139
19	0.425224
19	0.308273
19	0.649637
19	0.513248
19	3.533342
19	0.421986
19	0.576622
19	0.972284
19	1.462770
19	0.937411
19	0.372996
19	1.949376
19	1.326553
20	0.193148
20	1.082454
20	0.365805
20	1.141438
20	2.094407
20	0.950503
20	1.026013
20	0.534548
20	0.380899
20	0.410898
20	0.686514
20	0.677183
20	0.454624
20	0.829704
20	0.651048
20	1.252634
20	0.743321
20	0.806926
20	0.642573
20	0.746709
20	0.659712
20	0.534625
20	0.319385
20	0.364164
20	1.258432
20	0.782914
20	0.939284
20	0.502599
20	0.407717
20	1.470486
20	0.833281
20	0.839241
20	1.029939
20	0.827588
20	0.334830
20	0.898001
20	1.638613
20	0.880433
20	1.170864
20	0.571527
20	0.666610
20	0.388307
20	0.848738
20	0.372968
20	0.910836
20	0.477488
20	0.429619
20	0.683233
20	0.397112
20	0.860690
20	0.606140
20	0.397836
20	0.310220
20	0.721840
20	0.397438
20	0.342454
20	1.093731
20	0.468785
20	0.751344
20	1.087894
20	0.777994
20	0.634704
20	0.344121
20	0.481822
20	1.049611
20	0.607812
20	1.007294
20	0.427541
20	0.893038
20	0.426839
20	1.410690
20	0.692617
20	0.463176
20	0.293590
20	0.631011
20	0.444039
20	0.908895
20	0.732845
20	1.809804
20	0.762629
20	0.638686
20	0.277915
20	0.392417
20	1.442134
20	0.607246
20	0.428293
20	1.313605
20	0.622835
20	0.514053
20	0.978255
20	0.726694
20	1.301962
20	0.423184
20	0.789686
20	1.301748
20	0.587135
20	0.571134
20	0.716377
20	0.596203
20	0.739836
21	0.382830
21	0.449108
21	0.538296
21	0.563260
21	0.952151
21	0.879339
21	0.304810
21	0.559677
21	0.920056
21	0.617045
21	0.704288
21	0.256766
21	0.908701
21	1.568991
21	0.853789
21	0.554239
21	0.881687
21	0.972051
21	0.466403
21	0.769287
21	1.058069
21	0.236945
21	1.074049
21	0.722443
21	0.392768
21	0.678581
21	0.467469
21	1.313740
21	0.464775
21	0.416573
21	0.650638
21	0.597536
21	0.493670
21	0.509936
21	1.128813
21	0.478863
21	0.373228
21	1.354255
21	1.084790
21	1.601412
21	1.349848
21	1.099623
21	0.936510
21	0.383816
21	0.542241
21	1.333380
21	0.628495
21	1.209873
21	0.544695
21	0.556318
21	1.319155
21	0.275209
21	0.563533
21	1.383522
21	1.032666
21	0.563390
21	0.643692
21	0.345298
21	0.472913
21	0.855881
21	0.682383
21	0.449951
21	0.286368
21	0.656874
21	0.636563
21	0.454655
21	0.487554
21	0.568437
21	0.783366
21	0.672819
21	0.525786
21	0.697851
21	0.921393
21	0.273197
21	0.588183
21	0.421182
21	0.799161
21	0.405048
21	0.645803
21	0.924721
21	0.185713
21	0.590826
21	0.752675
21	0.904039
21	0.925124
21	0.671600
21	0.822669
21	1.361044
21	0.907043
21	0.437318
21	0.797209
21	0.373166
21	0.647040
21	0.732718
21	0.406593
21	0.501095
21	0.737489
21	0.740299
21	1.244145
21	0.447834
22	0.777117
22	0.137619
22	0.686195
22	0.661204
22	0.644306
22	0.827441
22	0.352115
22	0.972492
22	0.781439
22	0.516741
22	0.379951
22	0.917085
22	1.135745
22	0.982993
22	0.830291
22	0.605428
22	0.405194
22	0.836212
22	0.826097
22	1.781798
22	1.092859
22	0.167911
22	1.205661
22	0.767214
22	1.133964
22	2.402124
22	1.088420
22	0.852541
22	0.459502
22	0.785082
22	1.191884
22	0.984177
22	0.872555
22	0.663857
22	0.838954
22	0.810003
22	0.529382
22	0.872034
22	0.481888
22	0.671280
22	1.102256
22	0.623923
22	0.442231
22	0.479398
22	0.632349
22	0.279525
22	0.229672
22	0.768612
22	0.345766
22	0.700141
22	0.569162
22	1.316310
22	0.348218
22	1.921675
22	1.357609
22	0.485358
22	0.249615
22	0.520343
22	0.631683
22	0.626479
22	0.440004
22	0.732800
22	0.669438
22	0.791442
22	0.574661
22	0.529420
22	0.517465
22	0.399290
22	0.673405
22	0.576550
22	0.400758
22	0.506419
22	0.778424
22	0.761476
22	1.393946
22	0.524692
22	0.440277
22	0.501043
22	0.899833
22	0.743650
22	1.110243
22	0.406760
22	1.410170
22	0.858797
22	1.112998
22	1.201178
22	0.292941
22	0.505369
22	0.979609
22	0.923398
22	0.653843
22	0.771598
22	1.379624
22	1.134098
22	0.542595
22	0.340627
22	0.512441
22	1.340035
22	0.446196
22	0.833739
23	0.675373
23	0.910791
23	0.479533
23	0.884808
23	0.568668
23	0.241434
23	0.468911
23	0.762034
23	1.166885
23	0.787233
23	0.454776
23	0.748352
23	0.307616
23	1.208043
23	1.384250
23	0.603588
23	1.141514
23	0.947238
23	0.540229
23	0.406658
23	0.648718
23	0.635970
23	0.412701
23	1.217262
23	0.810297
23	0.785271
23	0.913191
23	0.483838
23	0.639407
23	0.466269
23	0.793861
23	1.110875
23	0.425379
23	0.802890
23	0.574408
23	0.454714
23	0.489603
23	0.360000
23	0.461545
23	0.386887
23	0.770068
23	1.223924
23	0.759835
23	0.450124
23	0.896341
23	0.852441
23	0.477675
23	0.914281
23	0.607404
23	0.491873
23	0.385997
23	1.813003
23	0.467840
23	1.621769
23	0.478395
23	1.259647
23	0.642741
23	0.648765
23	0.728220
23	0.501098
23	0.693496
23	0.287810
23	0.455455
23	0.420695
23	0.943108
23	0.358678
23	0.731648
23	0.757782
23	0.687678
23	0.356579
23	0.364965
23	1.688374
23	0.342551
23	0.848697
23	0.602024
23	0.740820
23	0.326574
23	0.743250
23	0.412337
23	0.944275
23	1.742220
23	0.287854
23	0.661593
23	0.421413
23	1.130485
23	0.351548
23	0.432722
23	1.104201
23	0.695074
23	0.323290
23	0.531799
23	0.406204
23	0.755998
23	0.774341
23	0.555016
23	0.777617
23	0.394083
23	0.780983
23	0.801769
23	0.367655
24	0.618687
24	0.611144
24	0.304001
24	0.771778
24	1.348529
24	1.093672
24	0.604454
24	0.687488
24	0.915034
24	0.871608
24	0.443858
24	0.711581
24	0.624747
24	0.514323
24	0.388060
24	0.598059
24	0.610616
24	0.455786
24	1.146117
24	0.412630
24	0.829099
24	0.506628
24	0.458906
24	1.276735
24	0.494754
24	2.517502
24	1.785779
24	0.521170
24	0.619916
24	0.733782
24	0.163474
24	0.159139
24	0.569648
24	1.584097
24	0.417329
24	1.012292
24	0.508423
24	0.700292
24	0.805227
24	0.518685
24	0.981225
24	0.817540
24	0.813194
24	0.975291
24	1.152493
24	1.727321
24	1.481145
24	0.161700
24	0.656420
24	0.519815
24	1.169764
24	0.600561
24	0.686416
24	0.879729
24	0.301752
24	0.662469
24	0.642378
24	0.786325
24	0.956600
24	0.430671
24	0.664341
24	0.822458
24	0.640143
24	1.087427
24	0.649244
24	0.361051
24	1.014329
24	0.330397
24	0.803868
24	0.274715
24	0.499981
24	0.648279
24	1.027252
24	0.586686
24	0.561841
24	0.705121
24	1.154399
24	0.147803
24	0.816843
24	0.556164
24	0.891385
24	1.056096
24	0.929762
24	0.592838
24	0.527045
24	1.234361
24	1.115550
24	0.923616
24	0.436895
24	0.550260
24	0.347697
24	1.107287
24	1.799390
24	0.444053
24	1.752731
24	0.409684
24	0.513096
24	0.452616
24	0.784057
24	0.652396
25	0.267453
25	0.567186
25	0.452267
25	0.430581
25	0.830456
25	1.157874
25	0.247497
25	0.681504
25	0.815366
25	1.033104
25	0.448884
25	1.476510
25	0.302065
25	0.433787
25	0.489346
25	0.640460
25	0.261965
25	0.670078
25	0.576668
25	0.442739
25	0.791691
25	1.076201
25	0.385667
25	0.945856
25	1.495379
25	0.726454
25	0.349909
25	0.866782
25	0.724434
25	0.668712
25	0.755682
25	0.849424
25	0.235141
25	0.935587
25	0.219163
25	0.781261
25	0.503552
25	0.514454
25	0.810827
25	0.532996
25	0.648959
25	0.387697
25	0.490346
25	0.758776
25	0.923227
25	0.437969
25	1.049002
25	0.738488
25	0.255010
25	1.018213
25	0.469142
25	0.927757
25	0.744260
25	0.557781
25	0.612465
25	0.791379
25	0.425800
25	0.480535
25	0.670338
25	0.837173
25	0.938646
25	0.940414
25	1.247125
25	0.634210
25	0.777230
25	0.715789
25	0.750044
25	0.737589
25	1.009408
25	1.080148
25	0.609288
25	0.446259
25	0.532640
25	1.402352
25	0.398352
25	0.259195
25	0.740260
25	0.558409
25	0.280761
25	0.361472
25	0.846317
25	0.804120
25	0.474793
25	0.976364
25	0.238955
25	0.405163
25	1.537329
25	0.297274
25	0.497929
25	0.347999
25	0.768399
25	1.163999
25	0.248241
25	0.713311
25	0.430562
25	1.221037
25	0.844146
25	0.938834
25	1.355801
25	0.536405
26	1.322460
26	0.260079
26	0.282022
26	0.989305
26	0.440809
26	0.754926
26	1.059940
26	0.386205
26	0.406434
26	0.991552
26	0.924463
26	0.344797
26	1.150908
26	0.789292
26	0.673830
26	0.277713
26	0.891850
26	0.874623
26	0.339006
26	0.485057
26	0.475805
26	0.787326
26	0.590281
26	0.198496
26	0.480989
26	0.436259
26	0.722699
26	0.481332
26	0.788580
26	0.907736
26	0.621753
26	0.214674
26	1.529977
26	0.873385
26	0.652397
26	0.297525
26	0.921870
26	0.742716
26	0.751167
26	0.754703
26	0.740626
26	1.021165
26	0.523192
26	0.265014
26	0.654587
26	0.288564
26	0.587076
26	0.392736
26	0.430583
26	0.550146
26	0.266010
26	0.847177
26	0.625886
26	0.619438
26	1.026359
26	0.724231
26	0.385939
26	1.118307
26	0.257100
26	1.642122
26	0.562819
26	0.419236
26	0.751735
26	0.752598
26	1.151610
26	0.801747
26	0.813233
26	0.377547
26	0.645011
26	0.953173
26	0.613661
26	0.423461
26	0.710885
26	0.416421
26	0.519391
26	0.918775
26	1.032641
26	0.610706
26	0.528264
26	1.148644
26	1.020732
26	0.578094
26	0.576019
26	1.159000
26	0.674982
26	0.596587
26	0.293282
26	0.736389
26	0.643055
26	0.496614
26	1.324356
26	0.450806
26	1.007121
26	0.901207
26	0.954032
26	0.537309
26	0.392788
26	0.485866
26	0.332679
26	0.519880
27	0.657517
27	0.422248
27	0.591350
27	0.446252
27	2.054936
27	0.759762
27	0.355506
27	1.087847
27	0.099613
27	0.707035
27	0.722491
27	0.783325
27	1.169354
27	0.477402
27	0.456421
27	0.765525
27	0.981055
27	1.288247
27	0.623681
27	0.760031
27	0.302139
27	0.695185
27	0.641788
27	0.752242
27	1.029534
27	0.630050
27	0.592099
27	0.876533
27	0.291169
27	0.848981
27	0.642614
27	1.048958
27	0.931651
27	0.425826
27	0.546587
27	0.966024
27	0.652811
27	0.804036
27	0.947543
27	1.195789
27	0.532997
27	1.147239
27	0.922743
27	0.424701
27	0.644465
27	0.838782
27	0.951952
27	0.256394
27	0.750605
27	0.619424
27	0.421994
27	0.556173
27	0.973972
27	0.400146
27	0.868020
27	0.453955
27	1.001379
27	2.159691
27	0.840779
27	0.521663
27	0.634450
27	0.472825
27	0.492639
27	0.087145
27	0.220139
27	1.179715
27	0.462384
27	0.576918
27	0.400712
27	1.236798
27	0.231961
27	1.012796
27	0.257524
27	0.374243
27	0.391115
27	0.918679
27	0.340157
27	0.813876
27	0.505032
27	0.759528
27	0.301182
27	0.778989
27	0.666444
27	0.498322
27	0.827307
27	1.097015
27	0.537682
27	0.857494
27	0.674558
27	0.524545
27	1.060992
27	0.758437
27	0.871077
27	0.543374
27	0.537338
27	0.287477
27	0.438633
27	0.472690
27	0.785403
27	0.667212
28	0.808256
28	0.765862
28	0.650279
28	0.678572
28	0.604292
28	0.562640
28	0.590677
28	1.394359
28	0.499044
28	0.772033
28	0.687673
28	1.029331
28	1.299287
28	0.739130
28	0.415068
28	0.264032
28	1.248898
28	0.322506
28	1.140034
28	0.689966
28	0.382205
28	0.588505
28	0.809930
28	0.621777
28	0.439657
28	2.353308
28	0.551097
28	1.802421
28	0.424606
28	0.467913
28	1.064331
28	0.825569
28	0.738467
28	1.159590
28	2.177023
28	0.943240
28	0.587260
28	0.978181
28	0.861843
28	0.831815
28	0.486068
28	0.657382
28	0.693136
28	0.221234
28	1.148819
28	0.758045
28	0.619716
28	0.388029
28	0.771942
28	0.606142
28	0.322506
28	0.974851
28	0.534964
28	0.336792
28	0.277664
28	0.971998
28	0.586868
28	0.505747
28	0.419810
28	0.453866
28	0.786282
28	0.575684
28	0.164251
28	0.531909
28	0.424049
28	0.454016
28	0.382123
28	0.298210
28	1.442767
28	0.571903
28	1.007346
28	0.539539
28	0.792669
28	0.596271
28	0.674522
28	1.110217
28	0.927263
28	0.863690
28	0.831771
28	1.489523
28	0.365691
28	1.469269
28	0.399419
28	0.495274
28	0.501656
28	0.625679
28	0.949128
28	0.855605
28	0.317131
28	1.068726
28	0.878678
28	0.582182
28	0.824009
28	0.692615
28	0.547746
28	0.458982
28	0.397788
28	0.667571
28	0.519619
28	0.862944
29	1.047640
29	0.568247
29	0.279916
29	0.406662
29	0.482062
29	1.624988
29	1.936118
29	0.757397
29	0.337484
29	0.919875
29	0.621839
29	0.309259
29	0.990653
29	0.635814
29	1.084481
29	0.905408
29	1.031852
29	1.182155
29	1.712048
29	0.574651
29	0.871989
29	0.280464
29	0.306664
29	0.938792
29	0.740170
29	0.675105
29	0.904781
29	0.764866
29	0.524459
29	0.716027
29	0.765956
29	0.922172
29	0.780403
29	1.020895
29	0.858284
29	0.482988
29	0.459011
29	0.637202
29	0.919811
29	0.726159
29	0.408671
29	0.445002
29	0.792202
29	0.404495
29	1.251980
29	0.430388
29	0.431028
29	0.904176
29	0.928145
29	0.790747
29	1.044949
29	2.006660
29	0.293529
29	0.316713
29	2.714945
29	0.896172
29	0.766804
29	0.442204
29	0.608332
29	0.771910
29	0.774763
29	1.586488
29	1.086944
29	0.850599
29	0.191791
29	0.836768
29	1.048306
29	0.428005
29	0.815803
29	0.601282
29	0.879779
29	0.305876
29	0.846097
29	0.861322
29	0.791526
29	0.458847
29	0.554789
29	0.728753
29	0.985536
29	1.153606
29	0.401182
29	0.304536
29	0.487297
29	1.756184
29	0.892346
29	0.734704
29	0.883729
29	0.757941
29	0.467228
29	0.506102
29	0.150615
29	0.529208
29	2.032918
29	0.618041
29	0.354206
29	0.269204
29	0.610717
29	0.809870
29	0.206362
29	0.764798
30	1.106511
30	0.708536
30	0.494059
30	1.350892
30	0.958740
30	0.638164
30	0.104740
30	0.384632
30	0.594909
30	0.399986
30	1.547846
30	0.434625
30	0.726832
30	0.821889
30	0.846651
30	0.802302
30	0.691869
30	0.557533
30	0.565761
30	0.528512
30	0.715425
30	0.905777
30	0.450339
30	0.528473
30	0.548166
30	0.401480
30	0.790932
30	1.218529
30	0.559668
30	0.633359
30	0.823189
30	0.925482
30	0.887417
30	1.507014
30	0.899717
30	0.489236
30	0.740582
30	0.702552
30	1.257169
30	0.760289
30	0.622831
30	0.853872
30	1.003250
30	0.451204
30	0.536775
30	1.229664
30	0.550525
30	0.690789
30	0.676306
30	0.434056
30	0.427694
30	0.950275
30	0.553814
30	0.578117
30	2.950636
30	1.736522
30	0.422836
30	0.501677
30	0.320730
30	0.720136
30	0.652578
30	1.060312
30	1.209839
30	1.223566
30	0.162192
30	0.452832
30	0.383991
30	0.729321
30	0.899510
30	1.121268
30	0.834466
30	0.400079
30	0.818874
30	0.599803
30	0.358360
30	0.648905
30	1.062063
30	1.277790
30	0.341096
30	0.922689
30	0.453474
30	0.663759
30	1.225061
30	1.564398
30	1.281231
30	0.954273
30	1.236950
30	1.019364
30	0.334907
30	0.594472
30	0.285115
30	1.094175
30	0.650258
30	0.386902
30	0.439005
30	0.734205
30	0.450258
30	0.411940
30	0.397299
30	1.482866
