1	0.615935
1	5.054354
1	2.079221
1	0.068591
1	0.307854
1	2.908021
1	0.000000
1	1.741052
1	3.135579
1	3.165059
1	2.521938
1	4.059673
1	0.000000
1	0.000000
1	4.035172
1	1.486802
1	7.026421
1	1.662066
1	0.095622
1	5.229709
1	1.585569
1	0.954926
1	0.299759
1	1.761924
1	0.329146
1	0.221789
1	0.072047
1	0.841085
1	1.934980
1	1.464348
1	0.359013
1	2.980881
1	0.687490
1	0.082863
1	3.455855
1	1.642051
1	2.441566
1	0.650316
1	15.356225
1	6.503692
1	0.604813
1	0.000000
1	5.338379
1	0.886878
1	4.004500
1	1.637843
1	0.371036
1	5.870237
1	0.063982
1	0.851040
1	0.739094
1	0.642705
1	1.754364
1	3.952324
1	4.604653
1	1.223301
1	1.818382
1	0.395383
1	0.838104
1	0.806054
1	2.574099
1	0.846957
1	0.811866
1	0.412498
1	1.352465
1	0.381078
1	0.433111
1	3.104116
1	2.044874
1	0.056067
1	4.539093
1	2.125969
1	0.747788
1	0.074500
1	1.798649
1	1.479477
1	2.256095
1	1.587081
1	0.076746
1	0.069269
1	2.442282
1	0.090322
1	1.662470
1	0.156914
1	0.703545
1	0.491281
1	0.149912
1	3.961090
1	4.589498
1	2.877507
1	0.111991
1	0.403756
1	0.444580
1	0.153702
1	0.074112
1	0.068254
1	0.936816
1	0.083017
1	0.363115
1	6.349287
2	3.954491
2	1.058926
2	1.958292
2	0.455625
2	3.414196
2	1.666505
2	4.059898
2	3.618417
2	0.105989
2	0.533372
2	3.086315
2	0.859836
2	1.915980
2	1.208205
2	2.797178
2	3.092169
2	1.550881
2	0.588934
2	0.410846
2	0.202686
2	0.147862
2	0.763240
2	0.447305
2	1.813939
2	1.119917
2	4.032269
2	2.497049
2	1.777456
2	2.856317
2	1.966875
2	1.535469
2	0.478803
2	0.988089
2	3.342215
2	2.855529
2	1.352781
2	3.247483
2	0.146420
2	0.545666
2	1.202076
2	0.340443
2	0.128124
2	1.169050
2	3.912707
2	0.278801
2	3.618771
2	0.569603
2	0.200566
2	1.360184
2	1.467409
2	1.435223
2	0.248546
2	1.159509
2	1.437619
2	1.369167
2	3.562432
2	0.435182
2	0.626416
2	0.318154
2	1.804992
2	12.211601
2	1.629343
2	1.314900
2	2.765771
2	0.566532
2	1.019564
2	1.018997
2	1.351956
2	1.057121
2	0.398232
2	2.218176
2	1.306118
2	0.857195
2	0.312685
2	0.783985
2	0.949463
2	0.106305
2	0.450031
2	0.603541
2	0.146438
2	2.263696
2	0.000000
2	0.158140
2	0.609015
2	3.794267
2	0.594388
2	1.071268
2	1.548710
2	1.568523
2	0.448655
2	1.628292
2	0.902502
2	0.422132
2	4.104780
2	2.904676
2	3.233818
2	1.911231
2	0.248979
2	0.263969
2	0.526654
3	1.360869
3	0.540571
3	0.973955
3	1.131640
3	0.322130
3	0.439783
3	2.213109
3	0.641212
3	4.091339
3	1.387560
3	0.668614
3	0.958253
3	0.575870
3	1.278642
3	1.732770
3	1.588715
3	2.606784
3	0.724571
3	1.559497
3	2.402937
3	1.709277
3	0.526960
3	0.730115
3	1.179566
3	1.571630
3	1.846416
3	0.566097
3	0.770574
3	0.426407
3	2.130112
3	0.202561
3	1.298093
3	2.544501
3	0.387646
3	1.204592
3	0.355755
3	0.856964
3	2.666087
3	0.231978
3	0.278624
3	1.820310
3	0.605300
3	0.510135
3	0.298096
3	2.092712
3	0.178120
3	1.039366
3	0.873200
3	0.577085
3	0.559724
3	1.411471
3	0.651550
3	1.066127
3	0.715659
3	1.220765
3	1.481621
3	0.605991
3	1.029600
3	0.349317
3	4.025947
3	0.318922
3	0.503503
3	0.327348
3	1.339469
3	1.539112
3	0.635530
3	0.707337
3	0.607336
3	2.772697
3	2.163239
3	0.635640
3	1.983055
3	1.884065
3	0.868019
3	0.743097
3	2.312718
3	1.479473
3	0.562809
3	0.430328
3	0.151766
3	1.968982
3	0.672342
3	1.174959
3	2.597437
3	2.029826
3	1.614913
3	1.486406
3	0.394685
3	1.277718
3	1.592981
3	1.537676
3	0.414432
3	0.307534
3	1.050788
3	1.083205
3	2.459573
3	0.688067
3	0.392446
3	0.984400
3	0.948323
4	2.555836
4	3.288883
4	3.312538
4	1.498422
4	1.852675
4	1.425512
4	0.832554
4	2.076644
4	2.343884
4	0.482284
4	0.355533
4	1.000839
4	1.715155
4	0.969137
4	1.146640
4	0.561438
4	0.481032
4	1.052569
4	1.399406
4	1.258243
4	0.771408
4	1.099730
4	1.102191
4	1.000419
4	1.428930
4	1.076097
4	2.711908
4	0.109900
4	1.807361
4	1.245007
4	0.232188
4	0.318021
4	1.007868
4	1.323092
4	4.015942
4	0.670538
4	2.109095
4	1.843020
4	0.595397
4	1.185378
4	2.623528
4	0.706751
4	0.664136
4	0.647306
4	1.757054
4	1.026154
4	0.523772
4	0.924493
4	1.798817
4	0.528043
4	1.136378
4	1.830019
4	1.635905
4	1.001449
4	3.047187
4	0.635348
4	0.920878
4	0.566827
4	2.772335
4	2.099883
4	1.247541
4	0.420784
4	1.881313
4	1.371736
4	1.616542
4	1.509904
4	3.289828
4	1.862808
4	0.598588
4	2.761553
4	0.619547
4	0.906268
4	0.273890
4	2.114814
4	0.828898
4	1.042884
4	1.509220
4	2.207227
4	1.534066
4	0.484352
4	4.065236
4	1.604623
4	2.270702
4	0.985736
4	0.527563
4	0.665069
4	1.837318
4	1.829459
4	1.079575
4	2.028642
4	2.395629
4	2.531286
4	0.691068
4	1.831024
4	2.013857
4	1.836906
4	0.930405
4	1.304142
4	1.454016
4	1.968870
5	2.591193
5	0.457847
5	2.532368
5	2.024495
5	1.716857
5	0.745457
5	3.839262
5	0.439794
5	0.827313
5	0.580841
5	1.969260
5	1.019841
5	3.481976
5	1.296390
5	1.952625
5	2.028157
5	0.737056
5	1.998075
5	1.063833
5	1.599472
5	0.990768
5	1.627957
5	2.586686
5	0.606185
5	0.655041
5	1.134431
5	0.374573
5	2.657080
5	2.615937
5	1.024635
5	0.823106
5	3.087609
5	3.160761
5	1.533092
5	1.054471
5	1.032243
5	2.579842
5	0.682608
5	1.740481
5	1.291127
5	0.747554
5	0.304733
5	2.147956
5	0.816484
5	1.213055
5	1.511580
5	1.731372
5	2.016822
5	0.349536
5	1.165895
5	4.487511
5	1.263132
5	2.017454
5	2.680264
5	1.707370
5	3.264494
5	3.151699
5	1.447142
5	3.546026
5	0.852477
5	0.798976
5	2.436982
5	1.279471
5	1.532843
5	1.431794
5	0.518991
5	1.255566
5	1.821098
5	0.579515
5	1.356803
5	0.628075
5	2.053578
5	2.150648
5	2.036797
5	1.534435
5	1.009652
5	0.556905
5	0.490208
5	2.535117
5	2.084938
5	2.039080
5	2.329080
5	1.061439
5	1.688433
5	0.791219
5	1.708295
5	1.154575
5	1.152470
5	0.460211
5	0.934533
5	3.888227
5	1.869924
5	1.089008
5	1.572774
5	2.017678
5	1.245738
5	1.175428
5	2.689718
5	1.526593
5	0.724495
6	2.013625
6	1.997363
6	0.842349
6	1.662434
6	1.033466
6	1.065225
6	1.108665
6	1.757522
6	1.224055
6	0.888735
6	0.704419
6	1.467077
6	2.876033
6	1.312582
6	1.360535
6	1.904910
6	1.138697
6	2.024051
6	1.209788
6	2.200906
6	0.588635
6	0.707918
6	1.757401
6	1.366146
6	1.936342
6	0.568857
6	1.918299
6	3.084950
6	1.652018
6	0.686558
6	0.749067
6	0.517814
6	0.729177
6	0.409662
6	2.610004
6	0.981490
6	0.654293
6	1.109451
6	0.889186
6	0.764046
6	2.022373
6	0.869547
6	2.661634
6	2.334093
6	1.915014
6	2.566961
6	1.106898
6	1.405251
6	2.802421
6	1.687177
6	1.971986
6	1.464581
6	1.187404
6	1.834456
6	0.706416
6	1.965739
6	0.721220
6	0.722889
6	1.525590
6	3.056921
6	0.819469
6	1.649893
6	2.493518
6	2.239762
6	1.278020
6	0.939147
6	3.341348
6	0.501009
6	1.059217
6	3.307575
6	2.012318
6	1.421470
6	0.479079
6	1.875634
6	1.131469
6	2.344902
6	2.049636
6	1.875092
6	1.452918
6	2.867684
6	1.581444
6	1.808630
6	1.111439
6	1.084397
6	1.225922
6	2.021696
6	3.053164
6	0.292755
6	3.836750
6	1.250767
6	1.436687
6	0.452546
6	1.514389
6	1.515112
6	2.231608
6	2.246942
6	2.497915
6	1.941978
6	2.173832
6	2.143512
7	2.351686
7	1.552456
7	1.634482
7	1.210336
7	1.916901
7	1.372441
7	0.755836
7	2.323632
7	1.954095
7	0.618906
7	2.821481
7	1.376464
7	1.807020
7	1.886889
7	2.731889
7	1.581351
7	1.861992
7	1.491260
7	1.789365
7	1.817802
7	1.560387
7	4.080665
7	1.282691
7	1.598074
7	1.447921
7	1.504068
7	1.875168
7	1.818604
7	2.201062
7	1.911126
7	1.485746
7	2.984076
7	1.212294
7	2.476592
7	1.746001
7	0.903106
7	2.123238
7	2.967960
7	1.442900
7	1.316302
7	2.814353
7	1.348268
7	1.661442
7	1.820381
7	2.560475
7	3.356741
7	2.466570
7	0.900135
7	2.349739
7	1.462220
7	2.069409
7	1.129965
7	1.051538
7	1.755539
7	1.092433
7	1.768065
7	1.402955
7	0.788855
7	0.980790
7	1.090246
7	1.113627
7	1.374414
7	3.092182
7	1.628905
7	0.847053
7	1.668082
7	0.342793
7	1.157303
7	1.584350
7	1.461233
7	1.689428
7	1.218657
7	1.774456
7	1.266869
7	1.929114
7	0.872189
7	1.462524
7	1.133236
7	0.742449
7	0.992529
7	2.919661
7	0.972216
7	3.874379
7	2.464138
7	1.344802
7	2.636914
7	1.510002
7	1.723089
7	1.120735
7	1.547738
7	0.386829
7	2.914956
7	2.371779
7	1.477030
7	0.867377
7	1.750194
7	1.164764
7	1.194532
7	1.858880
7	2.718638
8	1.200621
8	4.049552
8	1.446664
8	0.688699
8	0.943991
8	0.659364
8	1.577552
8	3.159626
8	1.535504
8	3.003252
8	1.802513
8	0.432511
8	3.357516
8	1.106137
8	1.559458
8	1.443297
8	1.842654
8	2.233675
8	1.542648
8	0.732122
8	1.320381
8	1.654336
8	1.798568
8	1.703050
8	2.832980
8	0.620244
8	1.148027
8	1.563786
8	3.109688
8	1.812048
8	4.696007
8	3.255267
8	0.786169
8	2.937544
8	1.965289
8	1.088516
8	1.873353
8	1.941388
8	0.836632
8	3.024155
8	1.847760
8	1.498580
8	2.206980
8	1.273625
8	3.902155
8	3.700536
8	1.102323
8	3.055969
8	2.650735
8	0.610519
8	1.943602
8	1.523148
8	3.830181
8	1.178315
8	2.294110
8	1.184990
8	1.460821
8	2.298018
8	0.836999
8	1.936716
8	1.136677
8	2.138482
8	1.280546
8	2.603564
8	2.469429
8	0.457291
8	1.953159
8	1.497117
8	1.558583
8	0.507355
8	1.761780
8	1.756075
8	0.831716
8	1.767733
8	0.802267
8	1.144316
8	1.781323
8	2.700817
8	1.152901
8	2.411889
8	1.789592
8	0.906036
8	2.003089
8	0.895621
8	2.053228
8	2.604972
8	1.907927
8	1.031603
8	2.602722
8	1.886345
8	1.238792
8	1.494177
8	1.709145
8	1.954978
8	2.067503
8	0.816760
8	1.282058
8	2.024701
8	2.453804
8	1.540615
9	0.762016
9	1.812015
9	2.456685
9	1.159685
9	2.142792
9	1.447728
9	0.966216
9	1.886905
9	1.266250
9	2.019828
9	2.376537
9	2.203231
9	2.002434
9	1.953130
9	1.242122
9	1.269445
9	1.051229
9	2.217025
9	1.321006
9	1.757466
9	1.442409
9	1.306676
9	1.555904
9	0.964007
9	1.936356
9	1.024866
9	2.555206
9	1.044542
9	2.063639
9	0.706143
9	2.490115
9	3.401683
9	3.473117
9	2.215773
9	2.047223
9	2.860784
9	1.124811
9	1.309814
9	0.682772
9	1.924084
9	1.269702
9	2.143706
9	1.927441
9	2.033613
9	2.889331
9	2.344377
9	1.917982
9	2.217559
9	2.000126
9	0.698399
9	0.682985
9	3.009029
9	1.516963
9	3.045639
9	2.516029
9	3.359434
9	1.287521
9	0.922374
9	2.389492
9	1.821899
9	0.769856
9	3.265433
9	4.079357
9	1.659980
9	2.117867
9	3.364969
9	0.314291
9	1.264163
9	1.577776
9	0.922666
9	1.317243
9	1.559071
9	1.804000
9	0.893340
9	2.213808
9	1.265987
9	1.518011
9	1.250880
9	0.988453
9	1.201896
9	1.430183
9	1.555483
9	0.728072
9	0.451574
9	2.317791
9	1.883047
9	2.041581
9	1.562595
9	2.121650
9	0.662243
9	1.724244
9	3.119487
9	2.218607
9	1.541301
9	1.390058
9	1.387813
9	2.940318
9	2.386635
9	2.299822
9	3.084583
10	2.109081
10	1.600877
10	1.352481
10	2.163146
10	1.098133
10	2.311009
10	2.875203
10	1.787501
10	2.540602
10	1.702744
10	1.023241
10	1.543061
10	1.193525
10	0.617483
10	2.104104
10	1.530796
10	1.757172
10	2.092653
10	1.624424
10	1.667595
10	2.927734
10	1.924201
10	4.081078
10	1.207224
10	1.910813
10	1.539339
10	1.813314
10	1.538201
10	0.799566
10	2.716327
10	2.179776
10	1.648301
10	1.498605
10	1.006341
10	1.799558
10	1.342575
10	2.816922
10	2.141919
10	1.125970
10	1.971043
10	3.122170
10	1.654511
10	2.786511
10	1.087902
10	2.149800
10	2.135793
10	1.079309
10	1.939526
10	2.438531
10	3.071748
10	2.577525
10	2.527485
10	1.434450
10	1.172152
10	1.653562
10	1.035333
10	2.006818
10	2.684655
10	1.554434
10	0.707185
10	1.412279
10	1.216576
10	1.124173
10	3.198196
10	1.213830
10	1.462864
10	3.648347
10	2.398425
10	1.640210
10	1.592403
10	2.443235
10	3.097314
10	3.414556
10	1.268677
10	2.104676
10	2.870688
10	1.307730
10	2.183573
10	0.987037
10	0.656309
10	0.949845
10	3.127204
10	1.808746
10	0.769805
10	2.395543
10	3.248332
10	2.466137
10	1.529410
10	1.035657
10	3.349296
10	1.901977
10	1.901361
10	1.498435
10	2.530172
10	1.734248
10	2.290631
10	0.774994
10	1.250374
10	1.547304
10	2.757648
11	1.957498
11	1.100036
11	1.347043
11	1.500477
11	3.867764
11	1.404647
11	2.202114
11	0.919404
11	1.635174
11	3.668242
11	2.201489
11	1.588831
11	1.326817
11	1.205993
11	1.608730
11	2.255510
11	1.252718
11	2.647431
11	2.423271
11	1.299002
11	2.435316
11	2.360981
11	2.428006
11	2.588752
11	3.024693
11	2.272723
11	2.698688
11	0.931483
11	2.206955
11	3.190224
11	3.417560
11	1.551901
11	0.931250
11	2.312741
11	2.814571
11	1.725448
11	1.097966
11	1.013165
11	1.351672
11	2.364076
11	1.028230
11	2.542481
11	2.857292
11	1.265585
11	2.251155
11	1.061181
11	1.643743
11	1.345000
11	1.050962
11	1.881151
11	1.799527
11	2.149491
11	1.382854
11	2.074195
11	0.703819
11	1.594506
11	2.364176
11	1.119299
11	3.104584
11	0.732467
11	1.345531
11	1.824069
11	2.295179
11	1.109506
11	1.278779
11	1.084644
11	1.544733
11	3.318830
11	1.944783
11	1.935396
11	0.840794
11	2.353380
11	1.449952
11	1.898073
11	1.642835
11	1.415176
11	1.619002
11	2.550377
11	1.736792
11	3.112620
11	2.142980
11	3.290027
11	1.984902
11	1.263130
11	0.608433
11	1.388238
11	0.697251
11	1.332270
11	1.794072
11	1.583791
11	1.435297
11	2.408139
11	1.380797
11	2.025151
11	1.583099
11	3.063586
11	2.808441
11	2.407090
11	2.370725
11	0.882420
12	1.481500
12	0.801323
12	1.473033
12	1.433873
12	1.073182
12	1.259980
12	1.285803
12	0.844563
12	2.223742
12	1.560024
12	1.401612
12	1.744005
12	1.763797
12	1.314855
12	1.724038
12	1.729630
12	0.875296
12	2.575187
12	0.745074
12	1.675347
12	2.394206
12	2.012455
12	1.513725
12	2.601575
12	1.981685
12	2.827519
12	1.443504
12	1.632772
12	1.842205
12	2.287378
12	1.589363
12	1.922776
12	1.887975
12	2.279001
12	2.357724
12	1.693444
12	2.528452
12	1.472287
12	2.931200
12	0.717298
12	1.389672
12	2.236029
12	3.953385
12	1.523562
12	2.966476
12	2.056308
12	1.369041
12	1.114875
12	2.181533
12	2.858680
12	1.209242
12	3.595165
12	3.468677
12	1.679439
12	2.413199
12	1.301974
12	1.983577
12	1.500531
12	1.463656
12	1.945335
12	1.304918
12	2.070887
12	4.252626
12	1.105686
12	3.352419
12	1.626677
12	2.547676
12	0.746628
12	1.421438
12	2.255619
12	1.817469
12	1.480824
12	3.327067
12	2.192305
12	1.994220
12	1.840711
12	2.553538
12	2.217866
12	1.623971
12	3.508820
12	2.136899
12	2.516269
12	1.865293
12	2.021891
12	1.173082
12	2.218573
12	1.340229
12	2.042811
12	2.763327
12	1.182721
12	2.279265
12	1.312178
12	0.493788
12	2.919548
12	1.135609
12	2.055210
12	2.091782
12	2.249479
12	2.135854
12	1.017047
13	2.840883
13	4.119332
13	1.153190
13	2.147205
13	1.510598
13	1.362687
13	2.088935
13	1.855140
13	1.734718
13	2.065513
13	2.574741
13	2.871733
13	1.028611
13	1.979889
13	1.219444
13	2.834555
13	1.877777
13	1.008805
13	1.439188
13	2.404782
13	1.913964
13	1.411135
13	0.906657
13	1.576342
13	1.553527
13	2.250789
13	2.693281
13	2.503652
13	1.761837
13	2.261979
13	1.520677
13	2.588380
13	2.585986
13	1.836274
13	1.849285
13	2.711033
13	1.658267
13	1.706192
13	1.461285
13	1.860697
13	2.745751
13	1.113279
13	2.336063
13	1.692058
13	1.479965
13	2.311079
13	1.317170
13	1.604087
13	2.566469
13	2.275190
13	0.555722
13	3.089035
13	2.616910
13	1.987628
13	1.267559
13	2.563119
13	1.299432
13	3.356420
13	1.130258
13	2.342439
13	2.801998
13	1.575053
13	1.641217
13	1.720452
13	2.472632
13	1.885581
13	3.228214
13	0.847954
13	2.354829
13	3.179641
13	1.957062
13	2.123504
13	1.549323
13	2.283221
13	2.949187
13	1.810539
13	2.194779
13	2.393540
13	1.487098
13	3.663341
13	1.096071
13	2.431578
13	1.950593
13	1.509234
13	1.699522
13	2.311934
13	2.598701
13	0.793100
13	1.482437
13	2.587891
13	3.012849
13	1.815470
13	2.335470
13	1.774787
13	2.360381
13	2.631864
13	3.227750
13	2.234280
13	3.911839
13	2.250281
14	2.235259
14	2.204274
14	2.869715
14	1.456191
14	2.053576
14	2.705240
14	2.809070
14	2.202790
14	2.170219
14	1.930283
14	1.480383
14	2.372449
14	1.144663
14	2.366344
14	3.332824
14	1.561160
14	1.754274
14	2.536571
14	2.389895
14	1.288494
14	2.611741
14	2.869796
14	2.726245
14	2.413633
14	1.064566
14	1.922758
14	3.622176
14	2.402297
14	2.032209
14	2.253050
14	1.376539
14	2.187213
14	2.072747
14	1.600421
14	2.558282
14	2.633283
14	2.364092
14	1.301845
14	2.206544
14	2.106425
14	2.424315
14	1.490664
14	1.631994
14	3.129303
14	1.999441
14	2.894875
14	4.059093
14	1.776318
14	2.367347
14	2.346914
14	1.142283
14	2.934744
14	2.447034
14	1.843591
14	1.067110
14	3.573688
14	1.811371
14	3.265080
14	2.162226
14	1.362855
14	3.662137
14	2.642495
14	3.881511
14	2.303321
14	1.060321
14	1.620244
14	1.755117
14	2.143329
14	2.293358
14	2.512924
14	2.974253
14	2.075501
14	2.319697
14	1.647930
14	2.207658
14	2.400014
14	3.759654
14	1.449397
14	2.999003
14	2.211502
14	1.471496
14	1.995884
14	3.260461
14	2.760163
14	2.342814
14	2.051778
14	2.603855
14	2.775263
14	1.558261
14	3.441787
14	1.455377
14	2.114715
14	1.351756
14	2.090144
14	1.433314
14	1.807026
14	2.675869
14	2.079348
14	1.429058
14	1.864651
15	3.214857
15	1.373746
15	1.849699
15	3.357310
15	2.701760
15	1.916818
15	2.861395
15	1.245090
15	2.120344
15	2.148600
15	1.514517
15	2.932394
15	2.808309
15	2.431407
15	1.096236
15	1.960800
15	1.184310
15	1.194447
15	1.031234
15	0.887447
15	2.318874
15	2.362429
15	2.984168
15	2.289183
15	2.556682
15	2.843031
15	0.689140
15	1.681138
15	1.908275
15	1.803278
15	1.701245
15	1.203533
15	2.496276
15	2.656359
15	2.059637
15	3.315802
15	1.922267
15	2.491052
15	2.332252
15	2.091400
15	2.098008
15	2.411323
15	3.240206
15	2.676604
15	2.441587
15	2.732656
15	0.911149
15	2.822706
15	2.094757
15	2.786966
15	1.386800
15	2.490725
15	2.836410
15	2.808705
15	1.220121
15	2.011548
15	2.340131
15	1.135285
15	1.103864
15	2.466606
15	1.480815
15	1.725877
15	2.647920
15	2.493071
15	2.354720
15	1.762169
15	3.210557
15	1.688380
15	1.864008
15	2.512849
15	3.433849
15	2.191327
15	2.512862
15	1.596719
15	3.095926
15	2.119729
15	2.211990
15	2.360901
15	3.186057
15	1.892137
15	1.339901
15	1.429007
15	1.134842
15	2.507045
15	1.734753
15	2.338112
15	3.120063
15	2.559326
15	2.351591
15	2.318705
15	2.174137
15	2.610378
15	3.299290
15	2.843520
15	1.777268
15	1.245876
15	0.606420
15	2.210214
15	1.671444
15	3.638682
16	2.177834
16	3.732489
16	2.146715
16	1.612777
16	1.510595
16	3.644893
16	1.441953
16	1.727374
16	1.659549
16	3.505844
16	2.380881
16	2.518260
16	3.476996
16	1.566100
16	4.015001
16	2.792544
16	2.518666
16	1.082279
16	3.777162
16	3.857193
16	1.369839
16	1.950247
16	1.968385
16	2.034691
16	1.623433
16	2.039522
16	1.291279
16	1.586999
16	3.268364
16	2.780736
16	2.222992
16	2.709611
16	3.202879
16	0.920181
16	0.782464
16	1.479398
16	2.025435
16	2.345466
16	2.157288
16	1.703271
16	3.262592
16	2.083310
16	1.748703
16	2.016136
16	1.201862
16	2.406715
16	2.346132
16	2.188489
16	3.126329
16	1.979902
16	2.495923
16	2.732945
16	3.625621
16	2.080646
16	1.655829
16	1.796619
16	2.038601
16	1.250836
16	6.131777
16	0.883703
16	2.084777
16	1.498061
16	3.740192
16	2.091975
16	1.484229
16	1.952953
16	2.321442
16	1.070353
16	3.197803
16	1.794845
16	1.916919
16	3.237745
16	2.768280
16	2.879255
16	1.717381
16	1.533948
16	2.881414
16	2.405110
16	2.208702
16	1.944681
16	2.678188
16	2.462259
16	2.871037
16	2.556117
16	1.585774
16	1.329857
16	2.487633
16	1.979187
16	2.933245
16	1.567152
16	1.652269
16	1.766840
16	2.077990
16	1.579242
16	1.105688
16	2.202819
16	2.296277
16	3.389706
16	1.794064
16	2.191216
17	1.359468
17	2.526513
17	2.085784
17	1.952445
17	2.691246
17	3.050098
17	3.636841
17	1.627799
17	1.973609
17	2.304892
17	1.571339
17	2.511987
17	2.749144
17	2.686243
17	2.127193
17	1.976976
17	2.075004
17	3.207099
17	2.592438
17	4.687314
17	3.172411
17	2.916278
17	2.170120
17	1.476513
17	1.589918
17	2.123246
17	2.659048
17	3.826321
17	3.026074
17	3.437366
17	1.698118
17	4.104980
17	1.362723
17	0.651777
17	1.730625
17	2.361210
17	1.654350
17	1.638790
17	1.689394
17	1.073429
17	1.674602
17	3.756938
17	3.298773
17	1.600086
17	2.726525
17	2.684696
17	2.272011
17	1.551120
17	2.460439
17	3.290039
17	3.731451
17	1.850741
17	1.787659
17	1.635632
17	1.001973
17	2.653966
17	2.335138
17	1.334314
17	2.833108
17	2.205364
17	1.625471
17	1.849355
17	2.491183
17	1.766456
17	3.077411
17	2.350248
17	1.513058
17	1.876505
17	2.478056
17	2.054058
17	3.595919
17	3.540907
17	1.967379
17	2.304950
17	1.801112
17	1.037745
17	2.772189
17	4.402227
17	1.703581
17	2.918501
17	1.667097
17	3.263837
17	1.365970
17	1.583016
17	3.036240
17	2.029271
17	2.642966
17	1.309461
17	2.355554
17	2.646095
17	2.714856
17	2.893175
17	1.535404
17	1.445941
17	1.446603
17	2.192804
17	2.142786
17	1.924104
17	1.145373
17	2.653604
18	1.269294
18	3.135311
18	1.653067
18	3.282656
18	2.622891
18	2.279199
18	1.223944
18	1.183133
18	2.287027
18	2.751759
18	2.099606
18	2.657673
18	2.777698
18	2.213595
18	2.995552
18	2.117558
18	1.620847
18	1.430620
18	2.544594
18	2.997077
18	1.664959
18	1.868115
18	2.525160
18	2.144614
18	1.373047
18	2.268050
18	1.974500
18	1.962864
18	3.361474
18	2.601360
18	1.328890
18	1.418581
18	2.462711
18	1.417453
18	0.354459
18	3.182603
18	2.316902
18	2.963584
18	2.215134
18	1.626506
18	2.056691
18	2.119704
18	1.960362
18	2.216949
18	2.358212
18	2.205514
18	3.032096
18	2.942523
18	2.503727
18	2.293420
18	2.631121
18	2.508047
18	2.478472
18	1.945659
18	2.197884
18	0.524285
18	2.700041
18	1.557656
18	2.059933
18	2.346595
18	3.687260
18	3.326833
18	1.324111
18	3.968896
18	0.675935
18	1.341497
18	3.244908
18	3.312479
18	2.267907
18	2.219919
18	2.501094
18	2.186521
18	2.335862
18	2.143332
18	1.660566
18	1.227303
18	3.419664
18	2.657554
18	1.541693
18	1.338323
18	1.842783
18	2.728905
18	2.921462
18	2.886517
18	1.714858
18	1.834077
18	2.539785
18	2.563180
18	3.729298
18	1.591159
18	1.599429
18	2.131475
18	1.506596
18	2.377473
18	1.574162
18	1.472252
18	1.675190
18	2.120808
18	3.581302
18	1.815477
19	1.853848
19	2.774036
19	2.080964
19	2.102620
19	0.935065
19	2.223271
19	1.189002
19	2.978431
19	1.726469
19	1.990126
19	1.858382
19	1.663968
19	1.749906
19	2.338734
19	1.199324
19	1.199758
19	4.112554
19	1.657294
19	2.654981
19	1.354941
19	3.683350
19	3.177046
19	2.673389
19	1.631293
19	2.693577
19	1.928716
19	2.603747
19	2.544810
19	1.364598
19	1.278956
19	2.924157
19	2.213454
19	1.137929
19	2.109277
19	2.089627
19	2.952070
19	2.592701
19	1.888415
19	3.175009
19	3.483994
19	1.409843
19	1.821622
19	1.924086
19	2.390193
19	1.938149
19	2.124440
19	1.983673
19	1.563442
19	2.012525
19	1.929421
19	2.020482
19	1.709824
19	2.903558
19	1.793717
19	3.756988
19	4.187139
19	2.231905
19	2.613824
19	2.500653
19	2.362131
19	1.176111
19	3.788595
19	0.893358
19	2.103895
19	1.851925
19	1.334948
19	1.641087
19	1.951048
19	1.278048
19	2.222842
19	2.412993
19	2.083096
19	3.824169
19	1.806698
19	2.110694
19	2.139295
19	3.215901
19	2.161202
19	2.454169
19	1.069385
19	2.356601
19	2.249085
19	2.105229
19	2.338310
19	3.012036
19	1.438767
19	4.396500
19	2.369178
19	1.576551
19	2.407119
19	1.882896
19	2.836984
19	4.487740
19	1.794059
19	1.213530
19	1.017453
19	2.489466
19	2.076316
19	2.517772
19	1.719746
20	2.738954
20	1.619550
20	2.227346
20	2.707479
20	2.164817
20	2.015002
20	2.624340
20	1.911996
20	2.521975
20	2.185481
20	3.383548
20	2.460285
20	1.182649
20	2.204355
20	1.840502
20	2.368001
20	1.734766
20	3.261958
20	2.565298
20	2.427234
20	1.839891
20	1.289263
20	2.453676
20	1.557771
20	1.493784
20	1.250143
20	3.709032
20	3.094566
20	2.532836
20	2.037006
20	2.028954
20	1.585107
20	2.402871
20	1.836682
20	1.574080
20	2.101804
20	2.170932
20	2.172466
20	1.971387
20	2.141011
20	1.790180
20	1.870357
20	2.110217
20	2.436845
20	3.313530
20	2.475652
20	1.692518
20	2.741362
20	2.648313
20	3.308206
20	1.797947
20	2.072058
20	2.431958
20	1.873528
20	2.503463
20	1.731830
20	2.724986
20	1.487802
20	3.722161
20	2.522936
20	2.729173
20	2.032555
20	1.042168
20	3.560901
20	1.977796
20	2.457612
20	2.626659
20	2.549722
20	2.857127
20	2.978297
20	3.511131
20	2.217177
20	1.922597
20	2.689266
20	1.948277
20	2.756531
20	1.753269
20	2.363795
20	2.543577
20	1.232702
20	2.741459
20	2.182260
20	2.953732
20	2.779464
20	2.846624
20	2.550162
20	2.580581
20	1.720710
20	2.199662
20	1.439032
20	1.146482
20	2.274667
20	2.178253
20	2.237461
20	2.344418
20	2.545924
20	2.079418
20	2.587898
20	1.679870
20	1.965677
21	1.835463
21	3.208368
21	3.229021
21	3.348419
21	2.848654
21	2.098224
21	2.502643
21	2.533817
21	1.935728
21	2.549152
21	3.089503
21	2.534999
21	5.158608
21	2.986979
21	2.758644
21	1.849240
21	1.481891
21	3.684333
21	2.383658
21	2.305652
21	2.532964
21	1.937069
21	2.795581
21	1.946613
21	1.731634
21	3.050147
21	2.887782
21	3.722951
21	2.289802
21	2.197512
21	2.934623
21	2.833522
21	3.229939
21	1.896183
21	2.568399
21	2.399855
21	3.936036
21	1.821350
21	3.259088
21	1.024303
21	2.427815
21	2.539794
21	3.591445
21	3.081384
21	2.245855
21	2.454287
21	2.468776
21	2.084869
21	2.159703
21	1.997400
21	2.441767
21	2.353015
21	2.641169
21	1.869994
21	2.457479
21	2.873293
21	2.475014
21	2.375268
21	2.703447
21	2.130940
21	1.743990
21	2.363073
21	2.573071
21	3.022657
21	3.466155
21	2.983145
21	2.504068
21	1.579959
21	2.586134
21	2.336597
21	2.389964
21	2.567328
21	2.454388
21	3.064173
21	2.914563
21	3.229559
21	2.647260
21	3.077876
21	1.600159
21	1.806809
21	2.074950
21	1.636535
21	1.300816
21	2.383921
21	2.364694
21	1.564719
21	2.088048
21	1.575233
21	2.060259
21	2.305971
21	1.833459
21	2.229904
21	1.867675
21	1.888381
21	1.970594
21	1.882703
21	2.975273
21	2.840784
21	2.672272
21	1.480194
22	2.584688
22	2.730438
22	3.007173
22	1.936167
22	2.699352
22	2.080851
22	2.161003
22	2.032363
22	2.477910
22	2.245839
22	1.649737
22	2.727138
22	0.820078
22	3.009368
22	2.088668
22	1.456988
22	2.498424
22	2.291909
22	2.561654
22	2.383562
22	2.411494
22	1.641188
22	3.017674
22	2.413471
22	1.957123
22	3.954346
22	2.131926
22	1.774303
22	3.282220
22	1.871601
22	2.136246
22	2.894203
22	2.687062
22	1.828754
22	2.016826
22	2.082807
22	2.486238
22	2.460658
22	3.330301
22	3.784593
22	2.567972
22	1.824962
22	1.932690
22	1.650462
22	1.874272
22	2.997334
22	1.848618
22	1.778662
22	1.768179
22	1.128311
22	1.763410
22	2.406111
22	1.850443
22	3.287021
22	2.692631
22	3.079879
22	3.458095
22	2.184662
22	1.853620
22	2.339758
22	1.217251
22	1.405662
22	2.480693
22	2.609793
22	4.079254
22	1.487520
22	2.568618
22	2.752448
22	2.065143
22	2.322622
22	1.886705
22	1.566140
22	3.981711
22	3.355973
22	2.837118
22	2.090184
22	2.052344
22	2.169473
22	2.196670
22	2.007379
22	1.585478
22	2.426602
22	1.979146
22	1.784952
22	2.585404
22	4.153379
22	2.755565
22	2.708277
22	2.910524
22	2.581957
22	2.731498
22	1.728193
22	2.924531
22	2.097915
22	1.721414
22	2.804444
22	3.666849
22	1.417092
22	3.366523
22	2.610732
23	1.738011
23	2.791335
23	2.855190
23	2.659608
23	2.004467
23	1.925167
23	1.729131
23	2.616551
23	2.359359
23	2.399808
23	2.468303
23	1.599043
23	2.315807
23	3.014176
23	3.153906
23	1.520018
23	1.481757
23	2.193336
23	3.270512
23	2.274045
23	2.336026
23	1.626453
23	2.431578
23	2.889736
23	1.338295
23	2.693387
23	1.208197
23	2.623196
23	1.451288
23	2.425346
23	2.562095
23	2.965788
23	2.944864
23	3.036364
23	1.198476
23	1.200188
23	2.271940
23	2.322072
23	2.202233
23	2.536731
23	1.944045
23	1.891133
23	1.996048
23	2.866734
23	5.247543
23	1.843367
23	2.702573
23	2.514628
23	2.741691
23	2.492776
23	1.692982
23	2.113200
23	1.360760
23	2.658483
23	2.675582
23	2.052187
23	3.589774
23	3.055821
23	2.323325
23	2.772898
23	2.748911
23	2.261535
23	2.289261
23	2.097358
23	2.612238
23	2.340418
23	2.512313
23	2.471568
23	1.813916
23	2.293328
23	3.435019
23	2.588065
23	1.726600
23	3.049619
23	2.865101
23	2.130355
23	1.914612
23	2.308739
23	1.619935
23	3.199244
23	1.759854
23	2.339967
23	2.901213
23	1.891592
23	2.316177
23	3.760062
23	1.720455
23	2.185502
23	2.827157
23	3.809863
23	2.769070
23	1.888528
23	2.317079
23	2.680034
23	1.691978
23	2.151164
23	3.734824
23	1.920869
23	1.553142
23	3.214913
24	3.405805
24	2.175854
24	2.294510
24	1.122007
24	2.393407
24	1.577944
24	1.530149
24	2.216610
24	2.623681
24	3.158662
24	1.964550
24	2.444037
24	1.798267
24	3.110202
24	2.136831
24	2.915602
24	2.748935
24	2.545447
24	3.386982
24	2.627601
24	2.256633
24	1.204579
24	1.565677
24	2.978775
24	1.770754
24	2.687565
24	1.680023
24	2.643398
24	1.721442
24	2.067596
24	2.178032
24	3.136845
24	1.971888
24	4.670465
24	2.784006
24	1.302190
24	5.689774
24	1.951843
24	2.573304
24	2.374626
24	2.277319
24	2.019076
24	2.457988
24	1.946682
24	1.722226
24	3.459675
24	2.327244
24	2.645509
24	2.764911
24	2.148670
24	2.507479
24	3.998865
24	2.055062
24	2.422471
24	2.738838
24	3.269477
24	2.848052
24	2.300241
24	3.777430
24	0.917653
24	3.433880
24	1.394516
24	2.726940
24	2.157032
24	1.835508
24	2.465568
24	4.000211
24	2.579380
24	1.597870
24	2.644693
24	2.413806
24	4.405142
24	3.267048
24	3.088248
24	1.875565
24	1.712295
24	2.518990
24	1.928952
24	2.585073
24	2.591245
24	2.927971
24	2.050282
24	2.362904
24	3.319483
24	2.652975
24	2.288139
24	2.935903
24	2.510181
24	2.654733
24	2.456978
24	1.730402
24	1.713886
24	2.484795
24	3.079786
24	1.511066
24	2.202668
24	2.067717
24	1.551050
24	2.800336
24	3.335356
25	2.322835
25	2.495734
25	2.512064
25	2.108132
25	3.198896
25	3.545266
25	1.896843
25	3.097857
25	2.533731
25	3.230110
25	3.377671
25	2.036218
25	2.783246
25	4.341004
25	2.946036
25	2.221609
25	2.604967
25	3.511415
25	1.962630
25	2.800522
25	2.724533
25	2.722255
25	2.161625
25	2.560497
25	3.031638
25	2.599871
25	1.988908
25	2.206461
25	2.472944
25	3.709017
25	2.297571
25	3.939630
25	2.009290
25	2.576734
25	1.319258
25	2.791434
25	2.909918
25	2.612609
25	2.870324
25	3.134937
25	2.917410
25	1.419016
25	1.874806
25	2.521350
25	2.135855
25	1.936093
25	2.595357
25	1.043078
25	2.592811
25	3.831702
25	3.420100
25	2.296597
25	1.927349
25	1.446156
25	1.544356
25	3.123876
25	2.207568
25	2.027478
25	2.446339
25	1.503119
25	3.967832
25	3.562101
25	3.081260
25	1.788864
25	2.098401
25	2.310298
25	2.873113
25	3.816512
25	2.382554
25	4.050797
25	2.614718
25	3.298136
25	1.881054
25	2.891766
25	1.602238
25	3.107400
25	1.752690
25	2.120263
25	1.506742
25	3.263300
25	2.510002
25	2.314439
25	2.775625
25	3.003092
25	3.000864
25	3.177720
25	2.461453
25	2.632872
25	1.429516
25	4.051085
25	2.510223
25	2.095699
25	2.867192
25	2.147323
25	3.537070
25	2.289362
25	1.401714
25	2.804419
25	2.925614
25	1.570761
26	2.363723
26	2.876759
26	2.592372
26	1.666487
26	3.404888
26	2.201162
26	2.507690
26	1.987358
26	2.629056
26	2.468542
26	1.171305
26	2.182111
26	1.741831
26	1.954486
26	1.879140
26	1.562820
26	1.968426
26	3.088583
26	2.689317
26	3.215534
26	2.062348
26	1.962452
26	2.412874
26	2.181565
26	2.084045
26	2.341945
26	3.083323
26	3.139172
26	2.684377
26	1.855685
26	2.181987
26	1.539179
26	2.139791
26	3.308411
26	2.676142
26	3.045251
26	2.318030
26	2.944952
26	2.543093
26	1.695294
26	2.378070
26	2.859851
26	2.459280
26	1.392524
26	2.484418
26	1.089648
26	1.728893
26	3.385645
26	1.638935
26	1.925497
26	2.016195
26	2.375317
26	2.551580
26	2.397588
26	2.406860
26	1.525170
26	2.595578
26	2.652315
26	3.635832
26	2.455910
26	2.000887
26	1.946483
26	4.158756
26	2.754908
26	2.513945
26	4.006517
26	2.452619
26	1.747807
26	2.502629
26	1.890043
26	1.643753
26	1.881351
26	2.388124
26	2.453373
26	2.065174
26	3.252648
26	2.256677
26	3.685115
26	2.646942
26	2.171253
26	3.392172
26	1.743059
26	2.517065
26	1.598071
26	2.074533
26	2.961354
26	3.484804
26	1.875844
26	2.163224
26	2.538299
26	3.840248
26	2.507755
26	2.039311
26	1.755669
26	2.116483
26	2.780483
26	0.781012
26	1.905202
26	2.330884
26	1.869135
27	1.378101
27	2.567923
27	2.376840
27	3.076386
27	2.782524
27	3.307580
27	3.067724
27	3.562514
27	2.003549
27	2.417135
27	1.486224
27	2.239350
27	2.573243
27	2.618275
27	1.671988
27	1.959316
27	2.005546
27	2.686404
27	2.279463
27	0.834907
27	1.797443
27	3.103972
27	2.242456
27	2.059811
27	2.554345
27	2.589165
27	2.419135
27	1.257398
27	2.958885
27	1.953591
27	1.646985
27	1.574939
27	2.204736
27	2.128098
27	2.170232
27	2.603460
27	0.890754
27	2.447700
27	3.253322
27	2.534206
27	2.329415
27	2.157759
27	3.436814
27	2.530643
27	2.375972
27	2.986914
27	1.758103
27	4.985850
27	3.168834
27	2.100092
27	1.783952
27	3.726456
27	2.421287
27	3.595230
27	2.268345
27	2.233966
27	2.588785
27	2.009065
27	2.230147
27	2.885751
27	2.275842
27	3.390807
27	1.783923
27	1.717952
27	1.920450
27	2.296368
27	1.407603
27	2.595556
27	3.057444
27	1.953133
27	3.068023
27	1.978602
27	2.366836
27	2.395059
27	1.509930
27	2.684450
27	2.098867
27	1.268055
27	3.587670
27	2.864838
27	1.298942
27	2.367421
27	3.252387
27	1.694833
27	2.941370
27	3.248000
27	4.296625
27	2.485141
27	2.423395
27	3.164430
27	3.038938
27	1.895277
27	3.021433
27	4.070403
27	1.788550
27	1.949003
27	2.334399
27	3.472061
27	3.154195
27	1.513493
28	1.539520
28	2.594069
28	1.949769
28	2.560671
28	2.650372
28	2.426301
28	3.134911
28	2.331492
28	1.399381
28	2.080782
28	3.269865
28	3.208830
28	0.941070
28	5.200754
28	2.995903
28	2.055183
28	1.822697
28	1.891158
28	2.668366
28	2.169359
28	3.828574
28	2.651819
28	2.287960
28	2.293865
28	2.208407
28	3.990594
28	2.661783
28	2.337694
28	2.654312
28	3.264727
28	3.302367
28	1.854117
28	1.941899
28	1.571782
28	1.763646
28	2.156401
28	2.249729
28	3.306857
28	3.325904
28	2.760295
28	2.116357
28	2.016836
28	2.436308
28	1.910922
28	2.806270
28	2.674932
28	2.530928
28	3.334778
28	2.656494
28	0.729389
28	2.841782
28	2.438211
28	2.256713
28	2.924960
28	2.660034
28	3.763304
28	1.738079
28	3.368390
28	2.763786
28	1.149678
28	3.425684
28	1.610045
28	3.117182
28	2.861467
28	2.918277
28	2.010662
28	3.001509
28	3.380610
28	2.242930
28	2.107383
28	1.232423
28	2.808653
28	2.383117
28	2.383751
28	2.621367
28	4.027358
28	2.309179
28	3.709882
28	2.096832
28	3.255823
28	3.187516
28	2.604658
28	3.439912
28	3.361724
28	2.676833
28	3.234018
28	2.123719
28	3.463232
28	2.466329
28	1.564750
28	2.982073
28	3.232124
28	2.210491
28	2.488904
28	1.911932
28	1.434608
28	2.978744
28	2.074625
28	2.167619
28	2.645783
29	2.823877
29	2.355012
29	1.934395
29	1.851992
29	1.551623
29	1.998236
29	2.155557
29	3.072811
29	2.189699
29	1.877423
29	2.760978
29	1.362955
29	2.613837
29	1.721595
29	1.503404
29	2.899897
29	3.586274
29	2.620803
29	3.528981
29	2.496096
29	2.969470
29	2.332766
29	1.550747
29	3.852535
29	1.762413
29	1.777602
29	2.271805
29	2.350805
29	2.481195
29	1.950499
29	1.888123
29	2.943388
29	0.924541
29	1.811959
29	1.207871
29	3.156841
29	0.965806
29	2.653702
29	3.596713
29	1.821786
29	2.917183
29	3.191389
29	2.423102
29	1.606075
29	2.381895
29	3.581598
29	1.960007
29	2.384872
29	1.976136
29	2.240471
29	0.795527
29	1.909321
29	2.059936
29	2.949132
29	1.787458
29	1.282779
29	1.716442
29	2.594468
29	4.157791
29	2.932508
29	1.823950
29	2.068036
29	1.197846
29	2.919642
29	2.676539
29	3.674195
29	2.025476
29	3.900852
29	2.881876
29	2.328641
29	3.783302
29	2.169845
29	2.584870
29	3.301170
29	2.632461
29	2.034250
29	1.662237
29	1.589026
29	1.602219
29	4.043183
29	2.787203
29	3.102458
29	3.192397
29	3.552550
29	1.144564
29	2.488915
29	2.213872
29	3.794545
29	3.233380
29	1.093589
29	2.969128
29	2.599123
29	2.851579
29	2.082539
29	2.779746
29	2.188267
29	1.964002
29	2.113064
29	1.999223
29	2.228640
30	1.259558
30	2.008797
30	1.748749
30	1.213841
30	3.647808
30	2.675920
30	2.349302
30	2.495887
30	2.526927
30	2.751646
30	2.702932
30	2.680122
30	2.684268
30	2.731742
30	1.547729
30	1.884582
30	1.931337
30	1.826250
30	3.098605
30	2.577583
30	2.771080
30	2.521760
30	1.983999
30	1.790862
30	2.615098
30	2.572241
30	2.916632
30	1.921039
30	2.002951
30	2.826254
30	1.577243
30	2.522056
30	3.390990
30	3.487448
30	1.357666
30	2.383544
30	2.274042
30	2.063776
30	2.458927
30	2.568582
30	1.952599
30	2.637358
30	1.174373
30	1.674075
30	3.403310
30	1.984493
30	2.240565
30	1.583182
30	1.619207
30	3.442299
30	2.134443
30	2.969539
30	3.095916
30	1.624421
30	3.362971
30	2.456712
30	1.282498
30	2.254801
30	2.513859
30	2.642983
30	2.496643
30	2.197978
30	2.045626
30	1.525894
30	2.153648
30	2.818467
30	1.664784
30	2.248962
30	2.042491
30	2.533790
30	2.945534
30	2.922667
30	2.496084
30	1.924446
30	2.836678
30	3.736279
30	3.002641
30	1.964402
30	1.968041
30	2.763454
30	1.888993
30	2.869340
30	3.877860
30	1.674417
30	2.254849
30	2.179864
30	1.769586
30	1.352927
30	2.729204
30	3.003445
30	2.379498
30	2.044387
30	1.568731
30	2.909939
30	2.701053
30	1.415421
30	1.407964
30	1.697545
30	1.775291
30	2.214491
