1	10.446378
1	0.474416
1	0.087682
1	0.461493
1	0.058900
1	0.038313
1	0.127488
1	0.051644
1	10.881814
1	0.220850
1	0.052221
1	0.068788
1	0.049018
1	0.025459
1	0.110077
1	0.031774
1	1.497596
1	0.049328
1	0.023697
1	0.022388
1	0.058669
1	0.051885
1	0.157599
1	0.000000
1	0.049746
1	0.117991
1	0.050739
1	0.049644
1	0.053141
1	0.452398
1	0.061382
1	0.000000
1	7.652985
1	0.052568
1	0.056185
1	0.059354
1	0.080907
1	0.056460
1	0.021816
1	0.000000
1	0.029486
1	0.122924
1	0.000000
1	0.090419
1	0.106887
1	0.014874
1	0.016215
1	6.674090
1	0.270461
1	0.000000
1	0.049560
1	0.052978
1	0.357596
1	0.025801
1	0.128806
1	0.085725
1	0.093165
1	0.000000
1	0.018421
1	0.028504
1	0.054422
1	0.090199
1	0.120713
1	0.074241
1	0.046613
1	0.021505
1	0.693266
1	7.248229
1	0.000000
1	0.048828
1	0.140909
1	0.061140
1	0.000000
1	0.051452
1	0.023158
1	0.036183
1	0.093530
1	0.771204
1	0.017649
1	0.055382
1	0.086231
1	0.052441
1	0.070692
1	2.539909
1	0.024107
1	0.069484
1	0.912237
1	0.134010
1	0.026074
1	0.080678
1	0.066407
1	0.140585
1	0.457913
1	0.050722
1	0.024550
1	0.058098
1	0.062286
1	0.050919
1	1.758504
1	0.084761
2	0.000000
2	0.141331
2	0.243997
2	0.117714
2	0.031617
2	0.165476
2	0.604879
2	0.779420
2	0.865320
2	0.516767
2	0.053999
2	0.074281
2	0.173749
2	0.080151
2	0.089164
2	0.665966
2	0.040328
2	0.047018
2	0.024678
2	0.054340
2	0.093703
2	0.033609
2	0.622863
2	0.417414
2	0.021615
2	0.084080
2	0.097719
2	0.806821
2	0.482741
2	0.443558
2	0.118015
2	0.044089
2	0.028797
2	0.757327
2	0.058881
2	0.367276
2	0.433292
2	0.452766
2	0.140081
2	0.030838
2	0.030942
2	0.642046
2	0.018972
2	0.404221
2	0.546516
2	0.018252
2	0.053949
2	0.000000
2	0.092028
2	0.023711
2	2.965441
2	0.027628
2	0.060972
2	0.425044
2	0.087233
2	0.057229
2	0.559767
2	0.391447
2	0.072611
2	0.048771
2	0.082779
2	0.032350
2	0.073869
2	1.283965
2	0.066704
2	0.104494
2	0.287868
2	0.077990
2	1.078959
2	0.058568
2	0.121596
2	0.102511
2	0.084586
2	9.298595
2	0.513174
2	0.546219
2	0.956547
2	0.244935
2	0.078654
2	0.329892
2	3.111954
2	0.039886
2	0.265240
2	0.037870
2	0.070498
2	0.623857
2	0.044314
2	0.145738
2	0.570119
2	0.056496
2	0.046747
2	0.103544
2	0.228814
2	0.047777
2	0.056268
2	1.174728
2	5.061294
2	0.901189
2	0.153758
2	0.000000
3	0.383650
3	0.093611
3	2.796378
3	0.088144
3	0.191742
3	0.090720
3	0.521193
3	0.044707
3	0.361853
3	0.937301
3	0.083590
3	0.093791
3	0.806510
3	0.965508
3	1.115336
3	0.082535
3	0.101920
3	0.016086
3	0.418191
3	3.758018
3	0.235516
3	0.527483
3	0.136810
3	0.704448
3	0.040874
3	0.145872
3	0.477591
3	0.070095
3	0.180133
3	0.037683
3	9.134861
3	0.514227
3	0.654732
3	0.239208
3	0.190220
3	0.517028
3	0.219645
3	0.547503
3	0.364731
3	1.430681
3	0.693578
3	0.062120
3	0.026575
3	3.303879
3	0.124490
3	0.440683
3	1.185430
3	0.107680
3	0.040893
3	0.028287
3	0.019670
3	0.528147
3	0.199808
3	0.024917
3	0.046591
3	1.229522
3	0.763322
3	0.049883
3	0.079070
3	0.378528
3	0.039287
3	0.147008
3	0.025502
3	0.812210
3	0.025490
3	0.848197
3	0.067188
3	1.699204
3	0.038464
3	0.283689
3	0.358146
3	0.029471
3	0.882096
3	0.027274
3	1.938751
3	0.112472
3	0.068885
3	0.274121
3	0.362068
3	0.101585
3	0.842701
3	0.080346
3	0.771902
3	0.087736
3	2.791539
3	0.052718
3	1.642906
3	0.826055
3	0.372133
3	0.533250
3	0.096343
3	0.223690
3	1.070682
3	0.176537
3	1.007321
3	0.123053
3	0.571495
3	0.043750
3	0.913620
3	0.061011
4	0.395399
4	0.068124
4	0.381616
4	0.055406
4	0.246795
4	0.047399
4	0.398376
4	0.468520
4	0.237090
4	0.047981
4	0.087682
4	0.115458
4	0.763531
4	0.234787
4	0.073198
4	0.505311
4	0.382425
4	0.075712
4	0.074696
4	0.049394
4	0.085035
4	0.446652
4	1.501021
4	0.343715
4	0.275639
4	0.100810
4	0.990546
4	0.279276
4	0.483237
4	0.052632
4	0.407460
4	0.074651
4	0.304418
4	0.263668
4	0.053517
4	0.063818
4	0.333067
4	0.207113
4	0.294500
4	0.079088
4	0.620287
4	0.032745
4	0.100031
4	0.303169
4	0.052901
4	0.102964
4	0.173272
4	0.337256
4	0.064077
4	7.799444
4	0.063025
4	0.177476
4	0.301006
4	0.220171
4	0.117180
4	0.085297
4	0.034731
4	0.302893
4	0.311531
4	0.067465
4	0.022533
4	0.069279
4	0.109225
4	0.625775
4	0.796485
4	0.912282
4	0.121197
4	0.171532
4	0.053075
4	0.882499
4	0.089793
4	0.116426
4	0.126974
4	0.984185
4	0.065818
4	0.146148
4	0.246511
4	0.025529
4	0.656669
4	2.830670
4	0.679747
4	0.439839
4	0.140470
4	0.125969
4	0.201428
4	0.100390
4	1.888181
4	0.353559
4	0.047981
4	0.057589
4	0.535461
4	0.097139
4	0.582445
4	0.263361
4	0.023345
4	0.829146
4	0.024555
4	0.047640
4	0.627159
4	0.258027
5	0.862574
5	0.096423
5	0.271946
5	1.980905
5	0.254853
5	0.278864
5	0.069834
5	0.516412
5	0.310287
5	2.156310
5	0.237372
5	0.263095
5	0.386772
5	0.286999
5	0.516666
5	0.328916
5	0.074804
5	0.068332
5	0.095925
5	0.070116
5	0.642660
5	0.052283
5	0.268270
5	0.107323
5	0.656717
5	0.212349
5	0.226607
5	0.937174
5	13.350986
5	0.113364
5	0.518079
5	0.228202
5	0.109123
5	1.756318
5	0.036561
5	0.226972
5	0.277952
5	0.026519
5	0.339722
5	0.104407
5	0.919604
5	0.049344
5	0.896936
5	0.339118
5	0.504953
5	0.690666
5	0.100887
5	0.567345
5	0.179641
5	0.351391
5	2.427149
5	1.280597
5	0.169180
5	0.358612
5	0.038625
5	0.561238
5	1.230880
5	0.151064
5	0.050588
5	0.187786
5	0.519160
5	0.173315
5	0.274144
5	0.264092
5	0.179570
5	1.024280
5	0.458111
5	0.662789
5	0.877453
5	2.199892
5	0.312451
5	0.663119
5	0.067145
5	0.587456
5	1.094729
5	0.416041
5	0.273347
5	0.047726
5	0.055543
5	0.368462
5	0.068632
5	0.071997
5	0.197535
5	1.363287
5	1.055577
5	1.304997
5	0.026167
5	0.278521
5	0.238360
5	0.076012
5	0.452233
5	0.477392
5	0.585800
5	0.576910
5	0.492498
5	0.850056
5	0.371932
5	0.345990
5	0.099492
5	0.948623
6	0.046517
6	0.414402
6	0.039893
6	0.327190
6	0.164520
6	0.198000
6	0.526798
6	0.272877
6	0.496503
6	0.430044
6	0.200188
6	0.604584
6	0.371327
6	0.253395
6	0.342664
6	0.246174
6	1.128038
6	0.589469
6	0.896860
6	0.760615
6	0.230018
6	0.364597
6	0.465933
6	1.255563
6	0.262051
6	2.774899
6	0.760475
6	0.195132
6	0.428883
6	0.409115
6	0.162483
6	0.981845
6	0.552489
6	0.180762
6	0.209338
6	1.333463
6	0.345073
6	0.306089
6	0.054561
6	0.956540
6	3.885627
6	0.556766
6	0.025616
6	0.858132
6	0.329429
6	0.545349
6	0.840201
6	0.576938
6	0.061382
6	0.526881
6	0.097876
6	0.944274
6	0.262209
6	0.136332
6	0.543288
6	0.256828
6	0.233481
6	0.418926
6	0.532775
6	0.120882
6	0.555779
6	0.993219
6	0.456796
6	0.255689
6	2.312477
6	0.652957
6	0.322510
6	0.429622
6	1.697131
6	1.276821
6	0.266798
6	0.604636
6	0.107606
6	0.481242
6	0.870080
6	0.740713
6	0.053637
6	0.071894
6	0.320039
6	0.124455
6	0.373240
6	0.882797
6	0.404825
6	0.650288
6	0.046881
6	0.833772
6	0.390381
6	0.188337
6	0.798453
6	1.285732
6	0.167657
6	3.065188
6	0.059982
6	0.146482
6	0.439444
6	0.892558
6	0.049402
6	0.609343
6	0.235166
6	0.187121
7	0.064183
7	0.492950
7	0.556880
7	0.216046
7	0.586061
7	0.379786
7	0.384531
7	0.275336
7	0.344796
7	0.101279
7	0.581618
7	0.062847
7	0.561298
7	0.668534
7	0.084871
7	0.138345
7	0.532208
7	0.748827
7	1.184723
7	0.231325
7	0.279499
7	0.101612
7	1.775525
7	0.852937
7	0.585042
7	0.037853
7	0.162495
7	0.494197
7	0.432717
7	0.346609
7	1.367006
7	0.060092
7	1.478250
7	0.821505
7	0.066485
7	0.408660
7	0.572088
7	0.660535
7	3.188197
7	1.062156
7	0.227069
7	0.348483
7	0.672593
7	0.096496
7	0.157379
7	0.434682
7	0.641227
7	0.361679
7	0.052745
7	0.848766
7	0.089117
7	1.442626
7	0.280492
7	0.519570
7	0.547380
7	0.047168
7	1.532679
7	0.181221
7	0.479056
7	1.274172
7	0.279988
7	0.395829
7	0.983131
7	0.464968
7	0.252383
7	0.165820
7	0.565367
7	0.151982
7	0.224182
7	0.076487
7	1.948300
7	0.640280
7	0.739316
7	10.784189
7	0.527914
7	0.245730
7	0.302686
7	0.079376
7	0.668654
7	0.066892
7	0.594456
7	1.886986
7	0.043921
7	0.484833
7	0.320518
7	0.871276
7	0.266329
7	0.161875
7	0.808135
7	0.582116
7	1.255133
7	1.247784
7	0.373163
7	0.054916
7	0.027661
7	0.437766
7	0.387972
7	0.148093
7	5.555543
7	2.079048
8	0.534948
8	0.244399
8	0.564736
8	0.075716
8	0.587850
8	0.091626
8	0.975294
8	1.027905
8	0.233829
8	0.052777
8	0.427698
8	0.166657
8	0.442793
8	0.363422
8	1.168234
8	0.535855
8	0.207049
8	0.059895
8	0.202521
8	0.654243
8	0.197748
8	0.219809
8	0.463279
8	0.056874
8	0.182817
8	0.339257
8	0.307031
8	0.394376
8	0.275068
8	0.059296
8	0.494193
8	0.299571
8	0.400411
8	0.526337
8	0.520640
8	0.649885
8	0.048406
8	0.876092
8	0.401898
8	0.840580
8	0.620432
8	0.414499
8	1.123717
8	0.196323
8	0.632193
8	0.529053
8	0.426847
8	0.378282
8	0.402456
8	0.094038
8	0.602498
8	0.576959
8	0.410780
8	0.762341
8	0.393140
8	0.445341
8	0.515501
8	0.693873
8	0.324719
8	0.329013
8	0.041326
8	0.709265
8	0.861842
8	0.235050
8	0.359310
8	0.917634
8	0.260096
8	0.729975
8	0.641609
8	0.375656
8	0.412815
8	0.195006
8	0.727306
8	0.304748
8	0.256595
8	1.626258
8	0.606301
8	0.034726
8	0.611481
8	0.122208
8	0.400096
8	0.532827
8	0.471115
8	0.206595
8	0.051689
8	0.789680
8	0.118664
8	0.049289
8	0.769820
8	0.815391
8	0.899596
8	1.064671
8	0.322548
8	0.526967
8	0.444622
8	0.073960
8	0.245423
8	0.417386
8	1.618581
8	0.549450
9	0.190387
9	0.989564
9	0.076964
9	0.382970
9	0.538557
9	0.177708
9	0.284278
9	0.051815
9	0.169606
9	1.672649
9	2.995341
9	0.278363
9	0.071676
9	0.406424
9	0.174459
9	0.164620
9	0.753236
9	0.362322
9	1.487838
9	0.184269
9	1.890973
9	0.253703
9	0.515865
9	0.198107
9	0.768156
9	1.268180
9	1.123030
9	0.433306
9	0.479532
9	0.235999
9	0.262800
9	0.671190
9	1.240001
9	0.521804
9	0.450978
9	0.270885
9	0.297531
9	0.739646
9	2.561792
9	0.339870
9	0.759886
9	0.705681
9	0.669346
9	0.057042
9	0.228973
9	0.702231
9	1.666100
9	0.267838
9	1.152219
9	0.347800
9	0.121765
9	0.730481
9	0.105602
9	1.195880
9	0.288629
9	1.562492
9	0.476052
9	0.372661
9	0.445426
9	0.717708
9	0.781940
9	0.474796
9	0.063625
9	0.219342
9	0.444932
9	0.877835
9	0.451422
9	0.559554
9	0.240793
9	0.732450
9	0.812393
9	0.749149
9	0.197435
9	0.989474
9	0.343123
9	0.056539
9	1.113360
9	0.212016
9	0.940342
9	0.222763
9	0.646305
9	1.043450
9	2.438135
9	0.439368
9	0.430759
9	0.577503
9	0.301618
9	0.343377
9	0.677616
9	0.833641
9	0.179322
9	1.192173
9	0.428302
9	0.851955
9	0.443843
9	0.159994
9	0.511521
9	0.269099
9	0.714710
9	0.429645
10	0.833390
10	0.992585
10	0.629701
10	0.569962
10	0.721422
10	0.319468
10	0.268107
10	1.894613
10	1.184630
10	0.386129
10	0.369842
10	1.128564
10	0.545380
10	0.447870
10	0.739241
10	3.207597
10	0.582916
10	1.161382
10	0.724699
10	0.229307
10	0.669352
10	0.864996
10	0.220817
10	0.763266
10	0.053442
10	0.551552
10	0.434590
10	0.111501
10	0.861268
10	0.108295
10	0.345722
10	0.107242
10	0.629978
10	0.934417
10	0.417489
10	0.468740
10	0.485176
10	0.459625
10	0.420965
10	0.837846
10	0.627905
10	0.409583
10	0.860349
10	0.626268
10	0.793628
10	0.245245
10	0.772181
10	0.032980
10	0.289226
10	0.637205
10	0.239462
10	1.323600
10	1.063122
10	0.568166
10	0.332912
10	0.864154
10	0.435294
10	0.868481
10	0.270068
10	0.163579
10	0.518602
10	0.046926
10	0.863763
10	0.333427
10	0.674420
10	0.248780
10	0.517842
10	0.355292
10	0.920454
10	0.331303
10	0.171060
10	0.467934
10	0.233686
10	0.905497
10	1.703454
10	1.592759
10	0.336001
10	0.271746
10	0.539675
10	0.767280
10	0.833953
10	0.371908
10	1.061686
10	0.296674
10	0.106955
10	2.077558
10	0.185935
10	0.082210
10	2.334418
10	0.779450
10	0.875559
10	0.482211
10	0.595051
10	2.666870
10	0.775395
10	0.038683
10	0.374997
10	0.558962
10	0.182822
10	0.664366
11	0.686889
11	0.409135
11	0.264315
11	0.708347
11	0.511733
11	0.921797
11	0.935592
11	0.743589
11	0.461536
11	0.865860
11	1.067465
11	0.608524
11	1.122950
11	0.561094
11	0.678882
11	0.088337
11	0.773729
11	0.733532
11	0.676939
11	0.259153
11	0.777959
11	0.216603
11	0.821804
11	0.491920
11	1.283301
11	0.858030
11	0.264069
11	0.170860
11	0.897382
11	0.319595
11	0.550762
11	0.313756
11	0.412087
11	1.548466
11	0.784219
11	0.345404
11	0.714890
11	0.555804
11	0.655473
11	0.622891
11	1.140211
11	0.083809
11	0.375522
11	0.930364
11	0.836169
11	0.289666
11	0.430559
11	0.353852
11	0.807546
11	0.465765
11	0.698043
11	0.597916
11	0.881110
11	0.853407
11	0.885940
11	0.447447
11	0.468015
11	0.254692
11	0.431499
11	0.346031
11	0.831346
11	0.312709
11	0.390379
11	0.422165
11	0.419831
11	0.556065
11	0.435055
11	0.699050
11	0.637912
11	0.338484
11	0.441467
11	0.315978
11	0.202395
11	0.540085
11	0.312249
11	0.649141
11	0.067577
11	0.481459
11	0.203645
11	2.959522
11	0.426029
11	0.275750
11	0.404822
11	0.307002
11	1.166445
11	0.567935
11	0.378808
11	0.341674
11	0.161129
11	1.270805
11	0.313746
11	1.017269
11	0.314430
11	0.295463
11	0.023268
11	0.684546
11	0.385866
11	0.430492
11	0.177000
11	0.358415
12	1.303431
12	0.487629
12	1.637103
12	1.190914
12	0.230945
12	1.219040
12	0.426941
12	0.294865
12	0.078291
12	1.100623
12	1.572187
12	0.153908
12	0.219667
12	0.242812
12	0.223374
12	0.527200
12	0.371717
12	0.089642
12	0.182014
12	0.410805
12	0.130635
12	0.206843
12	0.633152
12	0.058553
12	0.337246
12	0.545480
12	0.774031
12	0.318282
12	0.318385
12	1.182433
12	0.772638
12	0.269819
12	0.429753
12	1.102471
12	0.614217
12	0.630212
12	0.852825
12	0.589538
12	0.397205
12	0.115823
12	0.412172
12	0.350083
12	0.877706
12	2.129854
12	0.237895
12	0.869066
12	0.340893
12	0.360123
12	0.413526
12	0.409186
12	0.364613
12	0.388288
12	0.619640
12	0.304950
12	1.462316
12	0.563942
12	0.184680
12	0.829391
12	0.552170
12	0.043517
12	0.542547
12	0.488604
12	0.069933
12	0.520238
12	0.544448
12	0.919453
12	0.777187
12	0.450893
12	1.020777
12	0.626030
12	0.288742
12	0.428180
12	0.256074
12	1.168729
12	0.442626
12	0.489713
12	1.538413
12	0.811180
12	0.391217
12	0.736767
12	0.294151
12	0.200384
12	0.573424
12	0.976902
12	2.706525
12	0.482995
12	0.417457
12	0.748854
12	0.701055
12	0.560930
12	0.307043
12	0.835581
12	0.457183
12	0.380746
12	0.184032
12	0.249940
12	0.935290
12	0.178813
12	0.041287
12	0.578097
13	0.214311
13	0.433096
13	0.292086
13	0.663949
13	0.326610
13	0.584962
13	0.474639
13	0.464508
13	0.356282
13	0.741833
13	0.061001
13	0.192879
13	0.540394
13	1.011951
13	0.365106
13	1.372678
13	0.962690
13	0.821795
13	0.073900
13	1.282028
13	0.607938
13	0.444595
13	0.769532
13	0.456127
13	0.580876
13	0.357339
13	1.000481
13	0.638328
13	0.224679
13	0.833077
13	0.160015
13	0.270138
13	0.207761
13	0.393595
13	0.665440
13	0.342330
13	0.528808
13	1.000107
13	0.130294
13	0.078373
13	0.401226
13	0.676304
13	0.430703
13	0.377467
13	0.814760
13	0.235125
13	0.585772
13	0.221220
13	0.957950
13	0.456661
13	3.393739
13	1.311696
13	0.599593
13	0.754765
13	0.532711
13	1.331206
13	0.661028
13	1.108031
13	0.463594
13	1.669324
13	0.677154
13	0.046458
13	0.199536
13	0.703472
13	0.223360
13	1.454173
13	0.451146
13	0.184048
13	0.635700
13	0.183949
13	1.278530
13	0.449492
13	0.382299
13	0.985443
13	1.815536
13	1.029862
13	0.577450
13	0.863441
13	0.387231
13	0.198270
13	0.116177
13	0.533169
13	1.329714
13	0.370250
13	0.699983
13	0.330317
13	0.473760
13	0.070347
13	1.296859
13	0.413561
13	0.603116
13	0.567867
13	0.533653
13	0.121286
13	0.571311
13	0.295252
13	0.133962
13	0.631662
13	1.578360
13	0.638605
14	0.271376
14	0.557868
14	0.893325
14	0.403616
14	0.649239
14	0.336177
14	0.092643
14	0.471761
14	0.193862
14	0.976787
14	0.523287
14	0.448680
14	1.520391
14	0.467882
14	0.867909
14	0.287064
14	0.745248
14	0.213998
14	1.047626
14	0.349408
14	0.857358
14	0.501599
14	0.364842
14	0.579457
14	0.610290
14	0.847685
14	1.126180
14	0.311483
14	0.590722
14	1.345572
14	0.511079
14	0.368063
14	0.526577
14	0.269845
14	1.082221
14	1.478764
14	0.371063
14	0.521299
14	0.411728
14	0.262792
14	0.460802
14	0.192345
14	6.587367
14	0.464466
14	0.974381
14	0.542777
14	1.088212
14	0.307000
14	0.702373
14	0.319293
14	0.336688
14	1.272606
14	1.909522
14	0.524998
14	0.373912
14	0.997492
14	0.900825
14	0.295680
14	0.520873
14	0.906008
14	0.769555
14	0.193123
14	0.497717
14	0.562492
14	0.053291
14	0.725997
14	0.400886
14	0.385670
14	0.445605
14	0.316038
14	0.761676
14	1.480482
14	0.677019
14	0.275954
14	0.595353
14	0.348489
14	0.852285
14	0.835421
14	0.557446
14	1.241705
14	0.648040
14	0.865243
14	0.399062
14	1.492033
14	0.251338
14	1.045794
14	1.106279
14	1.159722
14	0.790924
14	0.510861
14	0.476225
14	1.426105
14	0.425721
14	0.546228
14	0.965623
14	0.759089
14	0.464693
14	0.197799
14	0.461507
14	0.765813
15	0.499662
15	0.376459
15	0.355830
15	0.503521
15	0.303925
15	0.132361
15	0.481974
15	0.566025
15	0.622258
15	0.963187
15	0.220505
15	0.285103
15	0.790882
15	0.350736
15	0.824836
15	0.820173
15	0.480125
15	0.558994
15	0.161633
15	0.889837
15	0.372236
15	0.342835
15	1.042820
15	0.623965
15	0.328568
15	0.679501
15	0.480389
15	0.556068
15	1.841537
15	0.842970
15	0.709489
15	0.689179
15	0.743699
15	0.555187
15	2.239308
15	1.016452
15	0.382052
15	0.481148
15	1.611590
15	0.427108
15	0.508701
15	0.259355
15	1.026859
15	0.484776
15	0.250348
15	0.578765
15	0.429338
15	0.340276
15	0.295867
15	0.839696
15	1.808715
15	0.294665
15	0.431005
15	0.395702
15	0.464439
15	0.234473
15	0.852745
15	0.414912
15	0.046882
15	0.384213
15	0.830356
15	0.308565
15	0.648706
15	0.877274
15	0.283609
15	0.335448
15	0.668333
15	1.006194
15	0.243619
15	0.121466
15	0.366977
15	0.530410
15	0.866383
15	0.544641
15	0.406437
15	0.584056
15	0.343255
15	2.020752
15	0.331635
15	0.568249
15	0.288463
15	0.690306
15	0.855220
15	0.502018
15	0.664202
15	0.556653
15	0.423767
15	0.143200
15	0.244978
15	1.136895
15	0.759307
15	0.468630
15	0.291720
15	0.508773
15	0.372081
15	0.656777
15	2.161453
15	0.531712
15	0.504524
15	0.834265
16	0.887255
16	0.384689
16	0.440745
16	0.203362
16	0.315636
16	1.378067
16	0.207629
16	0.254827
16	0.820341
16	0.827498
16	0.257569
16	0.329428
16	0.858658
16	1.007047
16	0.341010
16	0.615633
16	0.460040
16	0.134029
16	0.433253
16	0.897484
16	1.066703
16	0.822901
16	0.950222
16	0.814752
16	1.921040
16	0.974578
16	0.866212
16	0.836140
16	0.519793
16	0.275124
16	1.112828
16	0.219105
16	0.233982
16	0.406165
16	0.265578
16	0.373655
16	0.443299
16	0.498663
16	0.440646
16	0.810658
16	0.748887
16	0.229822
16	0.393382
16	0.206009
16	0.554951
16	1.074809
16	0.422426
16	1.560228
16	0.839427
16	0.576801
16	1.744595
16	0.304655
16	0.212445
16	0.597900
16	0.476147
16	0.209570
16	0.411105
16	0.158384
16	0.289065
16	0.309483
16	0.250799
16	0.721558
16	1.032053
16	0.870334
16	2.053346
16	0.594656
16	0.454453
16	0.101027
16	0.766631
16	0.412397
16	0.660883
16	0.558123
16	1.222905
16	0.740535
16	0.698535
16	0.789504
16	1.099912
16	0.294498
16	0.729297
16	1.910728
16	1.296270
16	0.979893
16	1.330252
16	0.253689
16	0.311608
16	0.410913
16	0.661489
16	0.770925
16	0.584259
16	0.109255
16	0.211553
16	3.497368
16	0.431040
16	0.479351
16	0.652293
16	0.308234
16	1.582822
16	0.396349
16	1.115818
16	0.285605
17	0.413480
17	0.328970
17	1.565033
17	0.793960
17	0.767159
17	0.502223
17	0.221625
17	0.163315
17	0.360583
17	0.357796
17	0.796128
17	0.912714
17	0.519438
17	0.279287
17	0.227208
17	0.512246
17	0.334335
17	0.403286
17	0.617809
17	1.080683
17	0.812542
17	0.584085
17	0.678239
17	0.525679
17	1.266745
17	0.403754
17	0.261855
17	0.530632
17	0.278532
17	0.758772
17	1.110736
17	0.490486
17	0.224613
17	0.884595
17	0.574866
17	0.342053
17	0.361260
17	0.320621
17	0.477312
17	0.269951
17	1.041931
17	0.368200
17	0.269228
17	0.583062
17	2.226662
17	1.019919
17	0.553783
17	0.624484
17	0.682013
17	1.089613
17	0.495256
17	0.468989
17	0.379144
17	0.560435
17	0.595692
17	0.546839
17	0.442193
17	0.359876
17	0.358603
17	0.582169
17	0.743294
17	0.650436
17	0.852233
17	0.401546
17	0.281768
17	1.137320
17	0.851534
17	0.461768
17	1.292176
17	1.653491
17	0.116431
17	1.772632
17	0.239045
17	0.533496
17	0.547288
17	1.410382
17	0.249580
17	0.596999
17	0.445976
17	0.212957
17	0.287840
17	0.599464
17	0.733965
17	0.173418
17	0.278119
17	1.164222
17	0.525127
17	1.251610
17	0.651429
17	3.815017
17	0.898382
17	1.169119
17	0.612422
17	0.542953
17	0.094189
17	0.787605
17	0.579680
17	0.543733
17	0.462088
17	1.530981
18	0.360047
18	0.406391
18	0.403338
18	0.543755
18	0.896797
18	0.622380
18	0.465230
18	0.863041
18	0.427728
18	0.188772
18	0.380023
18	0.439765
18	0.482209
18	0.606622
18	0.279160
18	0.324803
18	0.213482
18	0.175725
18	0.211351
18	0.277974
18	0.334466
18	0.242703
18	0.521295
18	0.626610
18	0.467119
18	0.417562
18	1.364941
18	0.515360
18	0.233337
18	0.459573
18	0.431216
18	0.818472
18	0.399206
18	0.253199
18	0.456709
18	1.154714
18	0.417985
18	0.762123
18	1.348773
18	0.134115
18	0.420868
18	0.494423
18	0.341068
18	0.212305
18	0.624997
18	1.275018
18	0.119360
18	1.131007
18	0.319583
18	0.897627
18	1.088055
18	0.515939
18	0.436011
18	0.326423
18	0.273466
18	0.368586
18	1.143523
18	0.362997
18	1.218642
18	0.392356
18	0.462144
18	0.796215
18	0.323426
18	0.533743
18	0.378234
18	0.283818
18	0.971851
18	0.381993
18	0.663021
18	0.442041
18	1.063340
18	0.555125
18	0.622438
18	0.678478
18	0.542424
18	1.873820
18	0.568842
18	0.535937
18	0.550887
18	1.985078
18	0.318597
18	1.627025
18	0.749890
18	0.479687
18	0.327447
18	0.924212
18	0.920139
18	0.218777
18	0.908571
18	0.598644
18	1.005449
18	0.492778
18	0.582006
18	0.264111
18	0.309105
18	1.491687
18	0.320294
18	0.421946
18	0.279984
18	0.551734
19	0.525872
19	0.567718
19	0.424284
19	0.850520
19	0.099339
19	0.615464
19	0.501089
19	0.505656
19	0.369123
19	2.303817
19	0.311495
19	0.381764
19	0.533148
19	0.455730
19	0.156459
19	1.176840
19	0.310970
19	0.239325
19	0.441741
19	0.551404
19	0.931378
19	0.904130
19	0.583971
19	0.163297
19	0.843424
19	1.505573
19	0.257672
19	0.956444
19	0.686949
19	1.145276
19	0.326628
19	0.199282
19	1.060384
19	0.932849
19	0.761702
19	0.793435
19	0.617974
19	0.772285
19	0.747457
19	0.602893
19	0.209527
19	0.425361
19	0.320819
19	0.235708
19	0.605054
19	0.372164
19	0.987655
19	1.267166
19	0.335213
19	1.940306
19	0.213705
19	0.946207
19	0.202414
19	0.442873
19	0.137574
19	0.230304
19	1.019493
19	1.063607
19	1.645254
19	0.854676
19	0.517117
19	0.493873
19	1.162078
19	1.019428
19	0.215656
19	0.167689
19	0.277059
19	0.356511
19	1.259236
19	0.708024
19	0.985753
19	0.506774
19	1.399058
19	0.699012
19	2.605070
19	0.587312
19	0.959297
19	0.103333
19	0.436750
19	0.942735
19	0.281299
19	0.815989
19	1.776522
19	1.282837
19	0.626789
19	0.602739
19	0.615272
19	0.089063
19	0.165359
19	0.211102
19	1.141394
19	0.554197
19	0.328383
19	0.134030
19	0.323015
19	0.883623
19	0.482182
19	2.087808
19	1.436827
19	1.122568
20	0.554933
20	0.704228
20	0.212269
20	0.888598
20	1.371653
20	0.637124
20	0.674149
20	0.504771
20	1.238631
20	0.272397
20	0.305233
20	0.579475
20	1.563815
20	0.788791
20	0.561721
20	0.715632
20	4.344747
20	0.280343
20	0.511381
20	0.897774
20	1.037680
20	1.176944
20	0.448340
20	0.443202
20	0.275694
20	0.896778
20	0.492923
20	0.609743
20	0.304928
20	0.139579
20	0.227508
20	1.114130
20	0.873400
20	0.684720
20	0.267350
20	1.672732
20	0.783557
20	0.092143
20	0.234331
20	0.628979
20	0.485340
20	0.535301
20	0.525697
20	0.574169
20	1.559482
20	0.699708
20	0.536351
20	1.060363
20	0.519134
20	1.220998
20	0.588196
20	0.873565
20	0.506467
20	0.264752
20	0.351727
20	0.503740
20	0.364646
20	3.762583
20	0.199433
20	1.252984
20	0.142482
20	0.919695
20	0.538483
20	1.036643
20	0.884327
20	0.286886
20	0.872714
20	0.152082
20	0.535239
20	0.511942
20	0.739690
20	0.332924
20	0.575043
20	0.630620
20	1.452475
20	0.889446
20	0.423579
20	0.456059
20	0.326766
20	0.380570
20	0.494761
20	0.518022
20	0.201696
20	0.584801
20	1.124688
20	0.652914
20	0.505368
20	0.095953
20	0.432746
20	1.266013
20	0.316054
20	0.541028
20	0.286346
20	1.651179
20	0.497083
20	0.974431
20	0.692086
20	0.449026
20	0.786932
20	0.474495
21	0.493563
21	0.394362
21	0.596318
21	0.523415
21	1.322770
21	0.201348
21	0.890114
21	0.566570
21	0.454721
21	0.708906
21	0.391930
21	0.650731
21	0.377644
21	0.422834
21	0.415904
21	0.195343
21	0.478366
21	0.411791
21	0.919660
21	0.450419
21	1.452936
21	0.293326
21	0.914148
21	0.494446
21	0.728482
21	0.560248
21	0.566890
21	0.154506
21	0.501200
21	1.828778
21	0.628077
21	0.966197
21	0.494891
21	1.083121
21	0.406680
21	0.586531
21	0.930370
21	0.264139
21	0.352985
21	0.399205
21	0.985506
21	0.224694
21	0.918931
21	0.048008
21	0.996797
21	1.302412
21	0.334803
21	0.135173
21	0.844928
21	0.351117
21	0.544939
21	0.206084
21	0.425848
21	0.333855
21	0.994403
21	1.072009
21	0.850940
21	0.738172
21	0.497629
21	0.397337
21	0.474012
21	0.321219
21	0.359569
21	0.613374
21	0.436530
21	1.295436
21	0.338003
21	0.247227
21	0.271062
21	0.600621
21	1.493233
21	0.590098
21	0.134201
21	0.142055
21	0.949987
21	0.643377
21	1.790069
21	1.694485
21	0.439562
21	1.092560
21	0.346859
21	0.281263
21	0.506941
21	0.199299
21	0.725176
21	1.026151
21	1.721412
21	0.682581
21	0.510739
21	0.387733
21	2.382270
21	0.365586
21	0.855523
21	0.551746
21	0.537799
21	1.383961
21	0.333973
21	0.361981
21	0.107497
21	0.367476
22	0.659953
22	0.828141
22	0.618731
22	0.280144
22	0.280739
22	0.805036
22	0.830151
22	0.601333
22	0.085431
22	0.080983
22	0.265962
22	0.478254
22	0.262881
22	0.319895
22	0.386530
22	0.097031
22	0.365667
22	1.410631
22	0.553713
22	0.807868
22	0.290451
22	0.356007
22	1.101263
22	0.150037
22	1.954888
22	0.418837
22	0.479949
22	0.379575
22	1.124498
22	0.979831
22	0.305103
22	0.639098
22	1.087642
22	1.021648
22	0.298604
22	0.339150
22	0.696144
22	1.159587
22	0.447927
22	0.431365
22	0.144903
22	0.726896
22	0.432551
22	0.975121
22	0.273190
22	1.010180
22	0.360365
22	0.299198
22	0.584339
22	0.206815
22	0.554263
22	0.323981
22	0.661377
22	0.339316
22	0.321214
22	0.130454
22	0.611368
22	0.450110
22	0.335465
22	1.036046
22	0.775233
22	0.592836
22	0.767121
22	0.521997
22	0.331667
22	1.155206
22	0.409350
22	0.899525
22	0.390902
22	0.419264
22	0.449010
22	0.370413
22	0.607981
22	0.755228
22	0.615188
22	0.075614
22	0.528813
22	1.158854
22	0.433071
22	0.897648
22	0.807003
22	0.863913
22	1.704964
22	0.424814
22	0.541504
22	0.984453
22	0.148003
22	0.613807
22	0.454429
22	0.117504
22	0.289263
22	0.680778
22	0.423639
22	0.370234
22	0.646835
22	0.265010
22	0.348454
22	0.693375
22	1.277429
22	0.322595
23	0.253576
23	0.862733
23	0.789776
23	0.063423
23	1.607792
23	0.883890
23	0.448543
23	0.761472
23	0.902627
23	0.338356
23	0.668864
23	0.126995
23	0.241571
23	0.528060
23	0.195902
23	0.750052
23	0.749523
23	0.476886
23	0.691094
23	0.882195
23	1.970602
23	0.506895
23	1.012658
23	0.620933
23	1.561274
23	1.224141
23	0.298275
23	0.246189
23	0.652523
23	1.157408
23	0.533692
23	0.552040
23	1.876511
23	1.504369
23	0.861528
23	0.430200
23	0.577026
23	0.225057
23	0.262603
23	0.347411
23	0.792713
23	0.262318
23	0.255122
23	0.277015
23	0.292665
23	0.330236
23	0.716588
23	0.359103
23	0.305035
23	0.340980
23	0.424450
23	0.468220
23	1.033885
23	1.302419
23	0.204264
23	0.455802
23	0.372054
23	0.197059
23	0.430054
23	0.396458
23	1.149416
23	0.471502
23	1.546871
23	0.354358
23	0.560283
23	0.377942
23	0.412917
23	0.282800
23	0.312358
23	0.376389
23	0.580260
23	0.511941
23	0.884577
23	0.488889
23	0.299119
23	1.662669
23	0.336617
23	0.386194
23	1.250177
23	0.360234
23	1.027228
23	0.601277
23	0.675364
23	0.498998
23	0.433740
23	0.434319
23	0.537662
23	0.479273
23	0.675081
23	0.895514
23	0.545194
23	0.595184
23	0.534031
23	0.389760
23	0.767296
23	0.310475
23	0.210003
23	0.446179
23	0.867001
23	0.373553
24	0.435659
24	1.006057
24	0.648148
24	0.570628
24	0.438633
24	0.203718
24	0.763299
24	0.387902
24	0.361527
24	0.507743
24	1.515550
24	0.544115
24	0.342673
24	0.930796
24	0.323803
24	0.543267
24	0.573748
24	0.331934
24	0.521105
24	0.490700
24	0.157367
24	0.917887
24	0.490558
24	0.601594
24	0.558544
24	0.447454
24	0.481266
24	2.198714
24	0.932695
24	0.150689
24	0.479526
24	0.603539
24	1.145685
24	0.673262
24	0.174436
24	0.062169
24	0.381162
24	0.448876
24	0.736565
24	0.842005
24	0.681331
24	0.507873
24	0.889827
24	0.218512
24	1.470087
24	0.320620
24	1.037809
24	0.374217
24	0.955930
24	0.300894
24	0.992589
24	0.353410
24	1.028860
24	0.599847
24	0.978628
24	1.166227
24	0.846253
24	0.885353
24	0.352952
24	0.575495
24	0.681800
24	0.284228
24	0.387524
24	0.263244
24	0.188685
24	0.307531
24	0.231401
24	0.122958
24	0.948302
24	0.581641
24	0.654383
24	1.519343
24	0.362326
24	0.385986
24	0.332525
24	0.737789
24	0.265009
24	0.392967
24	0.587838
24	0.714093
24	0.286996
24	0.695548
24	0.312589
24	0.608346
24	0.843356
24	0.658676
24	0.673397
24	0.102466
24	0.866985
24	0.254939
24	0.411910
24	0.936673
24	1.512454
24	0.600224
24	0.247411
24	1.918430
24	0.323275
24	0.616765
24	0.502494
24	0.530440
25	0.654871
25	0.575846
25	0.540465
25	1.071740
25	1.467107
25	0.559740
25	0.924339
25	0.265523
25	0.386852
25	0.476097
25	0.195573
25	0.380004
25	0.433376
25	0.455731
25	0.323984
25	1.487111
25	0.322597
25	0.562801
25	1.060893
25	0.557696
25	0.869274
25	1.141290
25	0.829959
25	0.434321
25	0.308139
25	0.803105
25	0.220046
25	1.228628
25	1.547766
25	2.418911
25	0.551885
25	0.763266
25	0.463252
25	0.989368
25	0.519029
25	1.221134
25	0.220775
25	0.271908
25	0.623018
25	0.375296
25	0.709208
25	0.659062
25	0.841598
25	0.614045
25	1.573795
25	0.985534
25	0.421944
25	0.636404
25	0.081135
25	0.525830
25	0.764831
25	0.575218
25	0.958453
25	0.668880
25	0.542310
25	0.459970
25	0.899610
25	0.369096
25	0.601082
25	0.288900
25	0.631364
25	0.605484
25	0.935954
25	0.589256
25	0.537831
25	0.296403
25	0.435945
25	0.857304
25	0.379740
25	0.280747
25	0.653074
25	1.214620
25	2.389066
25	0.544989
25	0.177756
25	0.427486
25	0.553828
25	0.602679
25	0.470524
25	0.786665
25	0.583261
25	0.267309
25	0.568971
25	0.071722
25	0.263247
25	0.915257
25	0.497637
25	0.901177
25	0.581777
25	1.150962
25	0.434910
25	1.037187
25	0.390706
25	0.834858
25	0.785843
25	0.296770
25	0.737051
25	0.470887
25	0.488815
25	0.343238
26	1.103206
26	0.341618
26	0.535094
26	0.617097
26	0.520384
26	0.369696
26	1.327819
26	0.659971
26	0.781846
26	0.172001
26	0.681771
26	0.398915
26	0.399097
26	0.500394
26	0.699179
26	0.317394
26	0.491768
26	0.618013
26	0.696093
26	0.717554
26	1.080880
26	0.407792
26	0.451173
26	1.188681
26	0.922571
26	0.397426
26	2.195359
26	0.529432
26	0.893386
26	1.168110
26	1.398121
26	0.318215
26	0.416652
26	0.139296
26	0.425798
26	0.678337
26	0.640669
26	0.569630
26	0.566487
26	0.100853
26	0.577275
26	0.304073
26	0.511715
26	1.045948
26	0.108535
26	0.453800
26	0.339256
26	0.313807
26	0.569424
26	0.662057
26	0.647134
26	0.539983
26	0.478158
26	1.252709
26	0.486652
26	1.006481
26	0.564334
26	1.362921
26	0.437685
26	0.720191
26	0.339363
26	0.650650
26	0.600821
26	0.057999
26	1.052596
26	1.245411
26	1.444320
26	0.667290
26	3.063803
26	1.465307
26	0.698466
26	0.066618
26	0.998469
26	0.206702
26	0.375960
26	0.761762
26	0.590270
26	1.029999
26	0.701798
26	0.479414
26	0.461969
26	0.634906
26	0.489792
26	0.344288
26	0.874890
26	0.688782
26	0.559637
26	0.918623
26	0.434200
26	1.004792
26	0.329148
26	0.861684
26	0.251801
26	0.262828
26	0.513879
26	0.330420
26	0.590216
26	1.351587
26	0.728713
26	0.407575
27	0.713572
27	0.737558
27	0.890440
27	0.884443
27	0.390659
27	0.291700
27	1.134831
27	0.281142
27	0.402773
27	0.163313
27	0.929886
27	0.427807
27	1.270161
27	0.677551
27	0.713828
27	0.751116
27	0.103548
27	1.298888
27	0.969670
27	0.425635
27	0.467955
27	0.805012
27	0.290049
27	0.522052
27	0.897519
27	0.261217
27	1.229851
27	1.606375
27	3.371596
27	0.705045
27	0.692666
27	0.555410
27	1.047584
27	1.127993
27	0.372773
27	1.096434
27	0.896408
27	0.334787
27	0.683203
27	0.748054
27	0.435973
27	0.379362
27	0.323283
27	2.212879
27	0.724890
27	1.540342
27	0.945602
27	0.350094
27	0.684622
27	1.362040
27	0.169503
27	1.005601
27	0.690676
27	0.308231
27	0.363734
27	1.471302
27	0.660759
27	0.738097
27	0.484186
27	0.434279
27	0.335977
27	0.345463
27	0.807124
27	0.309787
27	0.502394
27	0.620514
27	0.663948
27	1.396600
27	0.780518
27	0.267792
27	0.375591
27	2.101835
27	0.453176
27	0.134382
27	0.777828
27	0.874243
27	1.028904
27	1.341723
27	0.944230
27	0.769411
27	0.205434
27	1.321596
27	0.288062
27	0.414234
27	1.291187
27	0.414603
27	0.211860
27	1.217557
27	0.637379
27	0.611543
27	0.487814
27	1.680701
27	0.172526
27	0.290811
27	0.369763
27	0.474263
27	1.149267
27	0.655670
27	0.354694
27	0.796453
28	0.522892
28	0.125923
28	0.622411
28	0.336237
28	1.114713
28	0.686213
28	0.339467
28	0.130929
28	0.205368
28	0.245061
28	0.371803
28	0.403535
28	1.152902
28	0.319243
28	0.939776
28	2.352766
28	1.723525
28	0.892177
28	0.793011
28	0.863821
28	0.571658
28	1.723748
28	1.875827
28	0.320274
28	0.805010
28	0.313764
28	0.807191
28	0.304998
28	0.119154
28	0.685993
28	0.882330
28	0.205331
28	0.477291
28	0.227816
28	1.918961
28	0.838168
28	0.175217
28	0.528028
28	0.873760
28	1.021356
28	0.641933
28	0.690318
28	0.701666
28	0.501882
28	0.318635
28	0.554504
28	0.167269
28	0.573452
28	0.341244
28	0.379415
28	0.423298
28	0.664937
28	0.887541
28	0.474551
28	0.400966
28	0.064775
28	0.726061
28	0.732842
28	0.627474
28	0.603873
28	0.315534
28	1.294220
28	1.274095
28	0.923978
28	1.065205
28	0.265756
28	0.222757
28	0.159811
28	0.606295
28	1.050070
28	0.250650
28	0.488334
28	0.635291
28	0.604975
28	0.308988
28	0.546225
28	0.325683
28	0.337627
28	0.386798
28	1.187969
28	0.937262
28	0.855459
28	0.339995
28	0.337635
28	0.500012
28	0.485165
28	0.486521
28	0.723261
28	0.739375
28	0.304494
28	0.739180
28	0.687559
28	0.507104
28	0.394318
28	1.057349
28	1.892050
28	0.169789
28	0.214023
28	0.199044
28	0.225382
29	0.693026
29	0.246686
29	0.955993
29	0.458825
29	0.849016
29	0.275315
29	0.365010
29	0.559806
29	0.668067
29	0.875654
29	0.864355
29	0.621288
29	0.485686
29	0.801019
29	0.392890
29	0.950208
29	0.699650
29	0.571020
29	0.349858
29	0.519757
29	1.374823
29	0.561688
29	1.140375
29	0.561170
29	0.301274
29	0.359602
29	1.414913
29	0.410964
29	0.464701
29	0.270493
29	0.544315
29	1.198064
29	1.114639
29	1.247147
29	0.433825
29	0.325187
29	0.874563
29	0.164497
29	1.485872
29	0.416760
29	0.809150
29	0.978942
29	0.321707
29	0.123943
29	0.473203
29	0.906343
29	1.127559
29	1.257703
29	0.329873
29	1.579659
29	0.767178
29	0.483567
29	0.850266
29	2.403806
29	0.796919
29	0.799901
29	0.409714
29	0.347722
29	0.370222
29	0.449335
29	0.272888
29	0.274851
29	0.138304
29	0.846431
29	0.334904
29	0.597293
29	0.199176
29	1.766379
29	0.216271
29	0.452190
29	0.380326
29	0.467730
29	0.787358
29	0.627991
29	0.149893
29	0.296123
29	0.655170
29	0.465696
29	0.296447
29	0.388359
29	0.734184
29	0.592969
29	0.665754
29	0.177159
29	0.708695
29	0.070202
29	1.086357
29	0.984747
29	0.562133
29	0.386911
29	0.269655
29	0.179575
29	0.210605
29	0.320325
29	0.631842
29	1.273206
29	0.987540
29	1.900038
29	0.525718
29	0.095658
30	0.733641
30	0.535865
30	0.600767
30	0.762116
30	1.366070
30	1.254628
30	0.212286
30	0.880679
30	0.199947
30	1.084969
30	0.178914
30	0.672546
30	0.432938
30	0.651890
30	1.361014
30	1.094313
30	0.306580
30	0.130870
30	0.572810
30	0.402508
30	0.496078
30	0.299189
30	0.866869
30	0.212125
30	0.321071
30	0.407021
30	0.401104
30	0.826180
30	0.521449
30	0.493106
30	0.403092
30	0.519845
30	0.384949
30	0.447767
30	0.459833
30	1.164883
30	0.811653
30	0.791022
30	0.305314
30	0.180798
30	0.448509
30	0.232812
30	0.541921
30	0.883974
30	0.436110
30	0.348353
30	0.626988
30	0.115971
30	2.078452
30	0.622322
30	1.669566
30	0.568214
30	0.284447
30	0.323862
30	0.405527
30	0.519095
30	0.962910
30	0.094868
30	0.593378
30	0.384147
30	0.831588
30	0.602750
30	0.464321
30	0.761516
30	0.859864
30	0.416554
30	1.398248
30	0.578001
30	0.327774
30	0.843845
30	0.616624
30	0.949036
30	0.497265
30	0.511593
30	0.056589
30	0.268933
30	0.347353
30	0.468703
30	0.677080
30	1.200842
30	0.502222
30	0.578905
30	0.216955
30	0.545201
30	0.331645
30	0.869033
30	0.496846
30	0.258284
30	0.465856
30	0.344955
30	0.338258
30	1.009477
30	0.383959
30	0.187778
30	0.378387
30	0.581917
30	0.335497
30	0.461728
30	0.320616
30	0.244033
