1	0.186080
1	0.301810
1	0.258756
1	0.377168
1	0.703651
1	0.044153
1	1.952848
1	0.030205
1	0.316033
1	0.543811
1	0.279766
1	0.494554
1	0.524126
1	0.125876
1	0.124167
1	0.296568
1	0.347158
1	0.043314
1	0.824217
1	0.000000
1	0.107372
1	0.059392
1	2.005534
1	0.048616
1	2.016104
1	2.443158
1	0.946338
1	1.798438
1	0.410881
1	0.109533
1	0.198162
1	0.202819
1	0.035924
1	0.285028
1	0.294873
1	1.002478
1	0.121547
1	0.162813
1	0.036835
1	0.262808
1	0.401750
1	0.043595
1	0.030804
1	0.395085
1	0.000000
1	0.114765
1	0.884109
1	0.085395
1	1.784900
1	0.378878
1	0.455920
1	0.579020
1	0.251503
1	1.324587
1	0.060446
1	0.000000
1	0.128045
1	1.763258
1	0.049586
1	0.198915
1	2.220441
1	0.105932
1	0.029421
1	1.001191
1	2.987220
1	0.108036
1	0.053691
1	0.063466
1	0.116986
1	0.117421
1	0.473572
1	1.393162
1	0.226106
1	0.149126
1	0.224688
1	0.769371
1	0.099090
1	0.154126
1	0.268883
1	0.047744
1	0.602866
1	0.033049
1	0.048496
1	2.481784
1	2.586785
1	0.254465
1	1.652561
1	2.899508
1	0.108570
1	0.902487
1	0.527608
1	0.030504
1	0.000000
1	0.163847
1	0.362737
1	6.629900
1	1.996882
1	0.298693
1	0.332917
1	0.118885
2	0.180292
2	0.206894
2	0.274407
2	1.455795
2	0.141405
2	0.059818
2	0.105738
2	0.116187
2	9.758121
2	0.180491
2	0.578595
2	0.691331
2	0.174188
2	0.596303
2	0.109505
2	0.336965
2	1.033653
2	1.089977
2	0.505516
2	0.075709
2	0.117534
2	5.614132
2	0.734503
2	1.137714
2	0.050960
2	1.765826
2	0.036471
2	0.062219
2	0.141919
2	0.211517
2	0.072954
2	1.627650
2	0.741944
2	0.047381
2	0.123841
2	0.124376
2	0.085000
2	1.568080
2	0.150496
2	1.527659
2	0.221543
2	0.191531
2	0.169661
2	0.126598
2	0.092221
2	0.292814
2	0.063275
2	0.230993
2	2.056685
2	0.247625
2	0.245748
2	1.236957
2	0.029268
2	0.229546
2	0.028838
2	0.041270
2	0.179767
2	0.103409
2	0.254580
2	0.876198
2	0.175299
2	0.061819
2	0.531520
2	0.259151
2	0.474405
2	0.633102
2	0.398870
2	0.194347
2	0.419153
2	0.715177
2	0.115508
2	2.284835
2	0.201196
2	0.140279
2	0.628216
2	0.065960
2	4.429689
2	1.521742
2	0.151358
2	0.341121
2	0.232148
2	0.231499
2	1.349929
2	0.070582
2	2.221334
2	1.397317
2	0.044469
2	0.058627
2	0.648698
2	0.135968
2	0.943059
2	4.008193
2	0.267454
2	0.260588
2	0.082048
2	1.511360
2	0.806481
2	0.108231
2	0.109961
2	1.315866
3	1.037012
3	0.519411
3	1.044894
3	0.154732
3	0.195333
3	0.156197
3	0.133161
3	0.759647
3	0.083634
3	0.482305
3	0.125501
3	0.356208
3	0.122745
3	0.322658
3	0.565244
3	0.483532
3	0.100650
3	0.514654
3	0.138258
3	2.459471
3	0.127940
3	1.467763
3	0.323185
3	0.662554
3	1.187581
3	0.139898
3	0.076153
3	0.228204
3	0.103012
3	0.480234
3	1.479968
3	0.246223
3	0.450537
3	0.544666
3	0.059878
3	0.089690
3	0.300613
3	0.812446
3	1.283176
3	0.031104
3	0.188876
3	0.125268
3	0.689941
3	0.888767
3	2.774822
3	1.000395
3	1.560608
3	0.242732
3	0.702900
3	0.330303
3	0.244647
3	0.447946
3	0.114263
3	0.072624
3	1.190717
3	0.519318
3	0.209477
3	0.779125
3	0.261658
3	0.779162
3	0.490635
3	0.168647
3	0.150490
3	0.112276
3	0.138312
3	1.426979
3	0.232116
3	0.623988
3	0.073430
3	0.210147
3	0.443094
3	0.101477
3	0.110703
3	1.300893
3	1.070671
3	0.231757
3	0.404148
3	0.255197
3	1.288854
3	4.230055
3	0.747210
3	1.688290
3	0.327753
3	0.054319
3	0.038183
3	0.961523
3	0.356653
3	0.792139
3	0.935369
3	0.651168
3	0.237227
3	0.473600
3	0.096381
3	0.056052
3	1.777846
3	0.711297
3	0.080054
3	0.351801
3	0.259128
3	0.954442
4	0.167975
4	0.582555
4	0.161898
4	1.107531
4	0.240876
4	0.273019
4	0.159416
4	0.391757
4	0.842188
4	0.525299
4	0.420731
4	0.455312
4	0.123010
4	0.297517
4	0.127312
4	0.113616
4	0.935594
4	0.420704
4	0.563854
4	0.282266
4	1.184284
4	0.148580
4	0.226058
4	0.699213
4	0.202780
4	0.545753
4	0.572807
4	0.854563
4	0.437649
4	1.070071
4	0.204404
4	0.904335
4	0.123091
4	0.137247
4	1.138828
4	1.108322
4	0.163215
4	0.662842
4	0.711569
4	0.142597
4	0.288738
4	0.942753
4	0.041051
4	0.636500
4	1.044919
4	0.516273
4	0.208977
4	0.729860
4	0.773360
4	0.951174
4	0.142798
4	0.323775
4	0.291518
4	0.166658
4	0.158656
4	1.146555
4	0.330709
4	0.219010
4	0.240993
4	0.221359
4	0.198032
4	0.851831
4	0.947275
4	0.058921
4	0.460907
4	0.527604
4	0.252214
4	0.320624
4	0.262271
4	0.700606
4	0.109506
4	0.178732
4	3.987108
4	0.106933
4	0.115334
4	1.988641
4	0.490830
4	0.558307
4	0.559619
4	0.303813
4	0.350177
4	0.347089
4	0.628428
4	0.141829
4	0.201994
4	0.480175
4	0.089149
4	0.301980
4	0.363598
4	0.319510
4	0.265301
4	0.643147
4	0.696790
4	1.654643
4	0.103242
4	0.137272
4	0.792975
4	0.472970
4	1.123256
4	0.201396
5	1.019010
5	0.400603
5	0.494487
5	0.655108
5	0.119619
5	1.179644
5	0.862921
5	0.555692
5	0.343594
5	0.475124
5	0.323890
5	0.684465
5	0.188309
5	0.401485
5	1.013949
5	0.208236
5	1.139145
5	0.602442
5	1.374536
5	0.729257
5	0.133742
5	0.412964
5	0.318588
5	0.224087
5	0.346755
5	0.245324
5	0.706818
5	0.223991
5	0.613788
5	0.290225
5	0.336763
5	0.222349
5	0.274420
5	0.085959
5	0.089827
5	0.060686
5	0.455890
5	0.649663
5	0.610338
5	1.492313
5	0.251414
5	0.158604
5	0.460785
5	1.302396
5	1.128003
5	1.076375
5	0.411535
5	0.175315
5	0.164947
5	0.330542
5	0.148894
5	0.816778
5	0.213851
5	0.259384
5	0.725726
5	0.581363
5	0.445645
5	0.392982
5	0.385876
5	0.198887
5	0.302364
5	0.255289
5	0.189950
5	1.139245
5	0.154698
5	0.247110
5	0.172653
5	0.321651
5	0.103861
5	0.089399
5	0.165420
5	0.852547
5	0.109497
5	0.167581
5	0.610891
5	0.160789
5	0.067121
5	0.567538
5	0.138514
5	0.514089
5	0.530433
5	0.343153
5	0.372891
5	0.134820
5	0.715575
5	1.547438
5	1.485261
5	0.504310
5	0.379508
5	0.512801
5	0.191507
5	0.384277
5	0.164970
5	0.385238
5	0.429465
5	0.469531
5	0.753728
5	0.574678
5	0.094065
5	0.075909
6	0.185640
6	0.370575
6	0.343965
6	0.529675
6	0.783476
6	0.292459
6	0.096633
6	0.477998
6	0.849185
6	0.192340
6	0.482116
6	0.822273
6	0.813481
6	0.592038
6	0.837749
6	0.410068
6	0.388609
6	0.642584
6	0.129548
6	0.857091
6	0.177491
6	0.270496
6	0.057426
6	0.493885
6	0.212838
6	0.239857
6	0.352556
6	0.516251
6	1.177506
6	1.069521
6	0.372947
6	0.055058
6	0.336110
6	0.114735
6	0.135823
6	0.486434
6	0.249720
6	0.212018
6	0.321436
6	0.348081
6	0.359815
6	0.590675
6	0.681712
6	0.307088
6	0.283926
6	0.621606
6	0.327727
6	0.246971
6	0.269789
6	0.114640
6	0.095644
6	0.270056
6	0.365753
6	1.350720
6	0.627384
6	0.145016
6	0.737044
6	0.568049
6	0.416990
6	1.101064
6	0.881794
6	0.685273
6	0.112018
6	0.297372
6	0.173204
6	0.331319
6	0.082588
6	0.154322
6	0.395776
6	0.636280
6	0.131881
6	0.332678
6	0.173115
6	0.724978
6	0.427608
6	1.266001
6	0.454779
6	0.123059
6	0.117729
6	0.362432
6	0.500269
6	0.406623
6	1.083284
6	0.676338
6	0.122786
6	0.387766
6	0.273191
6	0.367171
6	0.465994
6	0.328993
6	0.326889
6	1.115187
6	0.127809
6	1.095973
6	0.107876
6	0.414454
6	0.314303
6	0.355543
6	1.513243
6	0.266423
7	0.181142
7	0.418498
7	0.256889
7	0.852026
7	0.313373
7	0.634185
7	1.251595
7	0.952577
7	0.688138
7	0.763876
7	0.142904
7	0.121523
7	0.203386
7	0.223919
7	0.583107
7	0.689350
7	0.134296
7	0.345388
7	0.154887
7	0.612074
7	0.228375
7	0.371219
7	0.516405
7	0.231339
7	0.563121
7	0.633981
7	0.479635
7	0.982042
7	0.911801
7	0.541312
7	0.161366
7	0.183972
7	0.558725
7	0.783828
7	0.372197
7	0.510367
7	0.207739
7	0.975711
7	0.351351
7	0.566968
7	0.170002
7	1.377298
7	1.168118
7	0.343927
7	0.543408
7	0.268653
7	0.471200
7	0.247927
7	0.325323
7	0.785378
7	0.217877
7	0.467492
7	0.604282
7	0.899864
7	0.894052
7	0.229699
7	0.653138
7	0.440806
7	0.605642
7	0.617830
7	0.805841
7	0.367279
7	0.213823
7	0.251093
7	0.624101
7	0.199377
7	0.275953
7	0.636718
7	0.534647
7	0.773688
7	0.130986
7	1.552568
7	0.186357
7	0.414085
7	0.781382
7	0.274528
7	0.496898
7	0.189495
7	0.882278
7	0.624178
7	0.189646
7	0.584235
7	0.971014
7	0.665590
7	0.415727
7	0.394130
7	0.590136
7	0.813581
7	0.212418
7	1.184843
7	0.707172
7	0.093466
7	0.572377
7	1.536088
7	0.453066
7	0.790574
7	0.760410
7	0.276680
7	0.284598
7	0.109038
8	0.334003
8	0.442876
8	0.398647
8	0.129674
8	0.289550
8	0.830279
8	0.171432
8	0.580122
8	1.019755
8	0.502782
8	0.069130
8	0.892792
8	0.151829
8	0.830851
8	0.316292
8	0.245480
8	0.782667
8	0.854645
8	0.202156
8	0.788263
8	0.383453
8	0.394173
8	0.144210
8	0.401267
8	1.482786
8	0.192038
8	0.227873
8	0.283519
8	0.541679
8	0.628540
8	0.112021
8	0.370452
8	0.908372
8	1.360535
8	0.309502
8	0.124699
8	1.129648
8	0.489911
8	0.118686
8	0.415864
8	0.242181
8	0.870005
8	0.771418
8	1.033547
8	0.692472
8	0.664602
8	1.509593
8	0.327118
8	0.582455
8	0.147818
8	0.137912
8	0.539850
8	0.852004
8	0.633711
8	0.355595
8	0.491199
8	0.723477
8	0.259675
8	0.998922
8	0.571469
8	0.384572
8	0.679406
8	0.447188
8	0.487385
8	0.351935
8	0.129975
8	1.554492
8	0.273518
8	0.846959
8	0.449428
8	0.144704
8	0.872758
8	0.201116
8	1.789584
8	0.565609
8	0.367250
8	0.443286
8	1.558131
8	0.633411
8	0.188459
8	0.386000
8	0.310188
8	0.196155
8	0.174936
8	0.268143
8	0.275441
8	0.108603
8	0.248779
8	0.605463
8	1.044686
8	0.619674
8	0.256061
8	0.591281
8	0.611345
8	0.428727
8	0.185825
8	0.209679
8	0.149727
8	0.136293
8	0.466999
9	0.633844
9	0.374364
9	0.990385
9	0.597696
9	0.224069
9	0.301728
9	0.633049
9	0.742392
9	0.855742
9	0.296248
9	1.325418
9	0.579630
9	0.950518
9	0.188911
9	0.364434
9	0.415562
9	0.646754
9	0.158356
9	0.203222
9	0.579575
9	0.644017
9	0.664267
9	0.162330
9	0.788145
9	0.733320
9	0.425797
9	0.162018
9	0.721773
9	0.347083
9	0.442627
9	0.755182
9	0.616546
9	0.426819
9	0.515868
9	0.454362
9	0.767343
9	1.107965
9	0.519460
9	0.649939
9	0.305564
9	0.571230
9	0.329155
9	0.219311
9	0.853415
9	0.674176
9	0.207364
9	0.439242
9	0.413050
9	0.769017
9	0.337392
9	0.257258
9	0.395692
9	0.394282
9	0.439089
9	1.261011
9	0.602806
9	0.643120
9	0.874346
9	0.627066
9	1.106841
9	0.412523
9	1.319681
9	0.439006
9	0.735525
9	0.387222
9	1.088192
9	0.790229
9	0.485638
9	0.154211
9	0.755691
9	0.543961
9	0.293585
9	0.823493
9	0.657255
9	0.338363
9	0.481812
9	0.238426
9	0.663729
9	0.405042
9	0.177955
9	0.381497
9	0.290246
9	0.506374
9	0.418412
9	0.285767
9	0.525308
9	1.061458
9	0.281197
9	0.803569
9	0.402355
9	1.697238
9	0.940262
9	0.790385
9	0.825709
9	0.208901
9	0.385742
9	0.394883
9	0.482925
9	0.950562
9	0.849452
10	0.573525
10	0.929383
10	0.422825
10	0.601492
10	1.808168
10	0.518384
10	2.115383
10	0.596560
10	0.190297
10	1.227600
10	0.734489
10	0.328387
10	0.211607
10	0.539744
10	0.563481
10	0.783217
10	0.625377
10	0.427210
10	0.777982
10	0.453048
10	0.558472
10	0.565320
10	0.564515
10	1.144113
10	0.390434
10	1.002964
10	1.545138
10	0.944874
10	0.709124
10	1.309508
10	0.593079
10	0.548382
10	0.457156
10	0.359381
10	0.745709
10	0.822412
10	0.688112
10	0.978383
10	0.769182
10	0.959557
10	0.845570
10	0.520594
10	0.616036
10	0.970715
10	0.451231
10	0.434967
10	0.153603
10	0.906913
10	0.587321
10	0.726400
10	0.694458
10	0.953903
10	0.657162
10	0.745619
10	0.384173
10	0.574266
10	1.085576
10	0.637828
10	0.887734
10	0.261185
10	0.404941
10	0.104522
10	2.013701
10	0.226334
10	0.663589
10	0.673358
10	0.218141
10	1.065169
10	0.466410
10	0.401838
10	0.644534
10	0.558309
10	0.572422
10	0.249271
10	0.610589
10	0.740603
10	0.478177
10	1.111057
10	0.174564
10	0.782900
10	0.347355
10	1.141757
10	0.653493
10	0.303682
10	0.625767
10	0.597747
10	0.769387
10	0.944190
10	1.110512
10	0.521090
10	0.683315
10	3.906957
10	0.124547
10	1.515221
10	0.461722
10	0.254309
10	0.847060
10	0.836846
10	0.622706
10	0.155872
11	0.389708
11	1.015306
11	0.610044
11	1.143716
11	0.318341
11	0.432051
11	0.650480
11	1.053205
11	1.986576
11	0.606127
11	0.356411
11	0.135471
11	0.154990
11	0.547451
11	0.296401
11	0.718823
11	0.626175
11	0.728895
11	0.468735
11	0.582639
11	0.281206
11	1.031874
11	0.799098
11	0.104892
11	0.375143
11	1.091110
11	0.267271
11	0.339317
11	1.252878
11	0.430563
11	1.158420
11	0.548630
11	1.096039
11	1.156434
11	0.427096
11	0.807274
11	0.996985
11	1.106660
11	0.541435
11	0.704923
11	0.285658
11	0.341789
11	0.398222
11	0.448509
11	0.729258
11	0.686566
11	0.407438
11	1.158176
11	0.926290
11	1.738672
11	0.929618
11	0.657639
11	1.139849
11	0.309320
11	0.387400
11	0.626287
11	0.459885
11	0.958554
11	0.720711
11	0.827455
11	0.515460
11	0.584160
11	0.813840
11	0.665105
11	0.171747
11	0.819189
11	0.477401
11	0.327135
11	0.535162
11	1.073163
11	0.417413
11	0.167329
11	0.600214
11	0.523465
11	0.935590
11	0.494881
11	0.846979
11	0.507277
11	0.574118
11	0.270321
11	1.115538
11	0.134920
11	0.292427
11	2.610411
11	0.732542
11	0.555675
11	0.232802
11	0.601880
11	0.277795
11	1.075793
11	0.235714
11	0.359551
11	0.272887
11	0.368797
11	0.589086
11	0.253807
11	0.415171
11	0.740451
11	0.150113
11	0.756918
12	1.079358
12	0.369696
12	0.280067
12	0.474920
12	0.703258
12	0.670703
12	0.454402
12	0.379763
12	0.663120
12	1.969758
12	0.778807
12	1.536929
12	0.965632
12	0.684157
12	1.124351
12	0.427814
12	0.890536
12	0.611504
12	0.480215
12	0.902505
12	1.101232
12	0.702115
12	0.607977
12	0.794036
12	0.438939
12	0.390879
12	0.395287
12	1.041471
12	0.939047
12	0.650196
12	0.110030
12	0.446668
12	0.833015
12	0.448858
12	0.967240
12	0.313939
12	0.651057
12	0.220949
12	0.247448
12	0.963610
12	1.255154
12	0.719968
12	0.476744
12	0.199449
12	0.572751
12	0.237457
12	0.441719
12	0.630931
12	0.097459
12	1.400520
12	0.628960
12	0.510559
12	0.756406
12	0.441886
12	1.443510
12	0.755008
12	0.534653
12	0.331104
12	0.199322
12	0.557484
12	0.761303
12	0.970135
12	0.870259
12	1.001965
12	1.132214
12	0.513142
12	0.365361
12	1.447560
12	1.164340
12	0.521955
12	0.690736
12	0.748265
12	0.563031
12	0.565893
12	0.271483
12	0.401602
12	0.475193
12	0.194493
12	0.150997
12	0.797618
12	0.782753
12	0.144995
12	0.903003
12	0.952599
12	0.692428
12	1.136135
12	0.683451
12	0.809277
12	1.213644
12	0.577913
12	0.836767
12	0.315872
12	1.323388
12	0.412860
12	0.885267
12	0.251572
12	1.041342
12	0.311645
12	0.878580
12	0.279212
13	0.422132
13	1.007534
13	0.703561
13	0.468413
13	0.833571
13	0.219635
13	1.175615
13	0.708132
13	0.696238
13	0.897906
13	1.821974
13	0.649401
13	0.325371
13	2.034830
13	0.509023
13	1.404391
13	1.466247
13	1.554774
13	1.471009
13	0.632378
13	0.597609
13	1.000143
13	0.960241
13	1.022715
13	0.612449
13	0.940682
13	0.469152
13	0.504204
13	0.451460
13	1.656578
13	0.874387
13	0.612409
13	0.376863
13	1.077093
13	0.831473
13	0.823901
13	0.357760
13	0.435027
13	0.865671
13	0.862422
13	0.930657
13	0.637254
13	0.869064
13	1.957403
13	1.180578
13	1.136061
13	0.825701
13	0.623373
13	0.337208
13	1.179840
13	0.442454
13	0.824793
13	0.746653
13	0.599475
13	1.840368
13	0.546080
13	0.871458
13	0.180630
13	0.870027
13	0.788360
13	0.707086
13	0.841605
13	1.068961
13	0.523834
13	0.530521
13	0.787887
13	1.650713
13	0.876617
13	0.608976
13	0.436740
13	0.779823
13	0.634338
13	0.210509
13	0.783313
13	0.448448
13	0.760281
13	1.511753
13	0.988086
13	0.248816
13	0.783110
13	0.439843
13	0.147295
13	1.294568
13	0.261821
13	0.719706
13	0.708727
13	0.514019
13	0.368293
13	0.723987
13	1.735827
13	0.717764
13	0.214589
13	0.392771
13	0.346432
13	1.317359
13	0.390659
13	0.265160
13	0.194656
13	0.568896
13	0.831191
14	1.154680
14	0.679381
14	0.417418
14	0.782795
14	0.923092
14	0.323268
14	0.920163
14	0.336312
14	0.557240
14	0.903507
14	0.158814
14	0.564843
14	0.485297
14	0.700905
14	1.314149
14	0.892538
14	1.429782
14	0.388741
14	0.280933
14	0.662788
14	1.036078
14	0.530254
14	0.914325
14	1.197619
14	0.833925
14	1.390058
14	0.711014
14	0.766775
14	0.363013
14	0.618118
14	0.471896
14	0.881901
14	1.066038
14	0.435153
14	1.047074
14	0.240480
14	0.644058
14	0.322143
14	0.329246
14	0.821073
14	0.925804
14	0.558177
14	1.467674
14	1.020835
14	0.533473
14	0.531588
14	0.736877
14	1.103864
14	0.772273
14	0.835129
14	0.711532
14	0.761230
14	1.128115
14	1.062630
14	0.460966
14	0.694505
14	0.199032
14	1.001213
14	0.515926
14	0.677802
14	1.167895
14	0.802101
14	0.576892
14	0.634634
14	0.725135
14	0.787257
14	0.211941
14	0.515633
14	0.390786
14	0.870142
14	0.587659
14	0.603355
14	0.596862
14	1.364812
14	0.333915
14	0.868865
14	0.856803
14	1.029992
14	1.648039
14	1.403647
14	1.528426
14	2.655525
14	0.666095
14	0.850838
14	0.458163
14	0.838393
14	0.575485
14	0.146798
14	0.774928
14	0.756787
14	0.733340
14	0.340075
14	0.777692
14	0.515152
14	0.438116
14	0.749942
14	0.952887
14	0.414713
14	0.840405
14	0.613843
15	1.567408
15	1.361949
15	1.282027
15	1.208037
15	1.110963
15	0.357787
15	0.656129
15	2.062599
15	0.679879
15	0.954553
15	0.697389
15	0.567685
15	0.435579
15	0.877772
15	0.633852
15	0.326963
15	0.647297
15	0.752888
15	0.445395
15	0.603314
15	0.192555
15	0.450087
15	0.702138
15	0.971824
15	1.073703
15	1.663086
15	0.858695
15	1.973236
15	1.151998
15	0.637999
15	0.688770
15	0.784413
15	0.665006
15	0.700186
15	0.869648
15	0.743548
15	0.485226
15	1.155078
15	0.681956
15	0.510070
15	1.623203
15	0.721250
15	1.855352
15	0.271320
15	0.370020
15	2.109716
15	1.477621
15	1.742786
15	0.698656
15	0.929510
15	0.827527
15	0.877594
15	0.644035
15	0.348234
15	0.656843
15	1.393202
15	0.662939
15	0.815288
15	1.132334
15	0.445158
15	0.713940
15	0.555795
15	0.396197
15	0.723865
15	0.593759
15	1.067598
15	1.270927
15	0.154218
15	0.156763
15	0.665119
15	0.276951
15	1.102200
15	1.177158
15	0.428910
15	0.554629
15	0.628868
15	0.657054
15	0.959893
15	0.555372
15	0.505740
15	1.272403
15	0.470654
15	0.742862
15	1.216580
15	0.632325
15	0.661076
15	1.298620
15	1.256754
15	1.057596
15	0.551998
15	0.600110
15	0.684511
15	1.514455
15	0.525189
15	0.466968
15	0.708973
15	0.137347
15	0.555921
15	0.225266
15	0.575722
16	0.478789
16	0.652408
16	0.517078
16	1.077066
16	0.413200
16	0.944634
16	1.626672
16	0.902518
16	0.433717
16	1.730972
16	0.951213
16	0.788751
16	0.660150
16	0.225671
16	1.108572
16	0.722296
16	0.578404
16	0.896591
16	0.712309
16	0.391051
16	0.700778
16	1.311474
16	0.388639
16	0.371288
16	0.563013
16	2.272388
16	0.631824
16	0.589439
16	0.767209
16	0.727041
16	1.403901
16	0.958559
16	1.036325
16	0.852600
16	1.472349
16	1.644427
16	1.188554
16	0.437019
16	0.965499
16	0.243700
16	0.899474
16	0.576272
16	0.663150
16	1.071829
16	0.933157
16	1.013087
16	0.743378
16	0.459481
16	1.124331
16	0.573517
16	0.828376
16	0.701122
16	0.442575
16	0.674559
16	0.451065
16	0.885449
16	0.848807
16	1.226456
16	0.752030
16	0.489034
16	0.551423
16	1.653191
16	1.436525
16	1.236573
16	0.237238
16	0.387727
16	0.311648
16	0.829119
16	1.572867
16	0.476752
16	1.460256
16	0.470042
16	1.096813
16	0.511033
16	0.458597
16	1.050680
16	0.591492
16	0.516349
16	0.766986
16	0.520294
16	0.802484
16	0.452316
16	0.980613
16	0.535978
16	1.731484
16	0.786876
16	0.978271
16	0.843545
16	0.848971
16	0.434841
16	0.782384
16	1.265760
16	0.780266
16	0.448325
16	0.729675
16	1.251477
16	0.557849
16	0.746532
16	0.778930
16	1.121698
17	0.549867
17	0.609304
17	0.590868
17	0.910779
17	1.034063
17	0.460393
17	1.408445
17	0.544069
17	0.456465
17	0.498021
17	0.750992
17	0.870888
17	0.681571
17	0.379115
17	1.340059
17	0.807828
17	0.724509
17	0.729220
17	3.404496
17	0.595184
17	1.496124
17	1.719573
17	0.653951
17	0.738999
17	0.851052
17	0.464509
17	0.764060
17	0.676898
17	0.827169
17	0.399964
17	0.661722
17	0.881645
17	0.633500
17	0.787093
17	0.531169
17	0.973626
17	1.655797
17	0.782899
17	0.976260
17	0.869549
17	0.311555
17	0.645855
17	0.462258
17	0.738318
17	0.796126
17	0.535763
17	1.019112
17	0.464703
17	0.828725
17	1.289394
17	0.562291
17	1.457308
17	1.102179
17	0.449775
17	1.666813
17	0.541774
17	0.621870
17	1.428873
17	1.123432
17	1.576828
17	0.876424
17	1.151746
17	0.788839
17	0.603139
17	0.728573
17	1.130587
17	1.381735
17	0.325627
17	0.531696
17	1.456696
17	0.929656
17	1.039170
17	0.560226
17	0.413710
17	1.272225
17	0.646820
17	0.301470
17	1.076270
17	0.573267
17	0.329435
17	0.557199
17	0.248187
17	0.726330
17	0.139829
17	1.006288
17	0.596942
17	0.552254
17	0.245388
17	1.309093
17	1.480221
17	0.460606
17	1.056961
17	0.285504
17	0.680249
17	1.157613
17	1.237203
17	1.238115
17	1.357554
17	1.107743
17	0.872492
18	0.811467
18	0.444376
18	0.650530
18	1.179756
18	0.880037
18	1.107373
18	1.332731
18	0.530792
18	0.688212
18	1.062440
18	0.745230
18	0.879431
18	1.541140
18	0.919027
18	1.231114
18	0.735581
18	0.646704
18	0.753836
18	0.809035
18	0.924186
18	0.803506
18	0.864512
18	1.140442
18	0.670942
18	0.939103
18	0.996466
18	0.500871
18	1.249115
18	0.876160
18	1.150759
18	0.556729
18	1.034378
18	0.720387
18	2.197867
18	0.508914
18	0.549956
18	0.882016
18	0.964930
18	0.420729
18	0.547371
18	1.084754
18	0.678854
18	0.439055
18	0.648631
18	0.723303
18	1.320990
18	0.540392
18	1.044729
18	0.339498
18	1.229445
18	0.445676
18	1.541023
18	0.911918
18	1.031507
18	0.657890
18	1.126916
18	1.585462
18	0.862805
18	0.622836
18	0.413838
18	1.193435
18	0.753514
18	1.691378
18	0.850515
18	0.656099
18	0.554871
18	1.313801
18	1.234758
18	0.656444
18	1.130188
18	1.042564
18	0.805825
18	2.473494
18	0.554079
18	1.647162
18	0.345522
18	0.269796
18	0.920628
18	0.538451
18	0.749779
18	1.102967
18	1.093450
18	0.333369
18	1.346752
18	0.510254
18	1.131232
18	0.265682
18	0.823063
18	0.816405
18	1.133127
18	1.329676
18	1.023376
18	1.242044
18	1.209671
18	0.807699
18	1.733664
18	1.550972
18	1.298794
18	0.377195
18	1.105971
19	1.093097
19	1.621062
19	0.951779
19	0.563327
19	0.844272
19	0.432620
19	0.592009
19	0.818593
19	0.356006
19	0.711974
19	0.736728
19	0.687904
19	1.302985
19	1.125743
19	0.504422
19	0.646506
19	1.005757
19	0.308879
19	0.967129
19	2.321008
19	1.094330
19	0.324663
19	1.674756
19	0.834760
19	0.958988
19	0.881259
19	0.487829
19	1.091522
19	0.983941
19	2.487938
19	0.401629
19	0.874162
19	0.698795
19	0.898944
19	0.650535
19	0.549964
19	0.699987
19	1.481740
19	1.160654
19	1.048599
19	1.979735
19	0.568341
19	0.881274
19	1.056855
19	0.914298
19	0.846219
19	0.751349
19	1.259995
19	0.797250
19	0.891636
19	0.471909
19	1.051438
19	1.069791
19	1.508346
19	1.167872
19	1.259982
19	0.759786
19	1.622300
19	1.097936
19	1.207014
19	0.732553
19	0.561693
19	0.760001
19	0.723680
19	0.880424
19	1.096628
19	1.949348
19	1.367530
19	0.556557
19	0.912243
19	0.818786
19	0.629478
19	1.281274
19	0.606047
19	1.128723
19	1.244265
19	1.248465
19	0.628986
19	1.690074
19	0.453328
19	0.835712
19	0.982141
19	0.784629
19	0.644165
19	0.925579
19	0.932040
19	0.238999
19	0.649014
19	0.840431
19	1.415362
19	1.597953
19	0.929792
19	0.390045
19	1.041370
19	0.450008
19	0.731084
19	0.429846
19	0.729602
19	0.833247
19	0.633215
20	0.893974
20	0.666819
20	0.509740
20	0.586941
20	0.779909
20	0.639802
20	1.023644
20	0.601621
20	1.227398
20	0.445056
20	0.920672
20	1.549058
20	1.646119
20	0.769785
20	0.845661
20	0.927399
20	1.016920
20	0.857718
20	0.830475
20	1.382959
20	1.531632
20	1.492380
20	0.643244
20	0.670688
20	0.752547
20	1.114665
20	0.575454
20	1.217252
20	1.532254
20	0.606896
20	1.118035
20	0.944668
20	0.614219
20	0.720909
20	0.461152
20	0.405312
20	1.047413
20	1.451039
20	0.649431
20	0.859060
20	1.038512
20	0.812052
20	0.711483
20	0.759471
20	0.632544
20	0.618298
20	0.667318
20	0.949455
20	0.761415
20	1.096758
20	1.341148
20	0.590077
20	0.490201
20	0.932785
20	0.810842
20	0.775107
20	1.120996
20	0.922169
20	0.608945
20	0.452067
20	0.504986
20	0.210334
20	0.865625
20	0.646673
20	1.184206
20	0.522997
20	1.112817
20	0.208575
20	0.955096
20	0.793911
20	0.955348
20	1.872777
20	1.278679
20	0.617821
20	0.668418
20	0.838308
20	1.125679
20	0.705717
20	0.798664
20	0.481719
20	0.372625
20	1.152208
20	2.329305
20	1.076317
20	1.632313
20	1.159828
20	0.794202
20	1.011538
20	0.630790
20	1.002286
20	0.690607
20	0.772184
20	2.526227
20	0.388163
20	0.599671
20	0.837198
20	0.696860
20	1.158893
20	0.967725
20	1.286379
21	0.817368
21	1.197324
21	1.262578
21	0.915869
21	0.424491
21	1.091139
21	1.341835
21	0.653356
21	1.152500
21	0.651869
21	0.792240
21	0.719690
21	0.772400
21	1.279294
21	0.648042
21	0.486802
21	1.233627
21	1.287691
21	1.051480
21	1.430523
21	0.472246
21	0.638893
21	0.390240
21	0.355873
21	0.503726
21	1.367478
21	1.132272
21	0.192997
21	0.883606
21	1.366824
21	0.735059
21	0.510258
21	0.722059
21	1.453077
21	1.101940
21	0.839700
21	0.855982
21	0.660205
21	0.777087
21	0.833683
21	1.203784
21	0.654656
21	1.962955
21	0.528418
21	1.708476
21	1.174675
21	0.587916
21	0.662011
21	1.144403
21	0.338570
21	0.778008
21	1.530734
21	0.772700
21	2.018063
21	1.580534
21	1.111818
21	0.895839
21	1.133085
21	1.148965
21	1.735481
21	0.823622
21	0.927640
21	1.641412
21	0.733073
21	0.539934
21	0.923991
21	1.321796
21	1.550082
21	0.962584
21	0.785856
21	0.715568
21	0.971268
21	1.026563
21	1.736312
21	1.240361
21	0.624964
21	0.541273
21	0.466506
21	0.772483
21	0.651876
21	0.828025
21	0.836498
21	0.632982
21	1.392313
21	1.000983
21	0.756592
21	0.916470
21	0.887837
21	1.033670
21	0.780569
21	0.465465
21	0.789939
21	0.585038
21	0.595029
21	0.933358
21	0.467949
21	0.645491
21	0.611825
21	1.108431
21	0.457944
22	1.402132
22	1.757021
22	1.259031
22	0.913103
22	1.902825
22	0.638545
22	0.979483
22	0.814654
22	0.523103
22	1.215836
22	1.681853
22	0.630171
22	1.055805
22	0.973052
22	1.542457
22	0.650198
22	1.774156
22	0.816592
22	0.303521
22	0.426009
22	1.309125
22	0.778756
22	0.425738
22	0.235156
22	1.227880
22	1.104255
22	0.688942
22	0.551251
22	0.849220
22	0.779341
22	1.697764
22	0.653839
22	0.559368
22	0.599858
22	0.515076
22	0.860759
22	1.165791
22	0.521035
22	0.770679
22	1.296153
22	1.652042
22	1.800878
22	0.979477
22	0.567135
22	1.076108
22	1.592439
22	1.433253
22	1.192345
22	0.956687
22	0.871063
22	1.022772
22	1.014013
22	1.234889
22	0.514187
22	1.326469
22	0.843648
22	0.553061
22	0.652267
22	0.974790
22	1.215344
22	0.576401
22	1.238122
22	0.875669
22	0.536212
22	1.123627
22	0.827818
22	1.281771
22	0.785910
22	0.741912
22	1.397444
22	0.835757
22	0.782992
22	0.893823
22	1.145243
22	0.775199
22	1.288565
22	0.543606
22	1.029874
22	0.701024
22	0.838848
22	0.484182
22	0.493727
22	1.260791
22	0.815101
22	0.489983
22	0.341638
22	0.308117
22	1.234932
22	1.835917
22	2.234367
22	0.625568
22	1.526966
22	0.753766
22	0.785151
22	0.766601
22	0.856395
22	0.915196
22	0.382660
22	1.345726
22	0.519869
23	1.107878
23	1.516195
23	1.054440
23	1.046055
23	0.583984
23	0.889282
23	0.755318
23	2.045554
23	0.839113
23	0.501824
23	0.866593
23	0.722584
23	0.698166
23	0.781422
23	0.914617
23	0.677267
23	0.627991
23	1.481000
23	0.984604
23	0.850230
23	1.021027
23	0.964815
23	1.171914
23	0.606117
23	1.838873
23	0.534592
23	0.773525
23	0.884724
23	0.816930
23	0.761026
23	0.663533
23	0.583903
23	0.953453
23	0.832893
23	1.075492
23	0.548646
23	1.677050
23	0.787148
23	0.981058
23	1.308286
23	1.659931
23	0.705228
23	0.468313
23	0.714364
23	0.921854
23	0.450897
23	1.293792
23	1.923237
23	1.315469
23	1.179730
23	1.047190
23	0.683239
23	0.593475
23	0.515354
23	1.198757
23	0.368371
23	1.300837
23	1.293089
23	1.099208
23	0.342006
23	0.318290
23	1.165540
23	0.414984
23	1.047698
23	0.622701
23	1.398859
23	1.064408
23	0.949074
23	0.831822
23	0.798157
23	1.533777
23	0.843045
23	0.599310
23	1.040840
23	1.507458
23	0.957213
23	1.797560
23	0.707055
23	0.795415
23	0.478580
23	0.781001
23	1.079205
23	1.541009
23	0.331134
23	0.478972
23	0.852654
23	0.822540
23	1.040014
23	0.484956
23	0.658810
23	1.276950
23	0.624386
23	0.976092
23	0.471897
23	1.459453
23	1.032083
23	0.620404
23	1.780726
23	1.601703
23	1.655463
24	0.349737
24	0.440932
24	0.850826
24	0.587022
24	1.112834
24	1.026515
24	0.716362
24	0.671473
24	0.632812
24	0.394084
24	0.513149
24	1.682886
24	0.907138
24	0.900030
24	0.744955
24	1.031624
24	0.665521
24	1.416240
24	1.181310
24	0.446669
24	0.777724
24	0.998413
24	0.588915
24	1.167264
24	0.588958
24	0.984494
24	0.709900
24	1.071054
24	0.336129
24	0.571506
24	0.442322
24	0.819517
24	0.611224
24	1.090183
24	0.476017
24	0.598353
24	0.862620
24	1.215884
24	0.444973
24	0.596770
24	1.074273
24	0.950555
24	1.392905
24	1.234441
24	0.510784
24	1.271749
24	0.502669
24	0.963414
24	0.586464
24	1.265843
24	1.643814
24	1.542093
24	0.753631
24	1.324713
24	0.570283
24	0.412782
24	0.311530
24	0.768698
24	0.931845
24	0.530216
24	0.676543
24	1.114581
24	0.600609
24	0.783292
24	1.278094
24	1.266352
24	0.330447
24	0.906405
24	0.597301
24	0.997157
24	1.781007
24	0.450046
24	0.601044
24	0.898400
24	0.459985
24	0.796811
24	0.702573
24	0.516610
24	0.898508
24	1.293128
24	1.264387
24	0.939805
24	1.009977
24	0.625865
24	0.628980
24	0.966950
24	0.779057
24	1.103144
24	0.687582
24	0.929927
24	1.285410
24	1.350398
24	0.610443
24	0.842107
24	0.862318
24	1.522443
24	0.420971
24	0.553656
24	1.636864
24	0.475646
25	1.363912
25	0.514014
25	0.411568
25	0.955497
25	0.768268
25	0.876494
25	1.090134
25	0.592085
25	0.785128
25	0.817670
25	0.782330
25	0.541851
25	0.917210
25	1.247441
25	1.046864
25	1.197411
25	0.402551
25	0.785339
25	0.847874
25	1.053183
25	0.961904
25	0.476986
25	0.329365
25	0.888866
25	1.218562
25	2.941510
25	0.556884
25	0.679993
25	0.741771
25	0.799863
25	0.485208
25	0.549935
25	0.555467
25	0.819482
25	0.213159
25	0.673741
25	1.045514
25	1.519444
25	0.312858
25	0.967593
25	0.516253
25	1.056132
25	0.836529
25	0.771844
25	1.100201
25	0.841341
25	0.954774
25	1.374375
25	0.974494
25	0.702668
25	0.385840
25	0.910922
25	0.890986
25	0.961636
25	1.671581
25	1.682572
25	1.244374
25	1.386884
25	0.575688
25	0.978742
25	1.132517
25	1.738087
25	0.560196
25	0.687939
25	1.016781
25	0.812040
25	0.927790
25	0.891428
25	0.566807
25	0.928568
25	1.394037
25	0.756116
25	1.426147
25	1.544945
25	1.544976
25	1.263724
25	1.059085
25	1.191188
25	0.887771
25	0.180245
25	1.186647
25	1.614074
25	1.932819
25	0.990704
25	0.900620
25	1.245477
25	0.561900
25	0.608166
25	1.285711
25	1.648237
25	0.462832
25	0.798648
25	0.692082
25	0.636941
25	1.219676
25	0.818140
25	1.058508
25	0.758883
25	1.065846
25	1.204095
26	0.557008
26	0.632813
26	1.056874
26	0.998890
26	0.914210
26	0.741024
26	1.103847
26	1.232236
26	1.144340
26	0.856277
26	0.576478
26	0.992805
26	0.587706
26	0.986148
26	1.114392
26	0.783441
26	0.419875
26	2.100673
26	0.792177
26	0.883650
26	0.555335
26	1.225535
26	0.683226
26	0.550110
26	0.759535
26	0.858614
26	0.852850
26	0.896221
26	0.448392
26	0.476400
26	1.170256
26	0.562394
26	1.034334
26	1.632155
26	1.418650
26	0.785017
26	1.393032
26	1.093931
26	1.499742
26	0.935743
26	0.202824
26	0.717261
26	0.141516
26	2.183478
26	0.885756
26	0.771737
26	0.638120
26	0.771504
26	1.225133
26	1.679297
26	0.987384
26	0.719558
26	1.238390
26	1.232942
26	0.421943
26	0.784633
26	0.845366
26	1.092023
26	0.903042
26	0.616005
26	1.372583
26	0.247039
26	0.876837
26	0.898268
26	1.680914
26	0.568222
26	0.828281
26	0.719233
26	1.197944
26	1.041294
26	1.775044
26	0.568555
26	0.806265
26	0.755044
26	1.555903
26	1.182101
26	0.729021
26	1.030991
26	1.082198
26	0.616491
26	0.967780
26	0.895953
26	0.285778
26	0.505579
26	1.313617
26	0.350668
26	1.465534
26	1.484972
26	0.502249
26	0.755693
26	0.814509
26	0.874582
26	0.715735
26	0.414218
26	1.236819
26	0.946260
26	1.182972
26	0.514240
26	0.608444
26	1.055122
27	1.462325
27	0.257780
27	1.541227
27	1.361436
27	1.511750
27	1.602797
27	0.679129
27	0.568400
27	1.105769
27	0.942952
27	0.414651
27	0.870275
27	1.064323
27	0.589891
27	0.201595
27	0.947936
27	1.133212
27	1.270117
27	0.704066
27	0.875305
27	0.655878
27	0.594666
27	1.162850
27	0.876313
27	1.520358
27	0.557728
27	0.506523
27	0.586287
27	0.670858
27	0.805506
27	0.495534
27	0.715459
27	0.681277
27	0.618469
27	0.341189
27	0.560724
27	0.703776
27	0.628829
27	0.883878
27	1.522558
27	0.805702
27	1.685858
27	1.320709
27	0.400024
27	0.941349
27	0.864420
27	0.598334
27	1.168134
27	1.346222
27	0.694350
27	0.712193
27	0.563813
27	0.348199
27	1.024012
27	3.041827
27	0.526820
27	1.071491
27	0.886206
27	0.839208
27	0.554478
27	0.663189
27	1.223425
27	1.165021
27	0.613549
27	0.537676
27	1.280682
27	0.726558
27	0.656821
27	1.612883
27	1.123639
27	0.910674
27	0.726657
27	0.503640
27	1.039189
27	1.068936
27	1.528075
27	0.363960
27	1.747742
27	0.808346
27	0.841763
27	0.777852
27	0.811955
27	1.089735
27	0.776066
27	1.655842
27	0.802348
27	1.386486
27	0.412087
27	0.812263
27	0.874947
27	0.948279
27	0.797711
27	1.532054
27	0.677160
27	0.501690
27	0.850276
27	0.924779
27	1.198596
27	0.666983
27	0.414887
28	0.885599
28	0.467087
28	0.768942
28	1.179628
28	1.616903
28	1.705246
28	1.142141
28	1.133820
28	1.022557
28	0.969945
28	0.492986
28	0.670400
28	1.422170
28	1.100167
28	1.679789
28	0.742096
28	0.526375
28	1.254381
28	0.337856
28	1.802737
28	0.976494
28	1.716274
28	1.009736
28	0.889683
28	0.742509
28	0.810577
28	2.008288
28	0.626951
28	1.095461
28	0.729561
28	0.503373
28	0.784510
28	0.663889
28	0.884793
28	1.210463
28	1.294867
28	0.991210
28	1.027829
28	1.014379
28	0.177287
28	1.048929
28	1.036469
28	1.045725
28	1.036247
28	0.865911
28	0.790204
28	0.838642
28	0.884617
28	0.853632
28	0.844536
28	0.476142
28	2.125748
28	0.683278
28	1.262330
28	0.701545
28	0.837007
28	0.622984
28	0.552930
28	1.004369
28	0.944045
28	1.221349
28	1.255219
28	1.717204
28	0.944599
28	0.723556
28	1.209626
28	1.241212
28	1.063827
28	0.930313
28	0.684200
28	1.329497
28	1.104661
28	0.715911
28	1.119096
28	0.648679
28	1.108211
28	0.545061
28	0.448188
28	0.826042
28	0.677513
28	0.771790
28	0.828369
28	1.236370
28	0.941322
28	0.836797
28	1.495772
28	0.222018
28	1.120604
28	1.045996
28	0.970177
28	1.571842
28	0.393240
28	1.024595
28	0.812390
28	0.602248
28	1.056190
28	0.848622
28	1.501056
28	0.681516
28	1.038972
29	0.724489
29	1.515769
29	0.619462
29	1.003006
29	0.925177
29	1.066334
29	0.821994
29	0.959884
29	0.822374
29	0.584536
29	1.046136
29	0.629833
29	0.870012
29	0.870964
29	0.805857
29	1.049078
29	1.271202
29	0.743136
29	0.789971
29	0.317489
29	0.772116
29	1.449866
29	0.857748
29	1.617096
29	0.595447
29	0.617427
29	1.285362
29	1.487424
29	0.511957
29	0.768692
29	1.197917
29	2.473094
29	1.668637
29	0.690032
29	2.169097
29	0.642115
29	1.377977
29	0.808423
29	1.199011
29	0.958885
29	1.143515
29	1.505241
29	1.237639
29	0.802893
29	0.777395
29	1.270610
29	1.451335
29	0.906413
29	1.016330
29	0.507758
29	1.245724
29	0.390357
29	0.963569
29	0.710389
29	0.836042
29	0.747097
29	0.593184
29	1.249221
29	0.757559
29	1.145964
29	0.205598
29	0.878872
29	1.196670
29	0.964435
29	0.674410
29	1.355884
29	1.006555
29	1.074475
29	1.089024
29	0.711765
29	1.107576
29	1.881670
29	0.655696
29	1.194017
29	0.579726
29	0.932900
29	0.536947
29	1.638708
29	1.122549
29	1.029653
29	0.655499
29	1.704098
29	0.677384
29	0.896566
29	1.718847
29	1.433656
29	0.798810
29	1.441278
29	0.591214
29	0.812974
29	0.936961
29	1.085547
29	1.019604
29	2.078284
29	0.735785
29	0.670193
29	0.866212
29	1.320498
29	1.201907
29	0.615508
30	0.655823
30	0.769867
30	1.592724
30	0.414044
30	1.328805
30	0.993860
30	1.064828
30	1.315489
30	1.113405
30	1.263404
30	0.713896
30	1.782604
30	0.849358
30	0.335088
30	0.815933
30	0.710206
30	0.663960
30	0.601808
30	0.890036
30	0.331559
30	1.048050
30	0.658667
30	0.573598
30	0.707181
30	0.541814
30	0.738759
30	1.586068
30	0.436829
30	0.558541
30	1.084809
30	1.853972
30	1.666387
30	0.637860
30	0.177518
30	0.970035
30	0.418338
30	1.014862
30	0.909611
30	0.928020
30	0.850129
30	0.778235
30	0.523392
30	1.047753
30	1.484876
30	1.186308
30	0.653984
30	1.103028
30	0.909823
30	0.677642
30	0.472396
30	1.070083
30	0.926974
30	0.968952
30	2.251620
30	0.837211
30	0.937159
30	0.980733
30	1.176547
30	0.596062
30	1.497384
30	1.071542
30	0.476527
30	0.834576
30	0.474827
30	0.469763
30	0.906586
30	0.839084
30	2.151432
30	1.158040
30	1.494646
30	0.825957
30	0.806493
30	1.118192
30	0.869840
30	0.992646
30	0.753696
30	1.483104
30	0.879572
30	1.471151
30	1.441478
30	0.510268
30	1.768040
30	0.504401
30	1.068976
30	0.613076
30	0.803305
30	0.986186
30	0.916926
30	0.785125
30	0.679409
30	1.581532
30	1.566497
30	0.977540
30	0.946603
30	0.469047
30	0.847903
30	0.986345
30	0.629891
30	0.904218
30	0.821842
