1	3.850658
1	1.041250
1	0.435949
1	0.000000
1	2.539205
1	0.241585
1	0.888982
1	1.004855
1	0.747414
1	2.092263
1	0.000000
1	0.082282
1	2.833703
1	2.968114
1	0.837646
1	0.066239
1	0.307772
1	0.086711
1	0.529824
1	0.150837
1	0.529495
1	2.753361
1	2.176331
1	1.346437
1	0.128286
1	0.835775
1	1.042297
1	3.417690
1	1.612840
1	0.747403
1	2.049465
1	0.977448
1	2.183078
1	3.444801
1	0.471007
1	4.738780
1	1.156092
1	0.831099
1	0.255074
1	0.446643
1	0.505413
1	1.468081
1	0.334654
1	3.267581
1	2.972299
1	2.567280
1	0.675458
1	0.571008
1	1.190246
1	7.462822
1	3.042148
1	0.000000
1	0.346549
1	0.186924
1	0.895871
1	1.692067
1	0.391279
1	1.857773
1	6.027229
1	2.499230
1	3.302734
1	9.824464
1	0.639489
1	3.671377
1	0.181088
1	1.266514
1	1.179643
1	0.781961
1	0.134003
1	2.179651
1	3.966633
1	0.282973
1	1.808532
1	1.637580
1	1.874779
1	2.731761
1	1.749999
1	0.416016
1	0.317010
1	0.323528
1	8.748238
1	2.560819
1	0.000000
1	0.429894
1	2.831217
1	0.169044
1	0.098974
1	0.350536
1	0.382785
1	2.561499
1	0.200868
1	0.832125
1	4.009464
1	1.542788
1	0.632355
1	1.123892
1	1.163490
1	1.386149
1	0.193012
1	3.600863
2	0.827012
2	0.513046
2	0.075574
2	0.306884
2	2.309268
2	0.289812
2	2.160447
2	0.282229
2	3.538046
2	1.028777
2	3.112978
2	2.178259
2	0.332224
2	2.758230
2	1.531398
2	0.969742
2	0.311210
2	3.208938
2	1.677122
2	3.012040
2	2.736514
2	1.612098
2	3.697002
2	2.644605
2	2.097142
2	1.578077
2	0.271503
2	2.979868
2	1.668408
2	2.071858
2	1.502659
2	0.206568
2	2.631469
2	3.117738
2	0.281241
2	0.474643
2	0.215047
2	2.103936
2	0.150739
2	2.481387
2	2.141684
2	0.314389
2	0.726736
2	2.497793
2	2.073016
2	0.905870
2	2.448678
2	1.890603
2	2.384801
2	0.729805
2	2.127970
2	1.075495
2	2.299220
2	1.991547
2	1.120207
2	1.064699
2	0.329663
2	2.508813
2	2.635693
2	0.281268
2	3.253062
2	0.509800
2	1.186227
2	1.652164
2	0.167440
2	0.903273
2	2.342821
2	0.972159
2	3.531596
2	0.355075
2	0.574819
2	1.590304
2	3.517311
2	0.764033
2	0.394525
2	5.750759
2	0.451914
2	0.300795
2	0.335384
2	0.333574
2	0.397036
2	1.229083
2	1.287772
2	0.949590
2	0.605044
2	1.091728
2	2.200721
2	2.219970
2	0.595045
2	2.248558
2	0.225821
2	0.326753
2	3.038607
2	0.927596
2	3.572028
2	0.079463
2	0.136035
2	0.084242
2	0.817666
2	2.107008
3	0.834834
3	0.159543
3	2.273392
3	0.596071
3	1.873364
3	0.992898
3	1.856938
3	1.025719
3	1.024006
3	2.337536
3	0.232686
3	1.121529
3	1.174105
3	0.469001
3	1.412885
3	1.597593
3	1.569014
3	0.860899
3	0.573945
3	3.486515
3	1.835518
3	2.098203
3	2.505017
3	0.900864
3	2.159955
3	2.263110
3	1.308069
3	0.606050
3	0.789480
3	0.183199
3	0.518399
3	0.779959
3	1.068471
3	0.365276
3	1.573936
3	1.494865
3	2.546300
3	1.298463
3	1.514330
3	1.814628
3	2.982135
3	2.465494
3	0.822371
3	1.884675
3	3.275113
3	0.340357
3	0.792239
3	2.440121
3	4.165476
3	0.682969
3	1.276439
3	2.536401
3	0.622294
3	0.527496
3	2.033050
3	0.762570
3	1.021997
3	0.423831
3	0.185047
3	3.541768
3	0.497352
3	0.173914
3	1.438766
3	1.044556
3	0.640918
3	0.823208
3	0.384477
3	2.036975
3	3.173862
3	0.834479
3	3.539943
3	2.008663
3	0.630826
3	0.266619
3	1.887292
3	1.161418
3	1.673997
3	0.250221
3	1.317336
3	1.975485
3	2.355829
3	0.480930
3	1.913314
3	0.787834
3	4.488568
3	3.527848
3	0.327997
3	0.992018
3	1.932324
3	1.557306
3	0.459202
3	0.868192
3	1.932110
3	0.420014
3	1.866425
3	1.404655
3	1.056856
3	0.157765
3	0.451494
3	2.380293
4	0.550799
4	0.778570
4	1.782655
4	1.300463
4	2.476671
4	0.810126
4	0.982160
4	0.971206
4	1.174644
4	1.127896
4	1.136581
4	0.830247
4	0.559321
4	1.204397
4	0.798053
4	0.901631
4	1.313779
4	0.666121
4	1.075463
4	1.310045
4	0.232491
4	0.955588
4	0.329873
4	2.001594
4	0.831114
4	0.874955
4	2.070796
4	0.280665
4	0.995674
4	0.547054
4	1.589296
4	1.376456
4	0.438789
4	1.084658
4	1.003974
4	1.561451
4	0.369047
4	2.407850
4	0.490258
4	0.407073
4	0.741798
4	1.378397
4	2.092852
4	2.578521
4	1.657860
4	1.795669
4	0.691820
4	0.879009
4	1.984467
4	2.397083
4	1.223791
4	1.129754
4	1.106784
4	0.643136
4	0.778977
4	0.442613
4	2.055438
4	0.338042
4	2.289521
4	2.333908
4	1.784747
4	1.253635
4	2.296446
4	1.167387
4	0.826773
4	1.244294
4	0.754709
4	1.629197
4	0.617359
4	1.959685
4	0.402223
4	2.557999
4	0.343689
4	0.856537
4	4.136834
4	0.305166
4	1.329207
4	0.925003
4	1.906476
4	1.096122
4	2.610469
4	1.500675
4	0.963034
4	1.022963
4	0.490943
4	1.972201
4	0.352274
4	1.552912
4	0.415598
4	1.816629
4	1.424047
4	2.582488
4	1.471858
4	2.246656
4	0.162887
4	3.562707
4	1.018578
4	1.748519
4	0.726324
4	0.442199
5	2.584538
5	0.421259
5	1.835811
5	1.294788
5	1.847139
5	1.570369
5	1.932632
5	0.240595
5	0.639604
5	1.983607
5	0.522716
5	1.019416
5	1.725939
5	1.808536
5	2.859052
5	0.850230
5	0.851222
5	1.099211
5	1.540649
5	1.008787
5	2.878470
5	2.235937
5	3.645940
5	2.721890
5	1.912560
5	1.197205
5	2.286150
5	2.844531
5	1.031936
5	1.481349
5	0.660529
5	2.188667
5	0.386514
5	3.710516
5	1.852891
5	1.666898
5	1.678948
5	2.965642
5	1.268764
5	2.363965
5	1.756974
5	1.361528
5	1.904561
5	0.872863
5	1.390761
5	0.719271
5	0.463923
5	4.889177
5	0.312842
5	2.434583
5	1.914405
5	0.182369
5	0.794279
5	0.842480
5	1.044894
5	0.997448
5	1.887182
5	0.303742
5	0.900953
5	0.570790
5	2.930546
5	2.318356
5	2.343999
5	0.937897
5	2.125160
5	1.127254
5	0.746557
5	1.547494
5	0.379515
5	1.184781
5	0.397241
5	1.232993
5	1.009317
5	1.077658
5	1.518309
5	0.711916
5	0.930292
5	0.791394
5	1.218234
5	1.049266
5	0.810397
5	1.150754
5	0.632003
5	2.249700
5	1.655102
5	0.563814
5	1.784703
5	1.818610
5	0.620972
5	0.621601
5	1.008936
5	0.818120
5	2.273146
5	1.763052
5	0.770492
5	1.099951
5	1.729137
5	0.967072
5	0.649138
5	0.719070
6	2.567419
6	0.567635
6	2.754621
6	1.183341
6	2.156003
6	2.800198
6	1.183873
6	2.998656
6	3.269860
6	1.559474
6	1.077469
6	1.349482
6	2.822738
6	1.492728
6	3.077394
6	0.303399
6	0.917945
6	3.492110
6	0.636079
6	1.623702
6	1.502431
6	1.073462
6	0.968785
6	0.520665
6	0.917270
6	2.681760
6	1.526200
6	0.336998
6	3.790493
6	0.487437
6	1.035602
6	3.266353
6	3.473645
6	2.004859
6	1.466287
6	1.600586
6	2.120100
6	0.307559
6	1.257199
6	1.277571
6	1.347838
6	0.572382
6	0.385640
6	1.168304
6	1.577689
6	1.018720
6	0.772352
6	1.105069
6	1.658426
6	2.489057
6	2.411633
6	1.831475
6	1.410261
6	0.712919
6	1.338040
6	2.135364
6	1.538805
6	1.060232
6	1.353079
6	1.106938
6	1.737055
6	0.247878
6	0.803412
6	1.068712
6	2.447221
6	0.667773
6	0.557743
6	1.245413
6	3.653660
6	2.411999
6	0.671461
6	0.791502
6	2.545110
6	1.870452
6	1.859151
6	2.242288
6	0.951772
6	1.814475
6	1.778788
6	0.915090
6	2.798224
6	0.943165
6	1.396523
6	1.840030
6	1.709440
6	2.345175
6	1.863808
6	1.434982
6	0.585893
6	0.855524
6	0.877443
6	1.843547
6	0.212035
6	1.889800
6	0.766351
6	0.178702
6	0.998202
6	1.834074
6	0.987531
6	1.438523
7	1.196759
7	1.584971
7	1.060310
7	2.055089
7	1.087878
7	1.644799
7	2.588331
7	1.753291
7	1.937006
7	2.291002
7	0.637382
7	2.532606
7	1.780778
7	2.923078
7	1.427266
7	1.523702
7	0.391516
7	1.944431
7	0.439400
7	1.497529
7	1.442703
7	1.433402
7	2.229946
7	1.106691
7	1.870716
7	2.698922
7	2.649577
7	2.418657
7	1.050306
7	0.364734
7	1.507255
7	2.790022
7	0.836543
7	1.345952
7	1.324541
7	3.822143
7	1.187501
7	1.306258
7	0.844886
7	0.733311
7	3.227347
7	0.841562
7	1.029323
7	1.770897
7	0.953282
7	2.195513
7	1.277610
7	1.227743
7	1.710707
7	1.979763
7	0.498683
7	1.339837
7	1.359100
7	0.856123
7	1.697677
7	1.083509
7	1.859862
7	1.245116
7	1.727724
7	0.388536
7	1.378187
7	0.548033
7	2.332628
7	2.326927
7	2.856863
7	0.762246
7	1.597159
7	1.925170
7	0.996845
7	3.518489
7	1.548793
7	0.788356
7	1.763870
7	1.025546
7	1.910095
7	0.722442
7	1.433633
7	1.812944
7	1.956094
7	1.423733
7	2.100363
7	0.846740
7	2.541290
7	2.315012
7	2.551655
7	3.172058
7	1.340016
7	1.552555
7	3.059252
7	2.370895
7	1.275448
7	2.319831
7	0.857871
7	4.384409
7	1.624006
7	1.152814
7	0.265149
7	0.930599
7	2.188577
7	1.698621
8	1.079682
8	1.672209
8	0.822440
8	3.129260
8	1.437431
8	2.542178
8	1.815738
8	2.525859
8	0.571085
8	0.754842
8	0.512190
8	0.897556
8	1.716983
8	1.816361
8	2.331634
8	1.236940
8	1.429279
8	2.401507
8	1.020203
8	2.097166
8	1.084801
8	2.232187
8	0.441770
8	1.323989
8	1.880559
8	2.668848
8	2.507003
8	1.421323
8	2.100507
8	0.857008
8	1.708133
8	1.230467
8	1.862047
8	1.935034
8	0.805499
8	1.146448
8	2.869757
8	1.443124
8	0.562480
8	2.618461
8	2.090918
8	0.975297
8	1.800824
8	0.786543
8	0.586076
8	1.077630
8	1.304793
8	1.042386
8	1.829873
8	0.994961
8	2.486906
8	1.442632
8	1.357196
8	1.603882
8	1.846849
8	2.369651
8	2.039779
8	1.922504
8	1.524743
8	0.881634
8	2.503076
8	2.418962
8	1.228572
8	0.611040
8	1.785699
8	1.891890
8	2.261014
8	1.043536
8	0.314404
8	1.301633
8	2.419955
8	2.399011
8	1.308256
8	2.271454
8	1.746560
8	1.951995
8	0.648387
8	1.323618
8	1.861862
8	1.176336
8	1.479995
8	2.457676
8	1.561077
8	1.065888
8	2.427403
8	2.545205
8	2.230302
8	0.626598
8	1.068323
8	1.643743
8	2.401898
8	1.049201
8	2.313770
8	1.702713
8	1.159079
8	1.537168
8	1.524985
8	1.774737
8	1.606058
8	1.699181
9	1.359582
9	1.722687
9	1.425349
9	3.094818
9	2.196514
9	1.073628
9	2.784496
9	1.085184
9	1.155571
9	2.265762
9	1.551532
9	0.613778
9	1.683987
9	2.402438
9	1.001737
9	2.145797
9	3.863911
9	5.573958
9	0.687554
9	2.764027
9	0.862113
9	1.902711
9	1.703269
9	1.343482
9	2.359572
9	2.372592
9	2.105695
9	1.483560
9	3.864213
9	2.167535
9	1.346485
9	0.787519
9	1.897178
9	2.433014
9	1.350353
9	0.977038
9	3.123344
9	1.567477
9	0.576619
9	1.915011
9	1.764919
9	1.225890
9	1.457008
9	2.196838
9	0.379210
9	0.893553
9	2.110106
9	2.297977
9	1.400652
9	2.558024
9	1.759884
9	1.313528
9	1.600491
9	0.675361
9	1.215411
9	0.898835
9	2.042315
9	0.766206
9	0.909248
9	1.311451
9	1.635293
9	1.939575
9	2.758132
9	2.171364
9	1.890651
9	2.000545
9	2.520450
9	1.500441
9	0.611528
9	2.796232
9	1.878537
9	1.336726
9	3.879343
9	1.908792
9	1.226239
9	1.755329
9	0.744717
9	1.417700
9	2.142029
9	1.634552
9	1.604071
9	2.756576
9	2.335593
9	0.724967
9	1.463574
9	0.638951
9	2.062101
9	1.690223
9	1.237852
9	1.999810
9	1.656210
9	1.549374
9	2.957233
9	2.724536
9	0.602461
9	1.461523
9	2.479644
9	0.660498
9	0.740687
9	0.743446
10	2.455054
10	3.673809
10	2.064023
10	1.685881
10	1.038483
10	2.844753
10	1.023433
10	2.398156
10	1.797031
10	1.246861
10	3.149379
10	2.895057
10	3.112029
10	2.706755
10	2.039853
10	2.091177
10	3.310643
10	0.484909
10	0.892246
10	1.955250
10	0.765679
10	1.013776
10	1.117108
10	1.896697
10	1.389296
10	2.508312
10	2.284888
10	0.442521
10	1.216758
10	1.471594
10	2.837573
10	1.497572
10	1.191307
10	1.491689
10	1.376717
10	2.452823
10	2.438948
10	0.901235
10	0.575364
10	1.396107
10	1.406345
10	0.880417
10	2.296915
10	1.741258
10	1.346417
10	2.473442
10	2.247373
10	1.498188
10	2.551868
10	2.542695
10	0.850437
10	2.450616
10	3.327396
10	2.590913
10	3.481013
10	1.360048
10	1.542569
10	1.152794
10	1.919116
10	1.695288
10	0.930365
10	0.815918
10	3.070751
10	1.711432
10	1.234836
10	2.329248
10	0.553389
10	1.494501
10	1.546486
10	2.167982
10	2.087639
10	1.742054
10	1.770648
10	2.250382
10	2.717288
10	2.865744
10	2.974103
10	1.286664
10	1.822718
10	1.315640
10	1.476660
10	1.321435
10	2.074884
10	1.926542
10	1.493694
10	0.935226
10	2.827403
10	1.030832
10	1.724830
10	1.629835
10	0.523026
10	2.375548
10	3.012019
10	3.015675
10	2.027503
10	2.685538
10	2.152728
10	0.508674
10	2.305652
10	1.816982
11	2.680532
11	1.858730
11	1.601357
11	1.409117
11	1.481058
11	2.461115
11	1.313718
11	3.382587
11	3.629274
11	3.821003
11	3.412004
11	2.696500
11	1.850075
11	1.304937
11	1.540479
11	1.517228
11	1.509545
11	2.747527
11	2.592756
11	1.098813
11	1.804787
11	1.986941
11	1.351174
11	1.440466
11	1.694565
11	2.310386
11	2.366113
11	0.505215
11	0.990538
11	1.626178
11	1.359828
11	1.445588
11	2.251860
11	1.505854
11	2.384110
11	0.952362
11	1.171821
11	2.250692
11	2.008240
11	2.926717
11	2.427154
11	2.042723
11	1.819649
11	3.045459
11	1.707413
11	0.980496
11	1.451962
11	1.947866
11	1.626408
11	1.128632
11	1.803538
11	1.908653
11	2.235672
11	2.080019
11	1.504039
11	1.600517
11	1.532715
11	2.289144
11	1.972879
11	1.717350
11	2.193208
11	1.282781
11	0.440953
11	2.032938
11	2.213332
11	1.793951
11	1.409720
11	3.215163
11	0.908156
11	2.524679
11	1.745170
11	1.796260
11	0.784354
11	2.544794
11	1.004849
11	1.532524
11	3.095081
11	3.754776
11	2.578380
11	2.226595
11	1.280609
11	1.526848
11	0.815391
11	1.455552
11	3.414378
11	1.362262
11	2.172768
11	0.527343
11	1.506940
11	1.651684
11	0.950675
11	2.659869
11	1.046813
11	2.811823
11	0.821669
11	1.641676
11	2.111361
11	0.990512
11	2.054728
11	1.444823
12	1.556432
12	3.328376
12	1.400945
12	2.132139
12	1.417752
12	3.132538
12	2.367424
12	1.872282
12	1.070931
12	1.566313
12	3.131295
12	2.548085
12	1.550321
12	3.498440
12	2.523246
12	0.731620
12	0.734307
12	2.293716
12	2.014841
12	1.210323
12	0.976466
12	2.895386
12	0.925309
12	3.220901
12	1.881732
12	2.282166
12	2.520080
12	1.668610
12	2.116474
12	1.741704
12	1.220825
12	2.458701
12	0.642837
12	2.609570
12	1.747223
12	0.867435
12	1.094156
12	2.730967
12	1.508321
12	2.676225
12	2.222877
12	1.595460
12	1.192217
12	1.677637
12	1.895097
12	1.651642
12	1.166307
12	2.893775
12	2.215537
12	1.587762
12	1.780286
12	1.629965
12	2.312707
12	2.108432
12	4.310888
12	1.554697
12	1.358765
12	2.251086
12	4.169554
12	1.308955
12	2.113888
12	1.380030
12	1.800931
12	1.073484
12	3.706669
12	1.311609
12	1.973523
12	1.574614
12	1.298392
12	1.655683
12	3.118883
12	1.449036
12	2.913089
12	4.167555
12	3.258643
12	2.273991
12	1.973735
12	2.751661
12	1.977912
12	2.389632
12	2.309152
12	1.100657
12	2.186682
12	0.833103
12	1.805839
12	0.924047
12	1.529554
12	2.923642
12	1.533516
12	2.214596
12	1.048980
12	3.538428
12	1.366382
12	1.107149
12	1.779385
12	1.166240
12	0.453216
12	2.522496
12	2.141873
12	2.695190
13	1.347157
13	2.041892
13	1.662237
13	1.692720
13	2.114717
13	2.585828
13	2.841573
13	2.264850
13	3.528524
13	1.704238
13	1.105008
13	2.056769
13	1.444449
13	1.942386
13	1.358959
13	1.677360
13	2.990792
13	3.089396
13	1.469990
13	2.234781
13	0.592937
13	2.866290
13	0.509263
13	2.887015
13	1.367079
13	2.712347
13	1.907671
13	5.658026
13	1.780377
13	2.409945
13	1.831496
13	1.833869
13	1.019097
13	1.780539
13	1.758718
13	1.487594
13	0.942247
13	2.728872
13	2.509889
13	2.503012
13	2.889696
13	1.472744
13	0.761629
13	1.632974
13	0.841573
13	3.267792
13	3.795459
13	3.419981
13	3.073709
13	1.785096
13	1.936763
13	3.585422
13	4.762585
13	1.886493
13	2.488934
13	1.609652
13	1.513580
13	2.514737
13	0.897588
13	1.867290
13	1.999221
13	4.164229
13	3.071437
13	1.371548
13	2.185499
13	2.982176
13	1.491449
13	2.441854
13	2.519318
13	1.846054
13	2.242439
13	1.019508
13	2.392223
13	2.048545
13	3.477823
13	1.090567
13	3.941286
13	1.682561
13	0.499974
13	3.641597
13	1.954059
13	2.693701
13	1.350061
13	1.877688
13	1.946622
13	1.224852
13	1.953498
13	2.166070
13	2.999011
13	1.566064
13	1.182070
13	2.100846
13	1.896077
13	2.148157
13	3.105391
13	1.379674
13	0.714476
13	1.993748
13	1.464220
13	1.427816
14	1.753373
14	1.944930
14	2.006247
14	1.723400
14	0.954205
14	1.853605
14	1.136315
14	2.761435
14	3.246564
14	1.413648
14	0.989998
14	1.572004
14	1.552989
14	1.707416
14	1.500035
14	1.991842
14	2.252651
14	2.535359
14	3.386914
14	1.682711
14	2.738937
14	1.114242
14	1.431666
14	3.663176
14	2.948844
14	2.359703
14	2.641227
14	0.658863
14	2.179129
14	2.257457
14	0.960544
14	1.757727
14	2.245190
14	1.932676
14	1.428380
14	2.951242
14	2.111825
14	3.090738
14	1.779543
14	2.504720
14	1.078456
14	1.594970
14	2.586048
14	1.600021
14	3.311488
14	1.673864
14	2.882300
14	1.264378
14	2.637469
14	2.374027
14	1.322028
14	2.784749
14	1.335219
14	2.039190
14	1.697441
14	3.048773
14	2.827296
14	1.253084
14	2.623101
14	2.008207
14	2.314507
14	1.645618
14	1.627869
14	2.044183
14	1.342875
14	2.597990
14	2.315950
14	3.078463
14	1.902147
14	1.939828
14	2.404740
14	2.104956
14	2.401471
14	2.042429
14	2.547900
14	3.357586
14	1.436260
14	2.823197
14	5.260899
14	3.761702
14	3.210325
14	2.863383
14	3.271900
14	1.765957
14	2.228747
14	1.981126
14	1.868751
14	2.183423
14	3.126862
14	1.003653
14	1.850903
14	3.254090
14	2.880156
14	1.550453
14	2.024426
14	3.043900
14	1.448790
14	2.931777
14	2.644317
14	2.787964
15	1.371997
15	2.513063
15	3.086624
15	2.510322
15	1.961226
15	2.923558
15	4.319429
15	1.599695
15	1.425582
15	3.316334
15	1.810790
15	3.690388
15	1.472746
15	1.386029
15	2.674940
15	2.070591
15	1.753870
15	2.206886
15	0.999953
15	1.648488
15	2.240484
15	2.367255
15	2.820227
15	3.007621
15	1.647055
15	1.589068
15	1.100058
15	3.476821
15	1.613773
15	1.502710
15	2.387314
15	1.660699
15	1.864003
15	2.030119
15	2.301628
15	1.820946
15	2.047976
15	3.329357
15	1.658052
15	2.494399
15	1.330975
15	2.343924
15	0.926203
15	2.197757
15	2.184660
15	2.400467
15	1.438368
15	2.273067
15	2.840174
15	1.516338
15	2.755751
15	1.600384
15	1.280518
15	3.052268
15	1.998757
15	2.235352
15	1.141690
15	2.661535
15	3.447657
15	2.271320
15	2.021222
15	1.829461
15	1.960605
15	1.880828
15	2.956419
15	1.432054
15	2.173632
15	3.094834
15	1.769330
15	1.288020
15	2.710442
15	3.324168
15	1.286937
15	1.491821
15	2.330820
15	1.536487
15	1.057859
15	1.819346
15	3.140260
15	1.978148
15	2.473922
15	2.407620
15	2.506391
15	3.861038
15	1.156342
15	3.311794
15	1.340110
15	2.073978
15	2.263636
15	4.063381
15	2.244991
15	2.555000
15	1.355690
15	2.590071
15	2.247119
15	1.190888
15	3.960437
15	3.621447
15	3.380059
15	2.332452
16	3.257382
16	1.432901
16	1.486752
16	4.205440
16	1.392239
16	1.360709
16	0.661345
16	2.041396
16	2.451444
16	3.742296
16	3.593318
16	1.904008
16	1.658325
16	1.831405
16	1.009321
16	2.964532
16	2.479376
16	0.750085
16	1.916393
16	4.148299
16	1.173624
16	3.263461
16	1.746828
16	3.115731
16	1.957062
16	2.067208
16	4.057237
16	1.898113
16	2.030097
16	1.154188
16	2.114314
16	2.547190
16	3.364055
16	2.676527
16	0.982711
16	3.090651
16	2.616434
16	1.899190
16	1.849992
16	3.551855
16	2.677842
16	2.063725
16	2.697359
16	1.967204
16	1.967291
16	1.827052
16	0.661344
16	2.294175
16	2.433186
16	1.220022
16	2.734979
16	3.883169
16	1.511880
16	2.702574
16	1.896952
16	1.528056
16	1.217429
16	2.837456
16	3.182425
16	0.639697
16	2.679783
16	3.178733
16	2.154046
16	2.271325
16	2.921271
16	2.457125
16	1.378190
16	2.652863
16	1.925911
16	1.915770
16	1.212145
16	1.658206
16	1.620272
16	2.117624
16	2.084241
16	3.089172
16	1.422988
16	1.514628
16	2.526390
16	4.881645
16	1.807870
16	2.845258
16	2.116666
16	2.902247
16	2.863714
16	2.865722
16	1.659039
16	2.381288
16	3.355997
16	2.276332
16	1.730018
16	2.175654
16	1.668127
16	2.200393
16	4.600287
16	1.384634
16	2.049058
16	2.971772
16	1.761939
16	1.247148
17	1.478607
17	1.354235
17	1.649116
17	3.064564
17	1.978537
17	2.593231
17	1.408698
17	2.499625
17	2.080653
17	2.784984
17	1.638935
17	2.837576
17	2.355650
17	3.561173
17	2.838393
17	1.452208
17	2.058628
17	2.148035
17	3.334935
17	3.443306
17	3.261105
17	2.778094
17	1.713758
17	1.299035
17	2.189742
17	1.566044
17	2.206601
17	2.294901
17	3.008465
17	4.330528
17	2.528617
17	1.013584
17	3.057743
17	1.823606
17	3.461488
17	0.828352
17	1.645349
17	1.261656
17	3.162237
17	2.745636
17	2.509320
17	1.722107
17	2.720462
17	1.633392
17	2.808486
17	2.695586
17	2.437776
17	0.666539
17	3.047857
17	3.125147
17	2.075414
17	1.709152
17	2.033054
17	2.412341
17	2.337457
17	2.365741
17	2.375095
17	2.738345
17	2.819794
17	2.615880
17	2.115231
17	1.285559
17	1.971378
17	3.331165
17	1.720408
17	1.474198
17	1.822959
17	2.047576
17	1.810679
17	2.082296
17	2.146017
17	3.174125
17	1.773169
17	3.144709
17	2.545910
17	2.324621
17	1.514887
17	4.361865
17	1.606346
17	2.921759
17	3.560395
17	3.104101
17	1.608857
17	0.648244
17	1.929624
17	2.666530
17	1.474014
17	1.680231
17	2.110702
17	2.061593
17	2.512761
17	1.869962
17	2.014730
17	2.868828
17	2.833040
17	1.153334
17	1.916849
17	2.192751
17	2.493014
17	2.075770
18	3.140326
18	2.453413
18	2.639180
18	1.409088
18	3.662097
18	2.120196
18	2.199569
18	2.511676
18	2.281718
18	2.327183
18	2.634960
18	2.012449
18	1.880763
18	1.933498
18	1.976320
18	3.387941
18	2.045253
18	2.698933
18	2.521954
18	1.586135
18	2.659583
18	2.624954
18	2.803615
18	2.184344
18	1.067279
18	0.551905
18	1.445562
18	1.871402
18	1.766003
18	2.170325
18	1.312097
18	1.998273
18	2.444281
18	1.577004
18	1.521314
18	3.620536
18	3.055393
18	2.410687
18	1.830712
18	1.686262
18	2.888109
18	4.928960
18	3.538088
18	1.059300
18	2.734806
18	1.328112
18	2.334252
18	2.302430
18	1.793464
18	3.554080
18	2.112515
18	1.301511
18	2.114661
18	2.671551
18	2.475737
18	3.116950
18	2.486880
18	1.566118
18	2.001081
18	2.337285
18	3.658211
18	2.564644
18	2.505543
18	1.897012
18	1.246992
18	2.006055
18	2.478023
18	3.708246
18	1.888395
18	2.797255
18	3.000063
18	2.573907
18	2.638774
18	2.026737
18	1.847634
18	1.980166
18	2.461564
18	0.896543
18	3.690045
18	1.942935
18	2.561706
18	2.980631
18	1.792211
18	2.723969
18	1.463992
18	2.306973
18	2.881967
18	1.453146
18	2.126097
18	1.354955
18	2.201134
18	3.777403
18	3.128269
18	2.025147
18	2.757784
18	2.954868
18	2.489553
18	2.767865
18	1.470386
18	1.044950
19	2.866319
19	2.692896
19	1.403925
19	2.531949
19	2.282176
19	1.790256
19	1.599685
19	1.979784
19	2.068008
19	2.031176
19	2.994383
19	2.982144
19	1.945272
19	1.710520
19	2.508639
19	2.398868
19	3.164785
19	1.871836
19	1.404856
19	1.102875
19	1.238420
19	2.401914
19	1.704631
19	3.384262
19	2.655530
19	1.372169
19	1.309021
19	2.747543
19	1.610663
19	1.523581
19	2.814422
19	1.875553
19	2.547590
19	1.591385
19	4.074358
19	2.222586
19	1.236892
19	2.379756
19	2.575400
19	2.617891
19	2.897162
19	2.195718
19	3.050623
19	2.192163
19	2.268018
19	1.435776
19	1.804837
19	1.520298
19	1.666936
19	2.221765
19	3.775663
19	3.311376
19	1.853069
19	2.669245
19	1.393805
19	3.631191
19	2.284849
19	3.388287
19	2.560068
19	1.443784
19	2.073250
19	1.726614
19	2.534471
19	2.292383
19	1.360253
19	2.070015
19	1.828765
19	2.427234
19	2.084059
19	1.862656
19	1.523276
19	2.585230
19	2.021159
19	2.212147
19	1.945118
19	3.543824
19	1.865267
19	1.843273
19	4.106516
19	2.693798
19	1.981656
19	2.416745
19	2.838922
19	2.275962
19	2.524393
19	1.424956
19	1.574157
19	3.027935
19	2.673949
19	2.661705
19	1.874807
19	2.434194
19	3.476306
19	1.232352
19	1.891454
19	1.916894
19	3.155777
19	1.996729
19	2.646344
19	1.630185
20	1.968897
20	2.735276
20	2.344856
20	3.741063
20	2.314188
20	2.882018
20	1.748372
20	1.562450
20	1.348814
20	2.311106
20	2.509692
20	2.819502
20	1.880517
20	1.691622
20	1.678890
20	1.111325
20	2.770047
20	1.701866
20	1.837183
20	2.935695
20	2.787390
20	3.869714
20	2.591122
20	1.325645
20	2.389735
20	4.258048
20	3.913087
20	2.884244
20	2.607151
20	2.836160
20	1.825382
20	2.153373
20	1.698248
20	1.454683
20	3.392381
20	2.160713
20	2.302328
20	2.807896
20	2.094566
20	3.240743
20	2.066683
20	3.349608
20	2.386689
20	2.753023
20	2.369609
20	1.865630
20	2.298553
20	3.050776
20	1.466371
20	2.567884
20	2.862585
20	2.788273
20	2.764843
20	2.035756
20	3.108342
20	4.316237
20	3.219451
20	2.884207
20	1.599742
20	1.904304
20	1.318816
20	2.311705
20	2.357027
20	3.149104
20	2.274817
20	2.300849
20	1.602628
20	1.681354
20	2.060770
20	3.268840
20	2.595176
20	1.773722
20	2.452648
20	3.565370
20	2.732721
20	3.572114
20	2.541046
20	2.426823
20	3.168935
20	3.008095
20	1.673573
20	2.202570
20	2.465629
20	1.086701
20	2.181311
20	2.301804
20	1.042275
20	1.745719
20	1.997881
20	2.615959
20	2.596854
20	0.565541
20	3.927030
20	3.327041
20	3.853820
20	1.946634
20	2.449898
20	2.314181
20	3.513669
20	1.978684
21	1.643622
21	2.200508
21	1.838180
21	2.448419
21	1.691382
21	1.768974
21	2.474149
21	2.792469
21	2.482597
21	1.989068
21	3.483097
21	1.599514
21	2.353385
21	2.749050
21	2.809981
21	1.920803
21	2.834295
21	1.845520
21	2.218105
21	3.145110
21	1.937321
21	1.758579
21	2.808886
21	2.309820
21	1.919282
21	1.396086
21	3.107573
21	2.511776
21	1.494350
21	2.801230
21	2.395918
21	2.211494
21	3.118047
21	1.167556
21	1.858479
21	1.939588
21	2.434444
21	1.801383
21	2.885605
21	2.940174
21	1.706704
21	1.217590
21	2.576098
21	2.142473
21	1.512924
21	3.088533
21	3.998325
21	2.083905
21	1.865213
21	3.970103
21	2.884872
21	4.027792
21	2.607231
21	2.997962
21	3.010767
21	2.178646
21	2.161982
21	1.263850
21	4.010336
21	1.343405
21	1.950663
21	1.434032
21	2.781154
21	1.652607
21	1.789446
21	1.794343
21	2.249893
21	1.212594
21	2.676671
21	3.393455
21	1.915828
21	3.239581
21	2.101487
21	3.038023
21	1.563947
21	2.332719
21	1.717352
21	1.190709
21	2.525240
21	2.284012
21	2.150608
21	2.596140
21	2.668073
21	2.530775
21	3.079466
21	2.376710
21	1.981385
21	1.759460
21	3.057811
21	2.449200
21	2.596801
21	2.865601
21	2.096405
21	2.350469
21	2.449291
21	2.803621
21	3.144061
21	2.279658
21	2.280244
21	2.467455
22	2.640087
22	1.310585
22	2.421022
22	3.615801
22	1.812264
22	2.339380
22	1.821226
22	1.195129
22	2.264029
22	2.634929
22	1.677379
22	1.505447
22	2.249913
22	2.259320
22	3.544339
22	2.006290
22	1.081436
22	1.791594
22	3.073830
22	2.980624
22	2.387545
22	3.381103
22	2.928726
22	2.717570
22	1.558539
22	0.906822
22	1.318930
22	1.819766
22	1.809584
22	1.298482
22	3.113496
22	2.248132
22	2.164017
22	1.509518
22	0.829224
22	2.602783
22	2.476804
22	1.936103
22	2.212370
22	2.563104
22	2.888573
22	2.272834
22	1.810648
22	4.117786
22	1.641845
22	2.935547
22	2.703296
22	1.085710
22	3.191446
22	3.407831
22	2.460819
22	2.413597
22	2.918994
22	1.849215
22	2.447034
22	1.998156
22	2.343751
22	2.772040
22	3.522669
22	1.486131
22	2.461491
22	4.775495
22	2.162393
22	1.222829
22	0.914492
22	2.457331
22	2.720668
22	2.838674
22	1.881787
22	1.916836
22	2.469840
22	3.099369
22	2.570789
22	2.964028
22	3.206630
22	3.421239
22	1.954045
22	3.813937
22	2.658925
22	2.273149
22	2.286249
22	1.501005
22	1.885129
22	1.203483
22	2.120958
22	2.807168
22	2.947500
22	4.120127
22	3.020992
22	1.656687
22	1.874823
22	1.870261
22	3.842057
22	3.339572
22	1.253737
22	1.466302
22	2.655756
22	4.077747
22	2.897939
22	1.755075
23	2.239471
23	1.704832
23	2.369592
23	4.137589
23	3.166833
23	2.861659
23	0.861974
23	3.323900
23	3.017527
23	2.435369
23	1.947796
23	2.114409
23	3.822893
23	1.612601
23	2.003431
23	1.714494
23	2.118680
23	2.407994
23	2.769496
23	2.920333
23	1.543953
23	3.962470
23	3.005309
23	2.381406
23	1.909675
23	3.162719
23	1.986176
23	2.218033
23	3.612736
23	2.120117
23	1.545782
23	2.192756
23	2.908541
23	2.664126
23	1.141286
23	1.920266
23	1.973644
23	2.431214
23	2.648695
23	1.352617
23	1.216574
23	2.495033
23	3.757622
23	2.315236
23	2.095868
23	2.631045
23	2.521123
23	2.045721
23	1.647695
23	2.939205
23	2.640530
23	1.862930
23	2.803304
23	2.942467
23	3.610270
23	2.907711
23	3.421207
23	2.180976
23	2.037125
23	2.656435
23	3.060524
23	2.021793
23	1.266018
23	2.322580
23	2.179904
23	1.423771
23	2.241233
23	3.323094
23	2.553834
23	1.501161
23	3.452183
23	1.961067
23	1.309880
23	1.875589
23	2.772266
23	2.157458
23	2.165918
23	2.396264
23	2.699674
23	3.156706
23	3.672305
23	1.932177
23	2.330041
23	1.705004
23	3.831943
23	3.304459
23	3.190128
23	2.200613
23	3.297287
23	1.869951
23	2.176892
23	1.381020
23	1.331156
23	2.518908
23	1.363907
23	1.649772
23	1.827000
23	1.191983
23	2.651441
23	1.952679
24	2.743154
24	1.883506
24	2.367250
24	2.628720
24	2.243285
24	1.361608
24	2.012802
24	2.628549
24	0.986306
24	2.530720
24	3.525489
24	2.620503
24	2.521305
24	2.157738
24	1.512690
24	2.145584
24	1.834955
24	3.153019
24	2.011912
24	2.700404
24	2.719310
24	2.301268
24	2.363078
24	1.558553
24	2.232810
24	2.552381
24	1.643600
24	2.378590
24	1.549749
24	2.034584
24	3.529780
24	1.174541
24	2.864287
24	3.147884
24	2.495883
24	1.853526
24	0.859565
24	2.862174
24	2.350924
24	2.119013
24	2.415511
24	2.152375
24	3.503046
24	2.542636
24	2.425084
24	2.169820
24	2.705578
24	1.554411
24	1.347363
24	2.156951
24	2.793015
24	2.528771
24	1.991496
24	2.703998
24	2.189126
24	2.090083
24	2.704795
24	2.412042
24	2.628336
24	2.278918
24	1.176409
24	2.574273
24	2.261338
24	2.082783
24	3.332071
24	1.876040
24	2.821055
24	1.892843
24	2.236388
24	2.719334
24	2.146925
24	3.588789
24	2.440485
24	3.220245
24	1.662847
24	2.223168
24	3.134799
24	2.414349
24	2.750898
24	2.392474
24	1.733570
24	3.009665
24	2.406985
24	2.724663
24	4.216939
24	2.571709
24	3.177902
24	1.843027
24	2.969075
24	1.779662
24	1.978357
24	2.822685
24	2.059066
24	2.651392
24	3.326544
24	2.246716
24	4.254198
24	2.450852
24	3.420091
24	2.318100
25	2.975053
25	1.583593
25	1.647956
25	0.968265
25	1.736500
25	3.098279
25	2.515943
25	2.308502
25	1.934283
25	2.466268
25	2.064093
25	2.848986
25	2.425843
25	2.908238
25	2.233561
25	3.109392
25	2.526274
25	2.818009
25	1.954223
25	2.813439
25	1.911441
25	2.011021
25	1.508907
25	1.982208
25	2.255213
25	2.286437
25	1.779061
25	2.048138
25	2.958057
25	1.888465
25	3.204290
25	2.441163
25	2.869038
25	3.240424
25	1.746346
25	2.922353
25	1.467514
25	2.906448
25	3.035817
25	1.800676
25	3.039684
25	1.332440
25	2.990807
25	1.514853
25	2.774612
25	2.133622
25	1.845911
25	1.894417
25	2.838071
25	2.651515
25	2.441068
25	2.203051
25	2.487497
25	1.834528
25	3.415634
25	4.988400
25	2.744573
25	2.247499
25	2.393645
25	3.062703
25	2.417171
25	2.024883
25	2.548716
25	1.460101
25	2.513401
25	1.884288
25	4.180180
25	1.869493
25	1.510285
25	2.618576
25	2.254100
25	2.133904
25	3.099482
25	2.156413
25	3.214065
25	2.695382
25	2.319852
25	1.508764
25	1.303740
25	1.671699
25	1.943753
25	2.583610
25	2.116261
25	3.049982
25	1.599780
25	2.481205
25	2.784205
25	2.050175
25	2.515298
25	2.228013
25	3.417368
25	2.071889
25	1.945358
25	2.559757
25	2.309012
25	2.012555
25	1.700958
25	2.141109
25	2.750855
25	2.928540
26	3.610597
26	1.787419
26	2.431263
26	1.741174
26	2.915733
26	3.136546
26	2.259426
26	3.022380
26	2.252685
26	2.196547
26	2.751800
26	2.346635
26	1.538618
26	2.691555
26	1.994437
26	4.118449
26	3.455139
26	2.710516
26	2.656461
26	2.070204
26	1.538945
26	2.887163
26	2.364360
26	2.659971
26	2.003620
26	3.765501
26	1.511785
26	2.783280
26	1.671163
26	2.133230
26	2.683855
26	1.867726
26	2.734750
26	2.290523
26	1.671882
26	2.495448
26	3.023395
26	1.843995
26	2.672514
26	2.643479
26	3.474650
26	2.866095
26	2.788595
26	2.288208
26	1.542469
26	2.670881
26	2.532357
26	1.821698
26	2.113921
26	2.184916
26	2.458438
26	1.978908
26	3.206197
26	2.449241
26	1.880648
26	2.910104
26	1.896430
26	3.642490
26	2.776020
26	2.980868
26	3.307328
26	1.761157
26	1.720286
26	2.915335
26	2.454437
26	4.168731
26	1.796375
26	2.925673
26	2.782377
26	2.889343
26	2.081463
26	2.301957
26	1.493437
26	3.535233
26	1.753238
26	3.147793
26	3.428096
26	1.709056
26	2.135124
26	1.986831
26	1.677095
26	2.194877
26	2.706102
26	3.362072
26	3.575768
26	3.030730
26	2.811450
26	2.289675
26	2.957530
26	3.114434
26	3.129249
26	1.769250
26	2.018741
26	2.628648
26	2.598523
26	2.933412
26	2.072575
26	1.936742
26	2.471013
26	2.139589
27	4.363718
27	2.494069
27	1.918106
27	2.558778
27	1.238821
27	2.294057
27	3.658554
27	1.537066
27	2.650522
27	2.760241
27	1.971312
27	2.935662
27	2.559462
27	1.728279
27	1.520572
27	2.461918
27	2.501850
27	3.390184
27	2.810510
27	1.511741
27	3.915370
27	2.148141
27	3.647457
27	1.499805
27	2.977754
27	2.170493
27	1.953565
27	1.410184
27	1.310514
27	2.537688
27	2.703062
27	2.580102
27	2.855950
27	2.646529
27	1.318439
27	2.327448
27	2.315852
27	2.546929
27	2.779934
27	2.129609
27	1.937964
27	3.674636
27	1.565720
27	1.644699
27	2.772903
27	2.634711
27	1.213678
27	2.984596
27	3.265807
27	1.680409
27	2.690788
27	3.044475
27	1.678635
27	2.565896
27	2.147085
27	2.956579
27	2.350590
27	2.549720
27	2.430108
27	2.843414
27	3.553564
27	3.046996
27	2.978456
27	2.472047
27	2.992111
27	2.679875
27	1.825966
27	2.666970
27	2.493561
27	2.576232
27	2.018430
27	2.455617
27	2.756543
27	1.695336
27	1.335514
27	2.358492
27	2.956461
27	2.335195
27	1.390474
27	4.110252
27	2.175397
27	2.099785
27	1.691022
27	1.451886
27	2.517453
27	2.186848
27	2.057249
27	3.290838
27	1.916624
27	2.848994
27	4.403090
27	2.014580
27	3.137980
27	3.358088
27	2.304295
27	2.070225
27	1.274031
27	3.647307
27	1.588822
27	3.666387
28	3.126724
28	3.686685
28	2.185395
28	1.879465
28	1.704786
28	1.990401
28	2.784687
28	3.400885
28	1.831995
28	2.820291
28	2.254495
28	3.623022
28	1.634923
28	1.527285
28	2.301397
28	3.401567
28	3.072203
28	1.025636
28	1.462217
28	3.174572
28	1.853534
28	3.001872
28	2.207928
28	2.905001
28	2.531617
28	2.481248
28	2.552223
28	4.263759
28	2.057047
28	1.813330
28	1.607857
28	3.357275
28	3.752659
28	1.622632
28	3.141460
28	2.566481
28	2.798928
28	2.995013
28	4.978707
28	2.017197
28	1.659968
28	3.582550
28	3.258513
28	1.642033
28	2.160846
28	2.551214
28	2.526240
28	2.156453
28	2.946524
28	2.629303
28	3.691802
28	2.534165
28	2.126052
28	3.743044
28	2.099353
28	2.307927
28	2.673563
28	2.888422
28	2.167521
28	3.206621
28	1.963740
28	2.503639
28	2.889445
28	2.625492
28	3.120909
28	3.143296
28	2.305512
28	3.045198
28	1.614910
28	2.712222
28	2.404343
28	2.882867
28	2.755178
28	2.183722
28	2.968830
28	3.350144
28	1.296470
28	2.508505
28	2.614368
28	1.945101
28	1.759643
28	2.559488
28	1.844827
28	2.822377
28	2.525218
28	3.258206
28	2.700537
28	2.270764
28	2.171610
28	1.951378
28	3.319143
28	1.682215
28	1.573372
28	2.431561
28	2.515523
28	2.026761
28	1.707792
28	1.405846
28	2.783465
28	2.225073
29	3.176898
29	2.608484
29	2.889425
29	1.822934
29	3.596605
29	0.951735
29	2.312100
29	2.460282
29	1.047833
29	2.282329
29	3.152899
29	3.516371
29	2.343863
29	1.693047
29	2.877560
29	0.946515
29	2.699720
29	1.704628
29	1.761948
29	2.232023
29	3.359512
29	1.506019
29	3.794544
29	1.957554
29	2.605610
29	2.958729
29	3.242019
29	3.082673
29	2.620735
29	2.388231
29	2.742059
29	3.390766
29	2.775722
29	2.044567
29	2.847260
29	3.108197
29	2.907121
29	2.424580
29	1.017809
29	2.171426
29	3.608238
29	2.952332
29	2.268011
29	3.397309
29	2.789571
29	2.128994
29	1.937688
29	1.741818
29	1.288376
29	3.227402
29	2.460274
29	1.750466
29	2.490385
29	2.449681
29	2.501443
29	0.812505
29	3.407915
29	1.277408
29	1.985485
29	1.161211
29	2.383472
29	2.543347
29	1.050887
29	2.816615
29	3.641960
29	2.839975
29	2.483121
29	2.630961
29	3.455727
29	2.049922
29	2.441250
29	2.133954
29	3.017135
29	2.996114
29	2.199422
29	3.375797
29	3.035169
29	3.120040
29	1.690980
29	2.455918
29	3.565688
29	2.135118
29	1.804825
29	2.082422
29	2.708401
29	2.337331
29	2.085898
29	1.731787
29	3.376688
29	1.840376
29	2.785438
29	2.238052
29	2.278522
29	2.524638
29	2.718796
29	2.028745
29	2.371429
29	3.440935
29	2.034246
29	2.903024
30	2.638857
30	3.879365
30	2.073122
30	3.394317
30	2.005246
30	3.299017
30	4.040531
30	2.300000
30	2.115413
30	2.176989
30	2.246559
30	1.990290
30	1.842028
30	2.710402
30	2.466329
30	2.482645
30	2.227506
30	1.088688
30	2.358255
30	3.609447
30	2.624017
30	1.366132
30	2.330280
30	2.379237
30	2.236520
30	1.380182
30	2.807948
30	3.595422
30	2.008217
30	3.052032
30	3.937616
30	3.004404
30	1.968550
30	3.088952
30	2.275957
30	2.233773
30	2.380069
30	2.384813
30	3.200328
30	2.836933
30	2.443819
30	3.159199
30	2.310026
30	2.341833
30	2.795821
30	2.906704
30	1.864641
30	3.193277
30	3.430395
30	2.623165
30	2.447705
30	1.394682
30	1.832734
30	3.896923
30	2.255968
30	2.536361
30	2.951799
30	2.566228
30	2.016705
30	1.783636
30	3.446247
30	2.157302
30	2.778395
30	2.002778
30	4.756332
30	3.058650
30	2.858203
30	1.876298
30	2.414044
30	1.760136
30	2.231032
30	2.441973
30	2.192066
30	3.917752
30	1.541419
30	2.472963
30	2.778753
30	2.753759
30	3.441267
30	1.336779
30	3.809735
30	1.328106
30	3.387278
30	2.980961
30	2.217075
30	3.494945
30	1.775378
30	2.611741
30	2.470644
30	2.397033
30	3.827701
30	1.650344
30	1.762717
30	3.690553
30	3.169169
30	1.527255
30	1.746213
30	2.034743
30	1.966529
30	2.129335
