1	0.134641
1	0.045187
1	0.056322
1	0.286507
1	0.056654
1	8.566141
1	0.167879
1	0.030705
1	3.698168
1	0.787718
1	10.454234
1	0.029582
1	0.032950
1	2.384467
1	0.165033
1	0.109816
1	0.650062
1	0.428106
1	0.029724
1	1.546951
1	0.352061
1	0.108729
1	0.045421
1	0.200691
1	0.602294
1	0.243558
1	0.340230
1	0.047108
1	0.214804
1	0.032606
1	0.947367
1	0.071300
1	0.111070
1	0.170736
1	0.047199
1	0.167451
1	0.140955
1	0.030501
1	0.058322
1	0.280653
1	0.028426
1	0.216123
1	0.495414
1	0.249851
1	0.151570
1	0.293956
1	0.133329
1	0.050439
1	0.172869
1	0.138492
1	2.240340
1	0.857177
1	0.042846
1	0.225852
1	0.000000
1	0.535059
1	0.179206
1	0.043885
1	0.101391
1	0.049678
1	0.124657
1	1.145072
1	0.027592
1	0.533286
1	0.523260
1	0.056957
1	2.519054
1	0.084043
1	0.127941
1	0.188813
1	0.099416
1	0.121860
1	0.032909
1	0.204775
1	3.248738
1	0.030194
1	0.154039
1	0.107760
1	0.084814
1	0.051166
1	1.982051
1	0.247496
1	0.869804
1	0.896250
1	1.201411
1	0.234390
1	0.455663
1	0.439256
1	1.040465
1	0.122377
1	0.694451
1	0.548633
1	1.280951
1	0.225585
1	0.060217
1	5.659971
1	0.375359
1	0.033170
1	0.297252
1	0.045282
2	1.294303
2	0.969487
2	0.064542
2	0.174781
2	0.430861
2	0.082394
2	0.210111
2	0.187644
2	0.185951
2	0.411053
2	0.107136
2	0.272730
2	0.857619
2	0.056763
2	0.897047
2	0.056206
2	0.213915
2	1.040355
2	0.199645
2	0.132572
2	0.279096
2	0.069115
2	0.337103
2	2.286388
2	0.309910
2	1.071288
2	0.058395
2	0.903933
2	0.262615
2	0.055319
2	0.866571
2	0.116785
2	0.139663
2	0.357519
2	0.164266
2	5.953143
2	0.159865
2	0.719675
2	0.105124
2	0.170281
2	2.475204
2	0.176607
2	0.094178
2	1.027423
2	0.087443
2	1.892407
2	0.497284
2	0.081362
2	0.860671
2	0.144495
2	0.985120
2	0.231589
2	0.234873
2	0.183161
2	0.930748
2	0.118112
2	0.045124
2	0.272224
2	1.164595
2	2.281034
2	0.165556
2	0.713016
2	0.054688
2	0.175153
2	0.472657
2	0.887784
2	0.309292
2	0.039281
2	0.156973
2	0.155339
2	0.490416
2	0.088410
2	1.242761
2	0.060024
2	0.656059
2	0.431644
2	0.386964
2	0.262000
2	0.612938
2	3.242280
2	2.085154
2	0.423552
2	0.264813
2	1.754335
2	2.711872
2	0.305479
2	0.279792
2	0.480036
2	0.370824
2	0.400026
2	0.117726
2	2.035687
2	0.123595
2	0.559783
2	0.518570
2	0.181387
2	0.176927
2	0.049349
2	0.126992
2	1.105655
3	0.080835
3	0.121955
3	0.190706
3	0.469286
3	1.211324
3	0.209545
3	0.213747
3	0.651818
3	0.798431
3	0.380896
3	0.218713
3	1.337497
3	0.238695
3	0.270762
3	0.991787
3	0.916690
3	0.933176
3	0.654833
3	0.292400
3	0.366177
3	0.282008
3	1.047171
3	0.667744
3	2.208534
3	0.470522
3	0.169752
3	0.335456
3	0.587906
3	0.627645
3	0.149840
3	0.627804
3	0.134996
3	1.553746
3	3.202224
3	0.436113
3	2.818389
3	1.068168
3	0.092481
3	0.031807
3	0.193205
3	0.147075
3	0.498043
3	0.106905
3	0.480410
3	0.705233
3	0.089184
3	0.200809
3	0.225566
3	0.951360
3	0.408447
3	0.106567
3	0.175959
3	0.084812
3	0.434616
3	0.899809
3	0.210752
3	0.283683
3	0.201496
3	0.750489
3	0.897067
3	0.150697
3	0.992273
3	1.125457
3	0.396104
3	0.080121
3	0.090850
3	0.380681
3	0.244371
3	0.080493
3	0.983780
3	0.150866
3	0.312961
3	0.305914
3	0.345478
3	0.424264
3	0.254041
3	1.047224
3	0.556925
3	0.835008
3	0.105732
3	0.229695
3	0.379501
3	0.204324
3	0.368450
3	0.130644
3	0.510050
3	0.960783
3	0.210299
3	0.326310
3	0.613300
3	0.103036
3	0.214137
3	0.103340
3	0.111832
3	0.116488
3	0.130992
3	0.737413
3	0.792035
3	0.226017
3	0.135984
4	0.270509
4	1.257335
4	0.182656
4	0.428208
4	0.751196
4	2.534481
4	0.439394
4	1.653603
4	1.497122
4	1.278731
4	0.655218
4	0.112209
4	0.275132
4	0.488349
4	0.459505
4	0.766356
4	0.601011
4	1.626540
4	0.271227
4	0.889983
4	0.247250
4	0.539412
4	0.188222
4	0.180531
4	0.284524
4	0.170045
4	0.811069
4	0.379526
4	0.162050
4	0.233430
4	0.446276
4	0.729931
4	0.325493
4	1.725794
4	0.852824
4	0.188723
4	0.422347
4	0.305825
4	0.156357
4	0.105105
4	0.427023
4	0.207799
4	0.118258
4	0.102642
4	2.876969
4	0.892663
4	0.189096
4	1.723615
4	0.131268
4	0.187548
4	0.265783
4	0.266591
4	0.488420
4	0.679815
4	0.277946
4	0.675198
4	0.141703
4	0.335679
4	0.417201
4	0.103350
4	0.159429
4	0.988652
4	0.177936
4	0.200321
4	0.584881
4	0.123948
4	0.633783
4	1.011998
4	0.074620
4	0.071467
4	0.153645
4	0.334564
4	0.079373
4	1.064510
4	0.070651
4	0.146923
4	0.294825
4	0.701452
4	1.390801
4	0.071081
4	0.248959
4	0.123947
4	0.325859
4	0.101801
4	1.134103
4	0.354783
4	0.091171
4	0.417804
4	0.531733
4	0.586547
4	0.960052
4	0.226028
4	0.396328
4	0.500160
4	1.018456
4	0.384462
4	0.201035
4	0.349100
4	1.032353
4	0.669833
5	0.207929
5	0.417748
5	0.275638
5	1.372866
5	0.146461
5	0.381784
5	0.144738
5	0.156806
5	1.011098
5	0.166824
5	0.531660
5	0.452019
5	0.225378
5	0.219735
5	0.313733
5	0.516275
5	1.015019
5	0.670297
5	0.516481
5	0.126753
5	0.127329
5	0.886294
5	0.578628
5	0.135074
5	0.248360
5	1.059460
5	0.140043
5	0.161627
5	0.492717
5	0.526764
5	0.257155
5	1.511995
5	0.689329
5	0.214833
5	0.101618
5	0.653791
5	0.505045
5	0.160281
5	1.037726
5	0.530595
5	0.456533
5	0.299414
5	0.141334
5	0.311807
5	0.667132
5	0.179389
5	0.124447
5	0.730034
5	0.628118
5	0.633727
5	0.323338
5	0.451530
5	0.344647
5	0.203882
5	0.475604
5	0.820612
5	0.661348
5	0.159329
5	0.697560
5	0.251138
5	0.597529
5	0.401459
5	0.468637
5	0.506437
5	0.279232
5	0.265071
5	0.689916
5	0.687279
5	0.184438
5	1.033718
5	0.554697
5	0.126719
5	0.668208
5	0.761939
5	0.653863
5	0.113699
5	0.218726
5	0.559436
5	0.454514
5	0.169271
5	0.471781
5	0.432877
5	0.084488
5	0.603289
5	0.567162
5	0.437831
5	0.141993
5	0.171143
5	1.084620
5	0.883936
5	1.248237
5	0.497641
5	0.303252
5	0.112353
5	0.210425
5	0.359913
5	0.320720
5	0.225559
5	0.499239
5	0.235690
6	0.318844
6	0.578178
6	0.588804
6	0.716412
6	0.210292
6	0.137443
6	0.124744
6	0.571903
6	0.356965
6	0.336813
6	0.552197
6	0.296414
6	0.455663
6	0.484296
6	0.863998
6	0.390318
6	0.198023
6	0.417368
6	0.146950
6	0.192011
6	0.439062
6	0.236346
6	0.368514
6	0.144365
6	1.054439
6	0.220885
6	0.240006
6	0.154774
6	0.263242
6	0.722390
6	0.631924
6	0.340726
6	0.583401
6	0.420333
6	1.325715
6	0.260408
6	0.433619
6	0.370430
6	1.401010
6	0.148148
6	0.249672
6	0.445876
6	0.272884
6	0.157539
6	0.137569
6	0.414248
6	0.282141
6	0.127817
6	0.420725
6	0.381596
6	0.124975
6	0.112101
6	0.098533
6	0.138967
6	0.357744
6	0.419900
6	0.738263
6	0.386060
6	0.209272
6	0.217907
6	0.425749
6	0.181181
6	0.228194
6	0.758452
6	0.787672
6	0.379338
6	0.592957
6	0.398916
6	0.905729
6	0.487652
6	1.372184
6	0.302881
6	0.051480
6	0.232200
6	0.415769
6	0.240762
6	2.207855
6	0.065388
6	0.363758
6	0.792947
6	0.653712
6	0.520418
6	0.676964
6	0.297337
6	0.782616
6	0.859560
6	0.439459
6	0.446021
6	0.209975
6	1.402103
6	0.196987
6	0.851647
6	0.790368
6	0.234854
6	0.998265
6	0.197245
6	0.575012
6	0.123154
6	0.941462
6	0.224360
7	0.323154
7	0.218395
7	0.793021
7	0.125130
7	0.425247
7	0.461031
7	0.438431
7	0.491580
7	0.598622
7	0.488444
7	0.376504
7	0.480989
7	2.432889
7	0.077513
7	0.241291
7	0.612457
7	0.462875
7	1.577374
7	0.272466
7	0.114665
7	1.240168
7	1.280371
7	0.562345
7	1.281567
7	0.307729
7	0.270798
7	0.159124
7	0.219031
7	0.204894
7	0.794798
7	1.047778
7	0.302107
7	0.353773
7	0.475771
7	0.703445
7	0.638847
7	0.141873
7	0.406189
7	0.243035
7	0.384219
7	0.591950
7	0.340464
7	0.191225
7	0.927104
7	0.589894
7	1.191537
7	0.480433
7	0.175797
7	0.161592
7	0.308619
7	0.257489
7	0.664702
7	0.456970
7	0.312287
7	0.285389
7	0.386352
7	0.168823
7	0.505171
7	0.119048
7	0.830870
7	0.518392
7	0.437269
7	0.284195
7	0.719547
7	0.777587
7	0.319770
7	0.432744
7	0.502976
7	0.317891
7	0.590809
7	0.227882
7	0.535085
7	0.146559
7	0.310065
7	0.664011
7	0.653032
7	0.239723
7	0.566347
7	0.101200
7	0.446019
7	0.470490
7	0.672675
7	0.298658
7	1.353385
7	0.951243
7	0.420002
7	0.390405
7	0.181544
7	0.458896
7	0.227493
7	0.394466
7	0.288758
7	0.726905
7	0.506798
7	0.168217
7	0.614367
7	0.717179
7	0.525753
7	0.190427
7	0.456049
8	0.198523
8	0.231990
8	0.133718
8	0.198351
8	1.541484
8	1.133201
8	0.465100
8	0.364329
8	0.860832
8	0.271052
8	0.540663
8	0.726600
8	0.330900
8	1.329659
8	0.358795
8	0.575618
8	0.518795
8	1.038412
8	0.337086
8	0.573569
8	0.224653
8	0.194471
8	0.490503
8	0.173131
8	0.346184
8	0.746927
8	0.236549
8	0.363374
8	0.313672
8	0.841940
8	0.660031
8	0.169835
8	0.505808
8	0.764623
8	0.420290
8	0.180129
8	1.303323
8	0.418096
8	0.700650
8	0.304544
8	0.242612
8	0.949399
8	0.770918
8	0.632410
8	0.475182
8	0.115783
8	0.428908
8	0.413079
8	0.396957
8	0.871894
8	0.381497
8	0.647817
8	0.528894
8	1.015055
8	0.444753
8	0.214951
8	0.254897
8	0.815138
8	0.436396
8	1.412229
8	0.436923
8	0.783118
8	0.609343
8	0.980037
8	0.353870
8	1.806762
8	0.463372
8	0.739366
8	0.734202
8	0.571765
8	0.232598
8	0.743317
8	0.108074
8	0.176085
8	0.351716
8	0.346199
8	0.153534
8	0.413863
8	0.659222
8	0.550743
8	0.583514
8	1.064337
8	0.577445
8	0.350974
8	0.121761
8	0.327882
8	0.597512
8	0.262951
8	0.724476
8	0.684378
8	1.167682
8	0.237468
8	0.608852
8	0.369715
8	0.351646
8	0.561011
8	1.330581
8	0.314272
8	0.566151
8	0.135728
9	0.306569
9	0.148135
9	0.240047
9	0.541345
9	0.545326
9	0.355189
9	0.715557
9	1.103127
9	0.519464
9	0.195869
9	1.283659
9	0.470342
9	0.765463
9	1.260743
9	0.487306
9	0.556348
9	0.813469
9	0.785696
9	1.066994
9	0.609662
9	2.170698
9	0.417342
9	0.460532
9	0.904663
9	0.842738
9	0.303994
9	0.476056
9	0.690181
9	0.562214
9	0.764701
9	0.615980
9	0.559897
9	0.548182
9	0.567383
9	0.873778
9	0.174373
9	0.452576
9	0.394342
9	0.528083
9	0.426724
9	0.307109
9	0.207997
9	2.009489
9	0.653637
9	0.446889
9	0.419249
9	2.131160
9	0.561086
9	0.528505
9	0.514875
9	0.139199
9	0.411872
9	0.624006
9	0.520056
9	0.262937
9	0.541373
9	0.381992
9	0.382934
9	0.092363
9	0.272164
9	0.663450
9	0.300455
9	0.401018
9	0.490436
9	0.648627
9	0.497166
9	0.264070
9	0.509638
9	1.024644
9	0.162293
9	0.327655
9	0.479266
9	1.041419
9	0.726665
9	0.148094
9	0.244437
9	0.477098
9	0.666238
9	0.334072
9	0.250636
9	0.651752
9	0.338025
9	0.321130
9	0.152642
9	0.774423
9	0.877976
9	0.567925
9	0.776262
9	0.352796
9	0.305301
9	0.323058
9	0.733849
9	0.760896
9	0.552949
9	0.822786
9	1.447615
9	0.200549
9	1.271089
9	0.583165
9	0.143733
10	0.348015
10	0.776558
10	0.518042
10	0.945303
10	1.451332
10	1.400161
10	0.895324
10	0.336210
10	0.928431
10	1.380059
10	1.086515
10	0.510974
10	0.756094
10	0.394052
10	0.332776
10	0.884418
10	0.175491
10	0.309866
10	0.982479
10	1.242387
10	0.639921
10	0.506999
10	0.776753
10	0.867287
10	0.875507
10	0.988119
10	0.860863
10	0.242776
10	0.998053
10	0.775980
10	0.498028
10	0.294729
10	0.377625
10	0.715239
10	0.190489
10	0.375616
10	0.735324
10	0.413522
10	1.534310
10	0.227798
10	0.162262
10	0.541591
10	0.356095
10	0.355764
10	0.430526
10	0.432445
10	0.603822
10	0.621948
10	0.619472
10	0.369323
10	0.612164
10	0.766532
10	1.234682
10	0.100201
10	0.968517
10	1.976697
10	0.349973
10	0.594820
10	0.413553
10	0.666855
10	0.184929
10	0.279238
10	0.717932
10	0.552843
10	0.816248
10	0.558978
10	0.425860
10	0.133216
10	0.751217
10	0.913133
10	0.679415
10	0.412292
10	0.389755
10	0.323153
10	0.501607
10	1.002536
10	0.613317
10	0.148959
10	0.722904
10	0.724568
10	0.533222
10	0.426311
10	0.415531
10	1.149177
10	0.396582
10	0.271816
10	0.264675
10	2.156836
10	0.234735
10	0.616664
10	0.249536
10	0.341824
10	0.127256
10	0.625590
10	0.791116
10	1.010547
10	1.089709
10	0.288903
10	0.164278
10	0.438216
11	0.800254
11	0.806829
11	0.993761
11	0.576960
11	1.576278
11	0.629896
11	0.088023
11	0.443703
11	0.732130
11	0.192289
11	0.393193
11	0.492956
11	0.616182
11	0.607620
11	0.635351
11	0.616178
11	0.260048
11	1.333703
11	0.402099
11	0.406159
11	0.887593
11	0.381034
11	0.525053
11	0.525027
11	0.574904
11	0.687195
11	0.774840
11	0.595351
11	0.151310
11	0.466621
11	0.134973
11	0.247611
11	0.663866
11	0.291904
11	0.177761
11	0.499662
11	0.895015
11	0.662666
11	0.795416
11	0.987139
11	0.146189
11	0.164284
11	0.704093
11	0.648960
11	0.775136
11	0.523770
11	0.153173
11	0.806174
11	0.531648
11	0.593365
11	0.362273
11	0.348810
11	0.356159
11	0.581175
11	0.403735
11	0.673497
11	0.449268
11	0.408969
11	0.336489
11	0.363745
11	0.864988
11	0.475506
11	0.836919
11	0.624277
11	0.677759
11	0.640737
11	0.917829
11	0.935373
11	0.836344
11	0.886038
11	1.582429
11	0.805297
11	1.081436
11	0.518124
11	0.485475
11	0.961198
11	0.528823
11	0.549421
11	0.239388
11	0.390092
11	1.320568
11	0.520413
11	0.709252
11	0.645875
11	0.612354
11	0.550718
11	1.044737
11	1.860622
11	0.697257
11	0.348787
11	0.405883
11	0.949307
11	0.338436
11	0.254097
11	0.585013
11	0.175897
11	1.395730
11	0.204275
11	1.499278
11	0.189788
12	0.855896
12	0.886367
12	0.969570
12	0.540320
12	0.602047
12	0.385489
12	0.856750
12	0.519903
12	0.252744
12	0.515609
12	0.237663
12	0.284666
12	1.260002
12	0.542582
12	0.775660
12	1.261948
12	0.124955
12	1.555381
12	0.581404
12	0.683576
12	0.897907
12	0.364528
12	0.376661
12	2.844653
12	0.605668
12	0.864311
12	0.134277
12	1.010434
12	0.417796
12	0.629392
12	0.800520
12	1.202783
12	0.213016
12	0.684675
12	0.384958
12	0.409500
12	0.490567
12	0.595288
12	1.167745
12	0.578996
12	0.368426
12	0.858535
12	0.966662
12	0.995802
12	1.319209
12	1.006630
12	0.537578
12	1.446250
12	0.248810
12	0.744992
12	0.896189
12	1.973078
12	0.672594
12	0.480681
12	0.387923
12	0.389716
12	0.581937
12	0.366094
12	0.559587
12	0.393787
12	0.249132
12	0.344049
12	0.872516
12	0.115827
12	0.519868
12	1.560954
12	0.539553
12	0.832797
12	0.497793
12	0.753329
12	0.599302
12	0.650042
12	1.224427
12	0.505857
12	0.217112
12	0.206844
12	0.757843
12	0.349325
12	0.180820
12	0.948749
12	1.383497
12	0.937355
12	0.645401
12	0.302672
12	0.829295
12	0.786467
12	0.276905
12	0.438538
12	0.163940
12	0.344588
12	0.917977
12	0.739097
12	0.456509
12	0.488076
12	0.670483
12	0.327194
12	0.350451
12	0.394511
12	0.559438
12	0.394921
13	0.425327
13	0.436438
13	0.328735
13	0.689332
13	1.280248
13	0.201345
13	0.971978
13	0.649074
13	0.094082
13	1.160152
13	0.797817
13	1.027541
13	0.867716
13	0.325765
13	2.472715
13	0.460429
13	0.753752
13	0.517233
13	0.779595
13	0.752278
13	0.992183
13	0.311435
13	0.423639
13	1.592428
13	1.942925
13	0.833035
13	0.304718
13	1.713478
13	0.293962
13	0.640694
13	0.740995
13	0.167923
13	0.666364
13	1.293110
13	0.309706
13	0.582336
13	0.875162
13	0.659206
13	0.726704
13	2.100405
13	0.464647
13	0.360558
13	1.189440
13	1.037422
13	0.701937
13	0.399796
13	0.638403
13	0.397327
13	0.726128
13	0.998057
13	0.445443
13	0.553274
13	0.863738
13	0.309700
13	0.601806
13	0.777359
13	0.622471
13	0.464577
13	0.276300
13	0.522152
13	0.738762
13	0.653687
13	0.590995
13	0.876197
13	0.419928
13	0.462289
13	0.798913
13	0.245326
13	0.536591
13	1.268085
13	0.813374
13	0.431965
13	0.458811
13	0.656675
13	2.172003
13	0.613543
13	0.578378
13	0.498437
13	0.339077
13	0.519186
13	1.000636
13	0.228149
13	0.850901
13	0.927504
13	0.664984
13	0.916286
13	0.603476
13	0.713507
13	0.427237
13	0.381487
13	1.032657
13	0.944983
13	0.489132
13	0.183812
13	0.891012
13	0.589652
13	0.495795
13	0.341840
13	0.348518
13	0.433364
14	1.064855
14	0.860135
14	0.226082
14	1.047358
14	0.690910
14	1.102089
14	0.741486
14	1.261223
14	0.454792
14	0.915110
14	0.232962
14	0.404529
14	0.963082
14	0.330322
14	0.719243
14	0.520466
14	0.905649
14	0.579164
14	0.757271
14	1.180513
14	0.523967
14	1.211387
14	0.948108
14	0.684803
14	0.876707
14	0.563679
14	0.786966
14	0.739169
14	0.536581
14	0.582916
14	1.252377
14	0.806617
14	0.867057
14	0.659231
14	0.310546
14	0.366544
14	1.222788
14	1.340435
14	0.349697
14	0.475093
14	0.518125
14	0.510288
14	0.823471
14	1.107399
14	0.229193
14	0.492392
14	0.933795
14	0.524802
14	0.403913
14	1.408106
14	0.216485
14	0.361720
14	1.033036
14	0.988958
14	0.544779
14	0.684016
14	0.593586
14	0.500818
14	0.246965
14	0.657313
14	0.574997
14	0.541729
14	0.422704
14	0.789274
14	0.317846
14	0.519893
14	0.843776
14	0.506677
14	0.686667
14	0.843048
14	0.623890
14	0.823354
14	0.704061
14	0.188611
14	0.873013
14	0.406761
14	0.785773
14	0.688742
14	0.835980
14	0.301387
14	0.496032
14	1.358882
14	0.682910
14	0.928231
14	0.752662
14	0.665060
14	1.007492
14	0.956173
14	0.490915
14	0.598543
14	1.349449
14	1.083161
14	1.451790
14	0.312018
14	0.857027
14	0.644861
14	0.776099
14	0.539290
14	0.322822
14	1.175569
15	0.469772
15	0.744206
15	0.961589
15	0.292198
15	0.332728
15	0.663679
15	0.698433
15	0.766026
15	0.450844
15	0.902003
15	1.556283
15	1.360118
15	0.419960
15	0.984023
15	1.676172
15	0.591057
15	0.543589
15	0.395050
15	0.855636
15	0.537563
15	1.109201
15	1.047759
15	1.004288
15	0.510345
15	0.233188
15	2.358769
15	1.191935
15	0.668936
15	0.914683
15	2.041083
15	0.529103
15	0.772757
15	1.059226
15	0.565679
15	0.691700
15	0.684648
15	1.212919
15	0.470071
15	0.959262
15	1.537215
15	1.036350
15	0.789353
15	0.715357
15	1.030426
15	0.413455
15	0.467972
15	0.351994
15	1.534679
15	1.085507
15	0.299087
15	0.618781
15	1.189712
15	0.305111
15	0.602192
15	1.076564
15	0.522992
15	0.470893
15	1.214748
15	0.359328
15	0.506819
15	0.247259
15	0.372170
15	1.015311
15	1.680000
15	0.571640
15	0.929637
15	0.734142
15	0.739290
15	0.732923
15	0.613389
15	0.351690
15	0.924886
15	0.790629
15	0.355169
15	0.682409
15	1.076855
15	1.398845
15	0.285542
15	1.133124
15	0.632662
15	0.992077
15	0.540701
15	0.376692
15	0.574291
15	0.951554
15	1.489841
15	0.440964
15	1.203072
15	0.968296
15	1.266468
15	0.713117
15	0.722932
15	1.892860
15	0.652698
15	0.976391
15	0.590466
15	0.841017
15	1.588029
15	0.458958
15	0.286764
16	0.367870
16	0.860566
16	0.216908
16	0.393009
16	0.685216
16	0.724266
16	0.240509
16	0.302816
16	0.398316
16	0.645125
16	1.076123
16	0.616623
16	1.067290
16	1.310828
16	1.516531
16	0.876434
16	0.280683
16	0.663369
16	1.552343
16	1.420513
16	1.126115
16	0.929810
16	0.503885
16	0.307018
16	0.811262
16	0.465813
16	1.438730
16	0.544984
16	0.696978
16	0.388546
16	1.189045
16	0.641461
16	0.345605
16	0.170138
16	2.459903
16	0.898910
16	0.775651
16	0.838740
16	0.772945
16	0.553081
16	1.201277
16	1.500693
16	1.014014
16	0.773334
16	0.635534
16	0.473190
16	0.537949
16	0.259350
16	0.812181
16	1.450492
16	0.326996
16	1.605420
16	0.371160
16	0.417950
16	0.571824
16	0.766105
16	0.750797
16	0.424228
16	0.896807
16	0.449063
16	0.454309
16	0.593423
16	0.512154
16	0.302266
16	1.183206
16	0.870364
16	0.633557
16	0.779775
16	1.015719
16	0.650769
16	0.746434
16	1.038039
16	0.514214
16	0.471167
16	0.565336
16	0.599608
16	0.764919
16	0.556691
16	0.920970
16	1.073553
16	0.682244
16	1.454901
16	0.939361
16	0.490087
16	0.911930
16	1.077048
16	0.790468
16	0.715373
16	1.054960
16	0.640909
16	1.185870
16	1.092109
16	1.118885
16	0.658117
16	0.409007
16	0.764228
16	0.673583
16	0.990026
16	1.121176
16	1.183072
17	0.734677
17	1.083623
17	0.693898
17	0.380174
17	0.386110
17	1.238569
17	0.677823
17	0.355527
17	0.524211
17	0.653759
17	0.867606
17	0.964971
17	0.809111
17	0.858910
17	0.968871
17	0.950423
17	0.995947
17	1.066484
17	0.957520
17	0.604135
17	0.602386
17	1.024086
17	0.575882
17	2.474469
17	0.453018
17	1.079224
17	1.048276
17	0.726028
17	0.642654
17	0.663002
17	0.502113
17	0.943015
17	0.648770
17	0.897479
17	0.409315
17	0.765903
17	0.536561
17	0.873339
17	0.473734
17	0.634409
17	0.685037
17	0.344045
17	0.741482
17	0.985491
17	0.528629
17	1.167813
17	0.810013
17	0.912152
17	0.711741
17	0.945343
17	0.371446
17	1.372492
17	0.343932
17	1.294144
17	0.381195
17	0.865305
17	1.369797
17	0.510771
17	0.761713
17	0.852861
17	0.609193
17	0.704858
17	0.755234
17	1.093525
17	0.539088
17	1.385249
17	0.943423
17	1.492797
17	0.644710
17	0.900204
17	1.052507
17	1.298121
17	1.018636
17	0.660202
17	1.027777
17	0.200951
17	0.495645
17	0.753695
17	1.051017
17	0.501538
17	1.145328
17	0.194983
17	0.535410
17	0.924427
17	0.853570
17	0.814196
17	0.419653
17	0.713025
17	0.972470
17	0.914019
17	1.067546
17	0.815411
17	1.147377
17	0.885895
17	0.717571
17	2.098540
17	1.002821
17	0.940193
17	0.496903
17	0.501095
18	0.977418
18	1.047940
18	0.749531
18	0.733019
18	1.186289
18	1.042213
18	0.727984
18	0.916631
18	0.563876
18	0.632643
18	1.060698
18	0.796314
18	0.639212
18	0.485827
18	1.079621
18	1.285429
18	0.939727
18	0.575783
18	0.628859
18	0.622644
18	0.891758
18	0.874789
18	0.792971
18	0.423995
18	0.907231
18	1.191147
18	0.505369
18	0.491660
18	0.431136
18	0.715071
18	0.442674
18	0.864566
18	0.807651
18	1.317141
18	0.825330
18	0.535708
18	0.709635
18	0.460906
18	0.492821
18	0.241961
18	0.375810
18	0.816069
18	1.069432
18	1.524933
18	0.378017
18	0.604163
18	0.614231
18	0.718419
18	0.866766
18	0.325026
18	0.845736
18	1.239443
18	0.691374
18	0.781993
18	0.516497
18	0.755218
18	0.619738
18	1.233933
18	0.625395
18	0.514977
18	0.720262
18	0.627614
18	0.937629
18	0.815523
18	0.563773
18	0.323706
18	0.801479
18	0.256274
18	0.620158
18	1.633216
18	2.066623
18	0.672425
18	1.592568
18	1.757413
18	0.634477
18	0.681997
18	1.485169
18	0.700807
18	0.751100
18	0.538484
18	1.730927
18	1.110568
18	1.387963
18	1.640212
18	1.492708
18	0.575678
18	0.759462
18	1.103522
18	0.801036
18	0.352386
18	0.810270
18	1.610841
18	0.616115
18	0.835862
18	0.586287
18	0.442774
18	0.505289
18	1.139456
18	0.714964
18	0.992825
19	1.492962
19	0.681345
19	0.548154
19	0.394828
19	0.347927
19	1.049459
19	1.141590
19	0.915880
19	0.507549
19	0.182355
19	0.366547
19	1.396251
19	0.765460
19	2.102424
19	0.702912
19	0.776451
19	1.400596
19	0.801213
19	1.527394
19	2.360156
19	1.483174
19	1.334580
19	1.346439
19	0.459735
19	0.445236
19	0.716838
19	1.279644
19	0.859053
19	1.069963
19	0.796741
19	0.431757
19	0.793948
19	0.723337
19	0.932682
19	0.853954
19	0.993178
19	1.474132
19	0.969994
19	0.361935
19	1.297538
19	0.568634
19	0.657065
19	0.982372
19	0.466126
19	1.131178
19	1.243158
19	1.479366
19	1.029773
19	0.374979
19	0.490069
19	0.672430
19	0.473592
19	0.788264
19	0.609418
19	0.446281
19	1.243389
19	0.597369
19	0.512054
19	1.182072
19	0.608617
19	1.639470
19	1.106906
19	0.684266
19	0.729566
19	0.683293
19	0.614951
19	0.462794
19	1.086707
19	0.847549
19	0.725018
19	0.632289
19	1.089114
19	0.595221
19	2.230646
19	0.983054
19	1.080833
19	0.963127
19	0.923708
19	0.772149
19	1.034690
19	0.955469
19	1.118570
19	0.294483
19	0.927214
19	1.245529
19	0.765665
19	1.078650
19	0.596404
19	0.609151
19	0.987002
19	1.072342
19	0.327386
19	1.744578
19	0.374977
19	0.618075
19	0.759886
19	0.948145
19	1.497890
19	1.263183
19	0.477242
20	1.307722
20	0.581900
20	1.344384
20	1.450795
20	0.557586
20	1.107559
20	0.943207
20	1.063817
20	1.986800
20	0.515185
20	0.744740
20	0.297023
20	0.928665
20	1.283434
20	1.674461
20	0.699552
20	0.747353
20	0.372547
20	1.139276
20	1.034711
20	0.778603
20	0.890066
20	0.513156
20	1.637187
20	1.182735
20	0.701595
20	0.530617
20	0.775120
20	2.163143
20	0.761949
20	0.360055
20	1.089299
20	0.646105
20	0.707996
20	1.079460
20	0.895085
20	3.056987
20	1.369192
20	0.645204
20	0.434441
20	0.788377
20	0.937028
20	0.627901
20	0.444140
20	0.413698
20	1.630318
20	0.700008
20	1.016524
20	1.036008
20	0.530645
20	1.133492
20	1.019156
20	0.672170
20	0.249274
20	0.893731
20	0.740643
20	0.926346
20	0.962850
20	1.133106
20	1.087369
20	1.197464
20	1.152642
20	1.469870
20	0.881102
20	0.611487
20	0.653611
20	1.078244
20	1.161741
20	0.287640
20	1.776201
20	0.608513
20	0.842262
20	1.628439
20	1.315367
20	1.801468
20	0.771703
20	1.163681
20	0.580561
20	0.690703
20	0.772618
20	0.997239
20	1.283649
20	0.647443
20	0.996574
20	0.718906
20	0.536226
20	1.521536
20	1.835842
20	0.502951
20	0.943689
20	1.373425
20	0.840535
20	0.512794
20	1.227305
20	1.258660
20	0.912769
20	0.790160
20	0.993631
20	0.901269
20	0.448522
21	1.085070
21	0.665281
21	1.310960
21	0.647317
21	0.771700
21	1.450954
21	0.471968
21	1.128363
21	0.617351
21	1.288366
21	1.555594
21	0.740959
21	0.341364
21	0.180894
21	0.685886
21	0.155972
21	0.637277
21	0.331688
21	0.882615
21	1.099040
21	0.891449
21	0.746711
21	1.298880
21	1.054961
21	0.700909
21	1.224201
21	1.403266
21	0.366052
21	0.973578
21	0.397030
21	0.950905
21	0.730381
21	0.790421
21	0.858735
21	0.654356
21	0.632826
21	0.621640
21	0.586022
21	0.815502
21	0.614799
21	0.439126
21	1.304378
21	0.947944
21	1.018297
21	1.020715
21	1.159214
21	0.490609
21	0.610130
21	0.583430
21	1.336308
21	1.082802
21	0.522672
21	1.017295
21	0.980867
21	0.496646
21	1.085996
21	0.675745
21	0.624569
21	0.419247
21	0.594436
21	0.689574
21	1.079475
21	1.077444
21	0.807560
21	0.352751
21	0.865644
21	0.668156
21	1.594643
21	0.736737
21	1.147213
21	1.027641
21	1.494256
21	0.505214
21	0.496875
21	0.910607
21	1.063057
21	1.022113
21	0.461175
21	0.787939
21	1.079458
21	0.646752
21	0.912832
21	0.691343
21	1.103462
21	0.812244
21	0.730260
21	0.508693
21	0.657609
21	0.736874
21	0.849106
21	0.979154
21	1.489161
21	0.439687
21	0.980318
21	0.969431
21	1.312788
21	0.797570
21	0.440473
21	0.674924
21	0.548949
22	0.321532
22	0.550832
22	0.658417
22	0.754327
22	1.682177
22	0.845735
22	0.449123
22	0.555396
22	0.756818
22	1.236539
22	0.165360
22	1.740414
22	0.466007
22	0.740493
22	1.022024
22	0.836966
22	1.189007
22	0.502605
22	0.889124
22	1.332072
22	1.021273
22	0.915697
22	0.798873
22	0.770711
22	0.921914
22	0.154569
22	0.513104
22	1.134612
22	0.793782
22	1.179640
22	0.811545
22	0.795744
22	0.344755
22	1.386746
22	0.788874
22	1.021751
22	0.832763
22	1.349876
22	0.987904
22	1.766714
22	0.533164
22	0.790745
22	0.905340
22	0.953851
22	1.006434
22	1.005859
22	0.552902
22	1.491250
22	0.606931
22	0.699462
22	0.606578
22	0.753100
22	1.107951
22	0.786383
22	0.716166
22	0.989131
22	1.429707
22	1.350185
22	0.723503
22	0.413490
22	0.708920
22	0.362975
22	0.592471
22	1.963770
22	1.163193
22	0.679609
22	0.566507
22	0.861131
22	0.842388
22	0.429067
22	1.644830
22	1.427500
22	1.023836
22	0.745190
22	0.896763
22	1.383073
22	0.934128
22	1.698825
22	0.761397
22	0.474004
22	0.670808
22	1.383653
22	0.296388
22	0.806585
22	0.726011
22	0.952041
22	1.369448
22	0.704968
22	0.493298
22	0.723904
22	0.750138
22	0.948454
22	0.720408
22	1.034418
22	2.509429
22	1.891639
22	0.936506
22	0.661956
22	0.557129
22	1.169385
23	0.537719
23	0.978022
23	1.214481
23	0.928542
23	0.733342
23	0.782247
23	0.431657
23	0.849409
23	0.733385
23	1.205329
23	0.870882
23	0.787900
23	1.055774
23	0.601214
23	0.952974
23	0.970113
23	0.465243
23	0.854525
23	0.849572
23	1.295450
23	0.501378
23	0.765113
23	0.861203
23	0.997904
23	1.029409
23	0.421777
23	0.457054
23	0.605086
23	0.554546
23	0.523712
23	1.380994
23	1.156407
23	1.070682
23	0.437893
23	0.735125
23	0.552294
23	0.830807
23	1.257552
23	0.849340
23	1.135528
23	1.070482
23	1.859442
23	1.037016
23	0.953089
23	0.656878
23	1.055190
23	1.228940
23	0.619903
23	0.833631
23	1.213728
23	1.083380
23	1.110442
23	1.307672
23	0.972943
23	0.600126
23	0.987844
23	0.841253
23	1.355036
23	0.603667
23	0.877918
23	1.017910
23	0.381596
23	0.991598
23	0.819746
23	0.940437
23	0.975914
23	0.934249
23	1.545970
23	1.214327
23	1.157904
23	0.700695
23	1.047339
23	0.713570
23	0.844277
23	0.829435
23	0.728368
23	0.700461
23	1.036263
23	0.827162
23	1.308338
23	2.033430
23	0.683189
23	1.758464
23	0.896595
23	0.948478
23	0.861769
23	0.553130
23	1.109551
23	1.258634
23	1.547820
23	1.369898
23	0.654510
23	0.653397
23	0.986016
23	0.642697
23	0.821227
23	1.335571
23	2.064198
23	0.962069
23	1.628036
24	1.142760
24	0.988301
24	1.430434
24	0.909304
24	0.617364
24	0.230571
24	0.424264
24	0.659169
24	1.307459
24	1.152019
24	1.550658
24	0.904491
24	0.603385
24	1.217219
24	0.843972
24	0.870925
24	0.744920
24	1.546145
24	0.524255
24	0.923108
24	0.974229
24	0.798400
24	0.370861
24	0.869244
24	1.400169
24	0.717217
24	1.096880
24	0.684779
24	0.889249
24	0.946236
24	0.811905
24	0.414057
24	0.888166
24	0.614647
24	0.540793
24	0.357437
24	0.920877
24	0.599222
24	0.915708
24	1.475000
24	0.858933
24	0.959879
24	0.694350
24	1.216994
24	1.173727
24	1.081133
24	1.030959
24	0.950267
24	0.593646
24	0.472005
24	1.495628
24	1.402925
24	0.703076
24	1.575136
24	1.400316
24	1.115967
24	1.225059
24	0.725472
24	0.968642
24	0.692859
24	1.254547
24	0.423958
24	0.485795
24	1.283459
24	1.026214
24	0.982637
24	0.618222
24	0.496134
24	0.453646
24	1.104978
24	0.879847
24	0.374144
24	1.116152
24	0.935160
24	0.433603
24	1.098831
24	0.427981
24	0.724317
24	0.750048
24	1.520829
24	0.612864
24	0.688916
24	0.893530
24	0.644306
24	0.626744
24	1.435609
24	0.500135
24	0.730433
24	1.090198
24	1.464840
24	0.966684
24	0.489582
24	0.827513
24	1.242279
24	1.031141
24	0.764529
24	0.772762
24	1.230759
24	1.009190
24	1.113476
25	1.068739
25	0.762767
25	0.532849
25	0.644836
25	1.266357
25	1.336395
25	1.178802
25	0.785146
25	0.557797
25	0.682681
25	1.112308
25	0.723227
25	0.705071
25	1.525500
25	0.734616
25	0.477290
25	0.628938
25	1.190285
25	0.934903
25	0.584046
25	0.944146
25	0.312462
25	1.230303
25	1.047633
25	0.570002
25	1.238000
25	1.025042
25	1.078981
25	1.454260
25	0.572376
25	0.456995
25	0.481204
25	1.091194
25	1.136042
25	0.795068
25	1.062026
25	0.654558
25	0.938713
25	1.043987
25	1.524210
25	1.065898
25	1.254931
25	0.959552
25	0.941412
25	0.717163
25	0.881430
25	0.992372
25	1.403972
25	1.362190
25	0.526733
25	0.937856
25	0.864247
25	0.356244
25	0.948842
25	0.724845
25	0.686179
25	0.799985
25	0.687541
25	1.074386
25	0.674887
25	0.607876
25	1.069217
25	0.666400
25	1.165547
25	0.869573
25	0.899390
25	1.067609
25	0.765006
25	0.980318
25	0.611919
25	0.788480
25	1.142453
25	1.168962
25	0.499979
25	0.798046
25	0.502813
25	0.806059
25	0.569084
25	1.020396
25	0.834957
25	1.731638
25	1.030128
25	1.370439
25	0.561112
25	0.682226
25	0.473805
25	1.249306
25	1.168878
25	0.793423
25	0.890215
25	0.522892
25	0.537480
25	1.347941
25	1.170275
25	0.941679
25	1.218106
25	0.924152
25	1.296893
25	0.744521
25	1.312132
26	0.659594
26	0.700426
26	0.470752
26	0.874843
26	1.547090
26	1.338101
26	1.068605
26	1.583282
26	0.982705
26	1.777453
26	0.766986
26	0.626660
26	1.479707
26	1.027032
26	0.888784
26	0.967376
26	0.646455
26	0.268653
26	0.660742
26	0.307622
26	0.864133
26	0.687447
26	1.051952
26	0.685773
26	1.332606
26	1.033055
26	0.836043
26	0.716613
26	0.623748
26	1.979097
26	0.601115
26	0.558013
26	0.578632
26	0.766177
26	0.671862
26	1.154004
26	1.134307
26	0.931542
26	0.873676
26	1.181602
26	0.597288
26	0.929767
26	1.163917
26	0.714243
26	0.705555
26	1.097079
26	1.344928
26	0.755859
26	1.210301
26	0.838264
26	0.671600
26	0.557855
26	1.532826
26	0.814259
26	1.714717
26	0.900253
26	2.032933
26	0.880935
26	1.676282
26	0.458432
26	0.515022
26	0.495675
26	1.253037
26	0.392239
26	0.644559
26	0.798167
26	1.451307
26	0.906702
26	1.557654
26	0.430472
26	0.500220
26	0.893596
26	1.649606
26	0.447174
26	1.303419
26	1.063593
26	2.129445
26	0.734635
26	1.105026
26	0.549177
26	0.935498
26	0.808300
26	1.769197
26	0.799130
26	1.817889
26	0.360941
26	0.731673
26	1.820334
26	1.081861
26	0.494855
26	0.422130
26	1.134207
26	0.813165
26	1.171855
26	0.824699
26	0.796183
26	1.593734
26	1.000766
26	0.584625
26	2.103103
27	1.308848
27	0.666680
27	0.649458
27	1.330784
27	1.277956
27	1.140283
27	1.043947
27	0.758213
27	1.497191
27	0.854239
27	0.988655
27	1.217701
27	1.648071
27	1.376034
27	0.924996
27	1.103704
27	1.376528
27	0.791779
27	0.789038
27	1.565508
27	1.294168
27	0.381284
27	0.826125
27	0.829644
27	1.699637
27	0.781644
27	0.859718
27	1.185045
27	1.214192
27	0.850522
27	1.997024
27	0.666933
27	0.929619
27	1.597087
27	0.953580
27	0.782172
27	0.965038
27	0.747384
27	1.971576
27	1.076608
27	1.501289
27	0.566303
27	0.726784
27	0.374878
27	0.679132
27	0.936072
27	1.158840
27	0.689242
27	1.383776
27	0.602638
27	0.736391
27	0.643774
27	0.975380
27	1.080469
27	1.381203
27	1.015454
27	1.536243
27	0.720802
27	1.050245
27	1.259511
27	1.240541
27	1.001715
27	1.705467
27	0.395788
27	0.807647
27	1.904154
27	0.973185
27	0.691620
27	1.006602
27	0.334317
27	1.072995
27	0.627775
27	1.468790
27	1.137396
27	1.317813
27	1.191117
27	1.064144
27	1.600196
27	1.175093
27	1.001949
27	1.136909
27	0.813649
27	0.933687
27	1.054466
27	1.569625
27	0.382313
27	0.704010
27	1.113716
27	0.515224
27	1.223011
27	1.483005
27	0.892199
27	0.502417
27	1.637474
27	0.646401
27	0.799614
27	0.792327
27	0.973476
27	1.195606
27	0.764780
28	0.811330
28	1.180236
28	0.666503
28	0.446858
28	1.012060
28	0.881403
28	0.719778
28	1.519229
28	0.965000
28	1.027019
28	0.996405
28	1.573521
28	0.845694
28	1.208035
28	1.278147
28	1.220172
28	0.566862
28	0.611942
28	1.356033
28	1.247933
28	1.340250
28	1.268267
28	0.632906
28	0.840740
28	1.100031
28	0.421625
28	0.778062
28	1.217790
28	0.684695
28	1.442020
28	1.027808
28	1.178154
28	1.635292
28	0.883284
28	0.731993
28	0.514931
28	0.550164
28	1.249746
28	1.014198
28	0.966250
28	0.853448
28	1.819382
28	1.089494
28	1.110195
28	1.282077
28	1.038533
28	0.726543
28	0.544846
28	1.159161
28	1.416729
28	1.324737
28	0.964202
28	0.529501
28	0.684972
28	1.078932
28	0.790907
28	0.790557
28	0.398328
28	0.765972
28	0.940355
28	0.871792
28	1.019967
28	1.001298
28	1.225166
28	0.407617
28	1.140667
28	1.575374
28	0.666183
28	1.772189
28	0.364809
28	0.771657
28	0.950427
28	0.786210
28	0.550702
28	0.481984
28	1.509721
28	1.555468
28	0.495386
28	0.580549
28	1.624551
28	1.366257
28	1.399529
28	0.516478
28	0.842824
28	0.957248
28	1.177351
28	1.414813
28	1.612852
28	0.897221
28	1.031962
28	0.766288
28	0.661325
28	0.552457
28	0.802106
28	0.661324
28	1.708853
28	0.989387
28	1.162414
28	0.908001
28	1.707987
29	1.380071
29	1.104679
29	0.942087
29	1.179942
29	1.704508
29	0.861591
29	0.682593
29	0.657601
29	1.217712
29	1.018081
29	2.151303
29	1.173107
29	0.992278
29	1.571619
29	1.144263
29	0.867748
29	0.787917
29	0.755510
29	0.736982
29	1.146443
29	0.504665
29	1.506002
29	1.352094
29	1.004198
29	0.895649
29	0.613655
29	0.689407
29	0.503316
29	0.763862
29	0.893698
29	0.793296
29	1.007782
29	2.070631
29	0.790080
29	2.073052
29	0.286829
29	0.651628
29	1.198236
29	1.137684
29	1.422054
29	1.420465
29	1.074384
29	0.644311
29	1.500892
29	0.896089
29	0.679648
29	0.403010
29	0.699035
29	0.868107
29	1.507795
29	1.000229
29	0.637040
29	1.237829
29	0.962477
29	2.043496
29	2.290064
29	1.333290
29	1.185552
29	0.557962
29	0.744205
29	0.713576
29	1.159367
29	0.552497
29	0.830487
29	1.611021
29	0.994188
29	0.472449
29	0.565709
29	0.711038
29	0.632765
29	0.818198
29	1.058734
29	1.014820
29	0.915098
29	0.650830
29	0.549994
29	1.366575
29	0.928631
29	0.988489
29	1.295400
29	0.870993
29	0.855512
29	0.862767
29	1.282811
29	0.825333
29	1.058664
29	2.030766
29	0.645947
29	0.535389
29	0.525099
29	0.680268
29	0.858104
29	0.955641
29	0.694854
29	0.984857
29	1.210973
29	0.560269
29	1.172885
29	1.446462
29	0.969897
30	1.011785
30	1.339341
30	1.402612
30	0.773515
30	0.890978
30	0.713339
30	1.403752
30	0.900499
30	1.519994
30	0.783502
30	0.819855
30	0.803872
30	1.320144
30	1.194119
30	0.572782
30	1.162003
30	0.952098
30	0.825494
30	0.752668
30	0.895885
30	0.725303
30	0.778827
30	1.455948
30	1.032659
30	0.465627
30	1.731763
30	2.754152
30	0.632348
30	0.869027
30	1.227961
30	1.391529
30	0.654055
30	1.953111
30	0.864244
30	0.434467
30	0.522129
30	0.893739
30	0.658990
30	0.718374
30	0.927796
30	0.838660
30	0.492682
30	1.363439
30	0.999476
30	0.858687
30	0.982656
30	1.368596
30	1.774247
30	0.815912
30	1.064418
30	1.033874
30	0.811630
30	1.079790
30	0.667085
30	0.468795
30	0.578592
30	0.476482
30	0.741652
30	1.053721
30	1.331091
30	0.602287
30	0.899804
30	1.254429
30	1.484737
30	0.814742
30	0.725351
30	1.354875
30	0.523759
30	1.232403
30	0.657325
30	0.713357
30	1.355224
30	1.636574
30	1.491345
30	1.240783
30	0.995140
30	0.641463
30	0.733445
30	1.865303
30	0.834035
30	1.194781
30	1.215749
30	0.989262
30	0.681834
30	0.849911
30	0.290953
30	1.237972
30	0.942828
30	0.775475
30	0.486193
30	0.495083
30	0.589317
30	0.391635
30	0.452667
30	0.735002
30	0.981528
30	0.849397
30	1.156568
30	0.744463
30	0.760636
