1	3.480469
1	3.799583
1	3.495429
1	2.901859
1	3.897251
1	3.943713
1	3.895885
1	0.000000
1	3.653906
1	3.891494
1	4.883997
1	3.835112
1	8.727654
1	13.381148
1	3.352088
1	3.781449
1	3.809297
1	4.110748
1	3.606165
1	3.493780
1	3.014689
1	3.227198
1	3.166326
1	3.758951
1	4.011821
1	3.680868
1	3.882027
1	3.406518
1	3.901274
1	3.680361
1	2.919287
1	3.885581
1	0.000000
1	3.643688
1	3.414528
1	4.023472
1	3.964942
1	3.378785
1	3.886807
1	3.525578
1	3.984121
1	2.835382
1	3.646059
1	3.556683
1	17.686437
1	3.797603
1	3.900075
1	3.602375
1	3.849758
1	3.692324
1	3.857481
1	3.777120
1	3.573459
1	3.713912
1	3.228775
1	0.000000
1	3.551538
1	3.172803
1	3.555616
1	2.216697
1	2.624519
1	4.097448
1	2.484533
1	3.786136
1	3.781582
1	3.052728
1	12.541288
1	3.916472
1	0.000000
1	3.904310
1	3.756915
1	2.768901
1	3.697122
1	3.414038
1	3.693979
1	0.000000
1	3.747127
1	3.975724
1	3.472828
1	2.946822
1	3.435946
1	1.458355
1	3.873972
1	4.021864
1	3.776119
1	0.000000
1	3.337714
1	2.418030
1	3.781203
1	3.817931
1	2.880766
1	3.973358
1	3.435263
1	0.000000
1	3.848783
1	3.319288
1	3.948320
1	3.941590
1	3.907866
1	3.833982
2	3.260849
2	4.013282
2	3.775146
2	3.870380
2	3.761365
2	4.148015
2	3.370875
2	3.541528
2	3.694664
2	3.444349
2	3.878122
2	3.850075
2	4.017018
2	3.179842
2	3.681581
2	4.125580
2	3.812769
2	2.736460
2	3.565042
2	3.822070
2	2.538674
2	3.501025
2	3.785940
2	3.493296
2	3.857550
2	3.855634
2	3.808150
2	4.024800
2	4.111481
2	2.927688
2	3.500129
2	3.766848
2	3.775151
2	3.750477
2	1.789625
2	4.274247
2	3.910747
2	1.308983
2	3.609770
2	2.960052
2	3.319578
2	3.392314
2	3.606739
2	3.552628
2	3.461465
2	3.463027
2	3.677562
2	3.909053
2	3.295860
2	3.735916
2	3.884571
2	3.846212
2	4.032352
2	3.640575
2	3.251774
2	3.701526
2	3.516328
2	3.847844
2	3.685454
2	3.871016
2	5.423986
2	3.738644
2	4.025028
2	3.426464
2	3.816805
2	3.807795
2	3.652659
2	3.657310
2	3.998961
2	3.577453
2	4.051097
2	3.614662
2	4.294337
2	3.035839
2	2.751614
2	3.466115
2	2.868254
2	3.842793
2	5.667131
2	4.172722
2	3.828793
2	3.727416
2	3.733919
2	3.613478
2	3.564838
2	3.804247
2	4.109829
2	3.641488
2	3.523367
2	2.598821
2	3.242255
2	3.019320
2	3.917235
2	4.051729
2	3.442276
2	3.093609
2	3.758950
2	3.570444
2	3.533429
2	3.645957
3	3.696747
3	3.849733
3	3.644515
3	3.771334
3	3.937141
3	6.811411
3	3.862469
3	3.609184
3	3.595234
3	4.009443
3	3.760359
3	3.822041
3	3.545694
3	3.794445
3	3.894533
3	4.058976
3	3.057605
3	4.081669
3	3.914392
3	3.773185
3	3.983004
3	3.996787
3	3.497508
3	2.591396
3	3.233884
3	3.708782
3	4.268428
3	4.023192
3	3.397200
3	3.792918
3	3.545944
3	3.268349
3	3.822595
3	3.155101
3	3.285383
3	3.573710
3	3.714325
3	2.523353
3	4.026500
3	4.259332
3	3.642099
3	6.359721
3	3.500623
3	3.726545
3	3.326756
3	2.304660
3	3.769574
3	4.209906
3	3.918217
3	3.376408
3	3.853211
3	3.865650
3	3.644001
3	3.710111
3	3.836843
3	4.128945
3	3.444990
3	3.762029
3	4.397225
3	3.198319
3	4.083099
3	3.748037
3	3.923486
3	3.918698
3	3.206003
3	3.456437
3	3.722836
3	2.713480
3	3.655823
3	3.625029
3	3.858210
3	3.821748
3	3.797531
3	3.579883
3	3.453051
3	3.606585
3	3.984279
3	3.743231
3	3.805708
3	4.439219
3	3.683389
3	3.858750
3	3.650097
3	3.665081
3	3.994635
3	3.686680
3	4.733489
3	4.376105
3	3.726310
3	3.873807
3	3.429561
3	3.669824
3	3.552223
3	3.756698
3	3.854587
3	3.306725
3	3.699367
3	4.303777
3	4.026613
3	3.593523
4	3.769872
4	3.958515
4	3.652713
4	4.039942
4	3.666674
4	3.876396
4	3.540054
4	3.826132
4	3.943349
4	3.366533
4	3.772519
4	3.637757
4	3.567448
4	4.327128
4	3.583641
4	3.521128
4	3.755569
4	3.665114
4	3.551508
4	3.762523
4	5.006481
4	3.565858
4	3.763469
4	3.817159
4	3.912990
4	3.819339
4	4.177999
4	3.490596
4	3.584626
4	3.377765
4	3.764245
4	3.805307
4	3.575451
4	4.027159
4	3.618558
4	3.655342
4	5.579521
4	3.641297
4	3.835380
4	3.832048
4	4.065869
4	3.044753
4	3.724207
4	3.619245
4	3.717629
4	2.794188
4	4.347133
4	4.344870
4	3.601742
4	3.957568
4	3.689053
4	3.026807
4	3.709168
4	3.316082
4	3.683407
4	3.881973
4	3.755209
4	2.901138
4	3.678728
4	3.745771
4	3.213550
4	3.468477
4	3.665029
4	3.758623
4	4.731461
4	3.689330
4	4.283385
4	3.494304
4	3.668301
4	3.603418
4	4.099054
4	3.898396
4	3.429243
4	3.917333
4	3.459531
4	3.790511
4	4.011680
4	4.048938
4	3.377218
4	2.794123
4	3.342329
4	3.931157
4	3.786821
4	4.421727
4	3.822851
4	4.217178
4	3.601730
4	3.917143
4	3.745361
4	4.490320
4	3.632531
4	3.941656
4	4.161318
4	3.704295
4	3.292239
4	4.002286
4	3.871031
4	2.478059
4	3.260312
4	3.991600
5	4.138218
5	8.835948
5	3.988701
5	3.725961
5	3.824023
5	3.389021
5	4.344020
5	3.391265
5	4.471113
5	3.845671
5	4.088140
5	3.924955
5	3.515918
5	3.128730
5	3.514617
5	3.389035
5	3.883509
5	4.140820
5	4.534975
5	4.063537
5	3.887355
5	3.782047
5	4.670088
5	3.708316
5	3.727435
5	3.717867
5	3.573011
5	3.708719
5	3.519644
5	3.593577
5	3.442893
5	3.724789
5	3.581367
5	3.855756
5	4.016955
5	3.735954
5	4.263817
5	4.325165
5	3.528459
5	3.673283
5	5.472954
5	4.663471
5	3.161810
5	4.582912
5	3.872472
5	3.458403
5	3.957357
5	3.875482
5	3.268752
5	3.635192
5	3.754090
5	3.464970
5	4.174075
5	3.721525
5	4.663186
5	3.599429
5	4.623724
5	3.870278
5	3.785951
5	4.054955
5	3.943672
5	3.657315
5	4.241390
5	3.539906
5	3.786731
5	4.065744
5	3.891375
5	3.925667
5	4.194465
5	3.738872
5	3.939420
5	3.041640
5	3.728378
5	3.596260
5	3.692396
5	3.343917
5	4.154921
5	3.283860
5	3.851659
5	3.875303
5	4.116478
5	3.616151
5	4.009396
5	3.509526
5	3.080293
5	3.726710
5	3.666134
5	3.955182
5	2.321389
5	3.670066
5	2.794583
5	3.634933
5	3.973107
5	4.337805
5	3.804665
5	4.242313
5	4.414456
5	3.567118
5	3.592663
5	4.777347
6	2.821466
6	3.876394
6	3.605089
6	3.144325
6	4.136807
6	3.792694
6	3.919655
6	4.365903
6	3.332373
6	3.665484
6	4.082310
6	3.392740
6	3.825370
6	3.886515
6	3.405909
6	3.510502
6	3.774935
6	3.818379
6	4.136644
6	2.940593
6	4.393432
6	3.628003
6	3.641378
6	3.681691
6	3.671619
6	3.929257
6	4.267654
6	4.497627
6	3.786659
6	3.698108
6	3.805430
6	3.615892
6	3.426322
6	4.113419
6	3.010764
6	3.293789
6	3.624742
6	3.659757
6	4.265181
6	3.904439
6	3.887680
6	3.654858
6	2.920257
6	3.910759
6	3.698660
6	3.413764
6	3.482849
6	3.718056
6	3.931224
6	3.609259
6	3.802307
6	3.399259
6	4.160434
6	3.236187
6	4.893157
6	3.790088
6	3.908039
6	3.774640
6	4.620267
6	3.779952
6	3.493297
6	3.698607
6	4.181999
6	3.689435
6	3.808433
6	3.112372
6	3.727923
6	3.808253
6	4.671289
6	3.662465
6	3.779331
6	4.231804
6	3.763552
6	3.547050
6	3.602375
6	4.117796
6	2.821670
6	5.227772
6	4.035308
6	3.697775
6	3.658030
6	4.137478
6	3.815231
6	3.830980
6	3.695834
6	3.961477
6	4.542050
6	3.757289
6	3.781154
6	3.578103
6	5.261202
6	3.678049
6	3.941897
6	3.962461
6	4.580857
6	3.504106
6	3.692030
6	4.008583
6	3.807850
6	3.818463
7	4.605347
7	3.538706
7	3.642227
7	4.030281
7	4.132174
7	3.773752
7	4.107171
7	3.573027
7	3.759422
7	3.820856
7	3.030436
7	3.560303
7	3.672418
7	3.914391
7	3.935190
7	3.246266
7	3.933115
7	3.831652
7	4.280731
7	4.362557
7	3.647377
7	3.746414
7	3.600242
7	3.501900
7	3.294794
7	4.095769
7	3.695774
7	3.452254
7	3.987281
7	4.260126
7	4.844805
7	3.820927
7	4.076975
7	4.183116
7	3.991999
7	3.929711
7	3.850486
7	3.679479
7	5.468261
7	3.426712
7	2.809388
7	3.940623
7	2.153198
7	4.097684
7	3.882196
7	3.927164
7	3.742320
7	4.913709
7	2.537679
7	4.335559
7	3.811121
7	4.781003
7	3.437104
7	3.163931
7	3.268970
7	3.968325
7	3.960461
7	4.158890
7	4.262760
7	3.963800
7	4.263863
7	3.673140
7	3.217571
7	4.798942
7	3.696245
7	3.711817
7	3.732701
7	3.408581
7	3.846004
7	3.481355
7	3.550658
7	3.607329
7	3.652047
7	3.351940
7	3.766526
7	3.982869
7	3.556840
7	4.693616
7	3.734173
7	4.065934
7	4.221837
7	3.659209
7	3.079873
7	3.913431
7	3.819690
7	4.178649
7	3.786300
7	3.907262
7	4.919213
7	3.668834
7	3.600485
7	4.908468
7	3.821577
7	3.727742
7	4.109168
7	5.051922
7	4.059987
7	3.507019
7	3.923473
7	3.884808
8	4.557200
8	3.476216
8	4.224905
8	4.216006
8	3.571175
8	3.668249
8	3.822227
8	6.334327
8	3.040193
8	5.084365
8	3.886093
8	3.478408
8	3.807072
8	3.312546
8	3.481145
8	4.077612
8	4.259381
8	3.699965
8	3.837516
8	4.391689
8	3.945896
8	3.724685
8	3.779991
8	3.579454
8	3.902696
8	4.066209
8	4.162799
8	4.121614
8	3.269332
8	3.807929
8	3.731887
8	4.325556
8	2.966499
8	3.719357
8	4.714853
8	4.188780
8	3.977859
8	3.078642
8	3.749591
8	3.834258
8	3.758853
8	4.596373
8	4.430637
8	3.543767
8	4.582709
8	3.457101
8	4.466865
8	3.590457
8	3.787477
8	3.666201
8	3.384050
8	4.018490
8	4.188367
8	4.246087
8	3.890902
8	3.271262
8	3.655548
8	4.078286
8	4.173437
8	3.793219
8	3.824930
8	3.931622
8	4.196623
8	3.640159
8	4.198830
8	3.529836
8	3.622922
8	4.474651
8	4.454935
8	4.446490
8	3.565470
8	3.630342
8	4.020371
8	4.316094
8	3.921889
8	3.759761
8	3.856110
8	4.470201
8	3.933866
8	3.981499
8	3.661176
8	4.387807
8	2.711971
8	3.374767
8	4.808141
8	2.769772
8	4.751260
8	3.809419
8	4.619338
8	3.899718
8	4.254716
8	3.963069
8	3.803942
8	3.980121
8	3.839939
8	3.833542
8	3.579491
8	3.707556
8	3.714159
8	3.937351
9	3.395436
9	3.729591
9	3.731058
9	3.751463
9	3.784752
9	4.129789
9	4.178115
9	3.653952
9	3.956149
9	4.079682
9	3.588844
9	3.469736
9	4.289606
9	3.634730
9	4.300430
9	4.630969
9	5.102428
9	3.881190
9	4.094621
9	3.926073
9	3.786287
9	3.605870
9	3.973540
9	4.056311
9	3.887673
9	4.110772
9	3.606373
9	3.995185
9	3.575979
9	3.474382
9	4.172488
9	3.457889
9	3.640988
9	4.665392
9	4.799480
9	4.830414
9	3.768426
9	4.068530
9	3.749901
9	4.049858
9	4.116709
9	3.215710
9	4.789235
9	4.215275
9	3.871349
9	3.784503
9	4.060993
9	4.204026
9	4.029447
9	4.179924
9	3.974921
9	3.416180
9	3.711941
9	4.316248
9	4.056678
9	3.767817
9	4.408638
9	5.444502
9	3.779270
9	4.742584
9	4.115651
9	3.966241
9	3.903614
9	3.803331
9	3.763583
9	3.713666
9	4.707230
9	4.127695
9	3.924386
9	3.318040
9	3.695536
9	3.676903
9	4.104237
9	3.843123
9	3.331749
9	3.780324
9	3.771270
9	4.000831
9	3.691661
9	3.946792
9	4.344198
9	3.930608
9	3.821239
9	4.717659
9	3.065242
9	4.362788
9	3.969293
9	3.741826
9	3.888312
9	4.594642
9	4.038674
9	3.268864
9	3.595032
9	4.583855
9	3.763228
9	3.721035
9	3.248306
9	4.115673
9	4.069789
9	3.676024
10	3.707765
10	3.899520
10	3.834341
10	3.407613
10	4.079923
10	4.053233
10	3.634311
10	5.178308
10	3.504327
10	3.887405
10	3.632633
10	3.808016
10	4.040777
10	4.431713
10	3.715204
10	4.319339
10	3.628525
10	3.496322
10	3.988118
10	3.830797
10	4.197936
10	3.743419
10	3.966252
10	4.252927
10	3.671590
10	3.985225
10	4.307536
10	3.784251
10	4.514951
10	3.632592
10	3.772848
10	5.012865
10	4.755029
10	5.387269
10	3.635780
10	4.558918
10	3.952612
10	3.858092
10	3.410177
10	3.577929
10	4.082717
10	3.782638
10	3.436933
10	4.329835
10	3.485832
10	3.380825
10	3.829511
10	3.608319
10	4.270208
10	4.329232
10	4.240352
10	4.308693
10	4.135768
10	3.569108
10	4.036357
10	2.718788
10	4.501165
10	3.873528
10	3.704950
10	4.721696
10	3.623754
10	4.196358
10	3.641987
10	4.214561
10	4.511804
10	3.569648
10	4.355991
10	4.644378
10	4.031791
10	3.787676
10	4.193794
10	3.754662
10	3.901070
10	3.774604
10	5.279808
10	4.404547
10	3.733976
10	3.683662
10	4.226790
10	3.844104
10	3.912473
10	4.722674
10	3.591817
10	4.309375
10	3.651080
10	4.247209
10	3.673871
10	4.113430
10	4.194501
10	2.627105
10	4.082177
10	4.397531
10	4.156679
10	3.623826
10	4.092907
10	4.023148
10	4.518793
10	4.224342
10	4.184454
10	4.791479
11	3.375936
11	4.088098
11	4.127666
11	3.649329
11	5.359085
11	3.830875
11	4.022591
11	2.936993
11	3.920756
11	4.397082
11	4.914258
11	4.147773
11	3.600432
11	3.734046
11	3.953882
11	5.291177
11	4.690780
11	3.505207
11	3.410272
11	4.230692
11	4.312464
11	3.897214
11	3.666207
11	4.066669
11	3.554971
11	4.348660
11	3.899742
11	4.491726
11	3.905372
11	3.788677
11	4.064153
11	3.335947
11	3.800571
11	4.790675
11	4.207686
11	3.536285
11	3.853234
11	3.741959
11	3.626396
11	4.017845
11	3.209560
11	4.629267
11	5.506540
11	3.541801
11	3.834538
11	3.606368
11	3.898832
11	3.816072
11	3.744763
11	3.318735
11	3.471660
11	3.927473
11	4.245073
11	3.694666
11	4.011749
11	3.256770
11	3.026800
11	4.059478
11	3.893862
11	3.715363
11	3.890511
11	4.281924
11	4.235089
11	5.037672
11	4.022693
11	3.809233
11	4.272280
11	4.174711
11	3.988445
11	5.469580
11	4.020086
11	3.455950
11	4.027704
11	3.973458
11	3.746679
11	3.795206
11	3.693685
11	3.938268
11	3.647522
11	3.496540
11	4.486608
11	3.869819
11	4.309816
11	4.918880
11	5.028016
11	4.126723
11	4.384376
11	3.362035
11	4.750231
11	3.979016
11	4.371531
11	5.454060
11	3.997502
11	4.013081
11	4.417907
11	4.580184
11	3.709214
11	3.818166
11	4.341551
11	4.189631
12	3.500984
12	4.537748
12	3.823271
12	4.110551
12	4.084294
12	3.745605
12	3.709524
12	3.667535
12	3.722937
12	3.813018
12	4.719898
12	3.963469
12	3.938356
12	3.883339
12	4.059595
12	3.946065
12	4.441265
12	4.259810
12	4.520597
12	3.769841
12	3.965495
12	2.901859
12	3.506704
12	4.095178
12	4.093632
12	3.991932
12	5.810790
12	3.965745
12	3.941475
12	4.479976
12	3.964220
12	3.920437
12	4.486541
12	3.646375
12	4.691545
12	5.008363
12	4.361553
12	3.624420
12	3.533268
12	3.763650
12	3.688688
12	4.529850
12	3.887711
12	3.590153
12	4.375094
12	4.805153
12	4.394163
12	3.819320
12	4.115055
12	4.104335
12	4.530224
12	4.219227
12	4.286504
12	5.372456
12	3.744649
12	3.990241
12	3.925192
12	4.432784
12	3.893401
12	4.461878
12	3.541520
12	5.562681
12	4.206398
12	4.123092
12	3.959167
12	3.276858
12	3.888984
12	3.746599
12	3.880927
12	3.897133
12	4.585014
12	4.240020
12	4.048350
12	4.015081
12	5.355953
12	3.993731
12	4.018955
12	3.548213
12	3.358571
12	4.211052
12	3.388525
12	4.240151
12	3.535929
12	4.510537
12	4.695345
12	4.754983
12	3.639466
12	4.521375
12	3.369960
12	4.237502
12	4.302060
12	4.104937
12	4.236709
12	3.945965
12	3.402756
12	3.938677
12	5.241627
12	4.671951
12	4.238794
12	4.245532
13	4.575771
13	4.512574
13	4.847648
13	3.740680
13	3.950418
13	3.741393
13	3.949924
13	4.736693
13	3.862082
13	4.299721
13	4.024386
13	4.078184
13	3.754449
13	3.852333
13	3.490747
13	4.065319
13	4.545331
13	3.855082
13	3.153136
13	3.968371
13	3.829264
13	3.732963
13	5.053941
13	3.227904
13	3.403323
13	3.893617
13	3.787420
13	5.069881
13	3.846030
13	4.818355
13	4.282005
13	3.501128
13	3.394882
13	4.126805
13	3.466212
13	4.043683
13	4.531933
13	5.124289
13	3.855756
13	4.005812
13	3.575015
13	3.761158
13	4.271831
13	3.498269
13	4.350170
13	4.036239
13	3.960585
13	3.585990
13	3.772302
13	4.277255
13	4.200649
13	3.739807
13	4.717337
13	4.268810
13	4.148600
13	3.900184
13	3.917685
13	4.029469
13	3.773681
13	4.572420
13	3.351929
13	3.703175
13	4.407824
13	4.426032
13	3.485704
13	3.786062
13	3.977817
13	4.662749
13	5.765482
13	3.857530
13	3.824880
13	3.806488
13	3.649490
13	3.916980
13	3.785159
13	4.703717
13	5.518507
13	4.179278
13	3.887369
13	4.114422
13	4.512627
13	4.246640
13	3.844094
13	3.631636
13	3.759064
13	3.752984
13	3.648636
13	3.796107
13	3.805205
13	3.867438
13	3.973444
13	3.754958
13	3.864904
13	4.483086
13	4.572074
13	3.956704
13	4.162768
13	3.881410
13	4.784403
13	3.878141
14	4.326993
14	3.815699
14	4.220374
14	3.763398
14	3.712782
14	5.405627
14	4.929777
14	4.538103
14	3.728227
14	4.012372
14	4.678200
14	4.185022
14	4.137005
14	3.945727
14	4.205463
14	4.491420
14	4.375369
14	4.560200
14	4.433695
14	4.262574
14	3.470420
14	3.842786
14	3.980422
14	4.128510
14	3.541289
14	4.084039
14	3.617054
14	4.102374
14	4.308483
14	4.766897
14	4.170141
14	4.616060
14	4.765500
14	4.117322
14	3.968956
14	4.282812
14	4.117271
14	4.386464
14	3.543192
14	3.708571
14	3.609181
14	4.788956
14	4.416648
14	3.893789
14	5.367312
14	3.945542
14	4.545645
14	3.563237
14	3.981504
14	3.637479
14	3.906476
14	3.622516
14	4.426631
14	3.651640
14	5.072892
14	3.823240
14	4.320053
14	4.297451
14	4.513874
14	3.228424
14	4.291520
14	3.654821
14	4.268375
14	3.674507
14	3.884168
14	4.388455
14	4.005208
14	3.671886
14	4.240695
14	3.747825
14	3.743101
14	3.589978
14	4.297578
14	3.913517
14	3.558552
14	4.377602
14	3.835954
14	4.848029
14	3.785668
14	4.575895
14	3.983521
14	3.776655
14	3.527672
14	4.230417
14	3.763628
14	3.953597
14	3.857841
14	5.701519
14	4.559512
14	4.626338
14	4.487674
14	3.937132
14	3.712019
14	3.742081
14	4.655636
14	4.001872
14	3.448271
14	3.994232
14	3.955627
14	4.146034
15	3.871002
15	3.715878
15	3.705322
15	3.423096
15	3.846246
15	4.282828
15	4.648518
15	3.687415
15	4.437522
15	4.034363
15	3.857192
15	3.968665
15	3.944958
15	3.585985
15	4.024000
15	3.766824
15	4.121810
15	3.607553
15	4.322438
15	4.083752
15	4.458759
15	3.963298
15	4.282346
15	4.542768
15	4.152127
15	3.989076
15	3.833628
15	3.950018
15	3.792169
15	4.562585
15	3.596443
15	3.278796
15	4.061497
15	3.741266
15	4.111908
15	3.849010
15	3.438274
15	4.213205
15	4.192044
15	4.154858
15	4.309073
15	4.504202
15	4.386528
15	4.698302
15	4.618280
15	4.496119
15	4.244351
15	4.206850
15	4.401773
15	3.825229
15	4.340558
15	3.865208
15	3.780384
15	4.403141
15	3.865615
15	3.473963
15	4.312006
15	4.918732
15	3.707281
15	3.659980
15	3.988118
15	3.396289
15	4.292390
15	4.125962
15	4.188208
15	3.602267
15	4.164584
15	5.423077
15	3.650732
15	4.023414
15	3.476717
15	3.007533
15	3.874156
15	5.432213
15	3.650067
15	2.619385
15	3.834296
15	4.555283
15	3.754232
15	3.753071
15	4.642747
15	4.607124
15	4.148874
15	4.617936
15	4.807248
15	3.598318
15	3.948976
15	4.342367
15	3.329670
15	3.750806
15	3.982439
15	3.158727
15	5.088621
15	4.012822
15	3.992444
15	4.220500
15	3.849899
15	3.872383
15	4.168117
15	3.637727
16	3.703771
16	4.078372
16	4.127343
16	4.304570
16	3.838117
16	3.428160
16	4.675116
16	4.819876
16	4.757161
16	3.505153
16	5.975336
16	3.613170
16	4.544795
16	3.388831
16	4.526850
16	5.971380
16	3.703577
16	4.199347
16	5.467449
16	3.819229
16	2.918536
16	3.862076
16	4.194207
16	3.318096
16	4.608598
16	3.856172
16	4.163167
16	4.819266
16	4.264520
16	3.974168
16	3.589735
16	3.286100
16	3.785314
16	3.908388
16	3.714867
16	4.385160
16	4.052114
16	4.490942
16	4.833317
16	3.628878
16	3.761707
16	3.852998
16	3.443751
16	4.097988
16	3.762395
16	4.758594
16	3.921193
16	3.589713
16	4.792552
16	3.591924
16	3.631315
16	3.993066
16	4.194306
16	3.799948
16	3.655179
16	4.137034
16	3.668967
16	4.374726
16	4.100020
16	3.404944
16	3.638922
16	4.879842
16	3.952670
16	4.162445
16	4.852162
16	4.325148
16	4.802353
16	4.443366
16	3.460865
16	3.795377
16	4.038559
16	4.159919
16	4.378504
16	3.562995
16	5.495863
16	4.128181
16	3.795263
16	4.429228
16	4.057712
16	3.756757
16	4.203349
16	4.431576
16	4.047197
16	3.799214
16	4.359302
16	3.840516
16	3.709780
16	3.863731
16	3.811064
16	5.018257
16	4.354693
16	3.413312
16	3.782799
16	3.955544
16	4.574888
16	3.760441
16	3.789709
16	3.899477
16	3.830644
16	4.033802
17	4.122788
17	5.268122
17	3.898852
17	3.788323
17	3.911453
17	4.850660
17	3.663159
17	6.148892
17	4.333765
17	4.226242
17	4.199574
17	3.831143
17	4.633899
17	3.726064
17	3.977740
17	4.432303
17	4.518799
17	4.201887
17	4.115377
17	4.135734
17	3.464468
17	3.493276
17	4.336988
17	4.192299
17	4.532229
17	4.437964
17	4.121784
17	3.687786
17	4.062915
17	3.463639
17	4.156381
17	4.586126
17	3.955498
17	3.858253
17	4.412881
17	4.037596
17	3.666387
17	4.243213
17	3.635931
17	4.660814
17	4.434034
17	3.310849
17	4.174560
17	4.293464
17	3.678504
17	3.561225
17	4.661370
17	3.602384
17	3.615653
17	3.696575
17	3.506301
17	4.363664
17	4.234650
17	3.800423
17	4.026223
17	3.917566
17	3.925237
17	3.990083
17	3.866568
17	5.284174
17	4.302716
17	3.751348
17	4.341954
17	3.716078
17	3.902146
17	4.520723
17	4.156559
17	4.063790
17	4.303638
17	2.985466
17	3.971363
17	4.453801
17	3.982277
17	4.377640
17	3.223797
17	4.501239
17	3.818530
17	3.775420
17	4.286918
17	3.599826
17	3.974793
17	4.305185
17	4.674206
17	3.754135
17	4.022662
17	4.258808
17	4.153963
17	4.435201
17	4.206743
17	3.733438
17	4.099062
17	4.453975
17	4.320623
17	3.844328
17	3.910888
17	4.260209
17	4.441426
17	4.295306
17	3.392698
17	4.842483
18	3.761114
18	3.805121
18	4.372955
18	5.321166
18	4.157069
18	4.418136
18	3.703613
18	4.389371
18	4.686170
18	3.836791
18	2.842601
18	4.291091
18	4.379316
18	4.164290
18	3.438450
18	3.204851
18	3.768309
18	3.898692
18	3.969110
18	4.091085
18	4.505585
18	3.700383
18	4.038403
18	3.596993
18	3.615509
18	4.177898
18	2.988206
18	5.452230
18	3.930700
18	4.491420
18	4.576085
18	4.140222
18	3.886002
18	4.265590
18	4.386460
18	4.344390
18	4.437640
18	5.115111
18	5.140660
18	5.098719
18	3.634580
18	3.998059
18	4.012815
18	3.538412
18	3.774544
18	4.268712
18	3.637542
18	4.453477
18	3.705361
18	3.772613
18	4.009945
18	3.983525
18	4.444315
18	4.072527
18	4.134609
18	3.995044
18	3.665787
18	4.110840
18	3.955986
18	3.558412
18	4.756140
18	3.747871
18	4.189040
18	4.050822
18	4.370123
18	3.866644
18	4.351803
18	4.658805
18	4.423752
18	4.152637
18	4.012125
18	3.717997
18	3.920521
18	3.979640
18	4.063494
18	3.779261
18	4.647492
18	4.279444
18	4.385194
18	4.437924
18	4.552085
18	4.132195
18	4.158135
18	3.770162
18	3.838586
18	3.965847
18	4.198690
18	4.136820
18	3.273246
18	3.973221
18	4.297256
18	3.760925
18	3.792622
18	4.232693
18	4.130197
18	3.418409
18	3.850806
18	4.103348
18	3.531526
18	4.291984
19	4.000493
19	3.935458
19	4.146320
19	3.748481
19	4.258058
19	3.596836
19	3.996628
19	4.035245
19	3.967246
19	4.045585
19	4.020945
19	3.702669
19	4.221964
19	4.546886
19	4.128352
19	3.778785
19	4.018766
19	3.844868
19	3.772437
19	3.905814
19	5.502765
19	4.613086
19	4.285920
19	4.496645
19	3.986794
19	3.742000
19	3.660782
19	4.159475
19	4.089069
19	4.221566
19	4.308838
19	4.736380
19	4.170981
19	3.118453
19	3.438782
19	3.981942
19	3.574074
19	5.144251
19	4.957678
19	4.535802
19	4.136102
19	3.749632
19	3.735093
19	3.869233
19	3.870435
19	3.987169
19	4.591302
19	3.485290
19	5.577235
19	4.451119
19	4.434535
19	3.656079
19	3.828747
19	3.888933
19	4.938142
19	3.793327
19	4.345403
19	4.674205
19	3.881572
19	4.007622
19	3.752934
19	5.138612
19	4.624257
19	4.061317
19	3.757849
19	4.526464
19	3.485902
19	4.700975
19	3.620514
19	3.623740
19	4.054985
19	4.240262
19	4.070471
19	4.010951
19	4.781965
19	4.722951
19	4.029788
19	4.178448
19	3.892957
19	4.841230
19	3.798501
19	3.452920
19	4.666078
19	3.907027
19	3.764573
19	5.244747
19	5.080093
19	3.606377
19	3.809751
19	4.245670
19	4.306996
19	3.212913
19	3.613215
19	3.772309
19	4.094338
19	3.678565
19	4.124700
19	4.176364
19	4.765346
19	4.703928
20	4.019636
20	4.029779
20	3.888259
20	3.842157
20	3.413129
20	3.926756
20	3.652492
20	4.790705
20	4.057753
20	4.801272
20	4.242503
20	3.073568
20	4.321655
20	5.255627
20	4.751852
20	4.425685
20	3.414346
20	3.784807
20	4.925357
20	3.725482
20	3.629124
20	3.822007
20	3.091662
20	3.851192
20	3.745357
20	4.692015
20	4.489976
20	4.259404
20	4.608399
20	4.837631
20	4.503346
20	4.216082
20	3.935983
20	3.608263
20	5.478193
20	3.768987
20	4.102257
20	4.358612
20	3.956799
20	3.715364
20	4.773531
20	4.373293
20	4.309033
20	4.335560
20	4.329395
20	4.947244
20	5.294056
20	3.875645
20	5.332581
20	3.968736
20	4.208003
20	4.707131
20	4.376429
20	3.411103
20	4.639947
20	3.814203
20	3.823606
20	4.708644
20	3.785818
20	4.452165
20	3.981366
20	4.635024
20	4.424167
20	4.199540
20	4.093441
20	4.778497
20	4.506008
20	3.855618
20	3.649282
20	3.958604
20	3.952190
20	4.800948
20	4.105496
20	3.907413
20	4.306889
20	3.656265
20	4.664448
20	4.276847
20	4.404745
20	3.678259
20	3.972645
20	3.755198
20	3.892549
20	3.738145
20	4.458788
20	3.598254
20	3.736920
20	4.260313
20	3.777081
20	4.423553
20	4.035408
20	3.638791
20	4.739684
20	3.306826
20	3.846991
20	3.626987
20	4.654408
20	4.248271
20	4.256153
20	3.718677
21	4.367181
21	3.875660
21	4.003551
21	3.549881
21	4.725116
21	4.056571
21	4.405465
21	4.597943
21	4.854068
21	4.084053
21	4.494253
21	4.621052
21	4.048308
21	4.337080
21	4.251488
21	3.561745
21	3.788603
21	4.795603
21	4.039553
21	4.045700
21	4.302142
21	3.734178
21	4.543476
21	3.789171
21	4.810059
21	3.647877
21	4.537040
21	4.177215
21	4.445233
21	3.439334
21	4.565802
21	3.792044
21	4.394341
21	4.332002
21	3.520265
21	3.367293
21	3.968728
21	3.938474
21	4.156558
21	5.651650
21	3.931634
21	3.997510
21	4.356539
21	4.281116
21	3.519753
21	3.747446
21	3.829000
21	3.707940
21	3.612243
21	4.226983
21	4.239015
21	4.695735
21	3.903751
21	4.102222
21	5.155953
21	4.032734
21	3.846901
21	3.681567
21	3.834636
21	3.668038
21	4.651624
21	4.288033
21	4.408104
21	3.935105
21	3.903656
21	3.396858
21	3.591171
21	4.440277
21	3.963902
21	4.039632
21	3.824254
21	3.926206
21	4.082720
21	4.190804
21	3.934109
21	4.115133
21	3.893737
21	3.819296
21	4.934551
21	5.018101
21	3.662287
21	3.704157
21	3.008159
21	3.808044
21	3.705847
21	4.664890
21	4.123887
21	4.113123
21	4.235962
21	4.081501
21	3.867451
21	4.142894
21	3.843648
21	4.205390
21	4.118325
21	4.000940
21	4.363546
21	3.886143
21	3.629624
21	4.564532
22	4.106954
22	3.201952
22	4.425886
22	3.801528
22	3.480903
22	3.958302
22	3.809449
22	4.081812
22	3.321561
22	4.658025
22	4.028402
22	3.909156
22	4.187881
22	4.291961
22	4.861325
22	3.524539
22	4.397704
22	3.813219
22	3.908962
22	3.982977
22	4.884799
22	3.944076
22	4.437847
22	3.599891
22	3.845210
22	4.012848
22	3.955838
22	3.987281
22	3.984966
22	4.042956
22	3.531640
22	3.684591
22	3.462552
22	4.796235
22	5.171898
22	3.867056
22	4.214237
22	4.179054
22	4.033512
22	4.543032
22	4.088252
22	3.991893
22	5.406921
22	4.067958
22	4.068638
22	4.180666
22	3.933860
22	4.548119
22	5.127245
22	4.072256
22	3.915941
22	3.979739
22	3.991631
22	4.702390
22	4.519300
22	3.729869
22	3.681604
22	3.314327
22	4.126386
22	4.118922
22	3.807685
22	3.743554
22	3.882738
22	4.634920
22	5.283482
22	4.422521
22	3.896105
22	3.848582
22	4.033178
22	3.810223
22	4.396996
22	4.927489
22	4.294469
22	3.553348
22	4.887498
22	4.375470
22	3.770683
22	4.229550
22	4.174162
22	3.767151
22	4.623581
22	4.629043
22	4.012459
22	4.273919
22	4.082536
22	3.890488
22	4.343282
22	5.451172
22	3.932734
22	3.984741
22	4.144473
22	3.654233
22	4.036970
22	3.752493
22	3.776416
22	4.573229
22	3.906474
22	3.722171
22	4.053553
22	3.819076
23	5.002787
23	3.812573
23	4.668900
23	4.907285
23	4.442302
23	3.222746
23	3.881563
23	3.467464
23	3.815658
23	3.824884
23	3.399952
23	3.538587
23	4.507954
23	3.572708
23	4.483445
23	3.992672
23	3.825409
23	4.783562
23	3.870160
23	4.142815
23	4.123080
23	3.986301
23	3.872560
23	3.981126
23	4.276721
23	5.066894
23	4.555625
23	3.966336
23	4.457699
23	4.254021
23	5.544682
23	3.641896
23	2.793958
23	4.388980
23	3.782843
23	3.468370
23	3.909616
23	3.982575
23	3.590684
23	3.908071
23	3.769313
23	3.916126
23	3.854584
23	3.629896
23	4.470445
23	3.342569
23	4.115334
23	4.840694
23	4.880745
23	3.855121
23	3.183473
23	4.019321
23	4.067203
23	3.947092
23	4.894373
23	3.854523
23	3.460818
23	2.528763
23	4.419304
23	4.099301
23	3.755891
23	3.543365
23	4.439687
23	3.641144
23	4.028983
23	4.310921
23	5.124794
23	3.234591
23	3.850664
23	3.257679
23	4.051473
23	4.269839
23	4.569154
23	3.971124
23	3.994192
23	4.171555
23	4.057588
23	4.152559
23	4.455206
23	3.874065
23	3.555152
23	3.814634
23	3.742278
23	4.175982
23	4.764256
23	4.123374
23	3.348266
23	3.826808
23	3.986556
23	3.627840
23	3.123197
23	3.798559
23	3.753528
23	3.882459
23	4.166842
23	3.751229
23	3.757171
23	3.225482
23	4.354700
23	3.713948
24	4.454238
24	4.007928
24	3.858201
24	4.326720
24	3.597733
24	4.081086
24	3.871552
24	4.212438
24	4.068243
24	4.476572
24	4.534870
24	4.009227
24	3.816677
24	4.031715
24	3.295105
24	3.767791
24	4.372857
24	3.787251
24	4.554839
24	4.026817
24	4.229585
24	4.045414
24	3.429889
24	4.997054
24	4.565201
24	3.671630
24	4.336598
24	4.745774
24	3.692751
24	4.657609
24	4.598945
24	4.098132
24	3.387982
24	3.835044
24	4.067800
24	4.380189
24	4.180527
24	3.791852
24	3.568965
24	4.033025
24	4.058140
24	4.664926
24	3.747884
24	3.915989
24	4.253613
24	4.261807
24	3.693444
24	3.819093
24	4.685316
24	4.347815
24	4.318682
24	4.119833
24	4.583009
24	4.311259
24	3.642150
24	3.827941
24	4.876578
24	3.885135
24	4.119142
24	3.957901
24	4.259145
24	4.073173
24	3.996278
24	4.292769
24	4.053317
24	4.010945
24	4.330392
24	4.071312
24	3.817616
24	4.084227
24	4.363964
24	5.558752
24	3.888173
24	4.113844
24	4.258664
24	3.973613
24	5.293402
24	4.439536
24	4.162536
24	3.830055
24	4.397994
24	4.280442
24	4.102325
24	2.986524
24	4.366729
24	4.029205
24	3.525081
24	4.086180
24	4.109390
24	3.847609
24	3.743880
24	3.958267
24	3.813041
24	4.160058
24	3.334783
24	4.318979
24	4.811354
24	4.099185
24	4.092851
24	4.263756
25	3.436821
25	3.222829
25	4.604364
25	4.201994
25	3.864652
25	3.858010
25	3.750398
25	3.722656
25	4.946550
25	4.595688
25	3.954325
25	5.153396
25	3.866458
25	3.317556
25	3.865431
25	4.454700
25	3.876559
25	3.514425
25	4.710083
25	4.173914
25	4.196865
25	4.378571
25	3.644617
25	4.242443
25	4.336803
25	4.391664
25	4.179491
25	4.241123
25	4.259392
25	4.637966
25	4.155719
25	3.794077
25	4.010494
25	3.811103
25	3.875191
25	4.112392
25	3.678553
25	3.789293
25	4.556929
25	4.592251
25	3.883250
25	3.933398
25	4.503809
25	4.699836
25	4.332832
25	3.715511
25	4.185979
25	4.530722
25	3.409845
25	4.139042
25	5.106406
25	4.083295
25	4.182050
25	3.891735
25	5.497980
25	3.838357
25	4.390769
25	4.112242
25	4.991479
25	3.957264
25	3.849402
25	4.447944
25	5.253744
25	3.719692
25	4.210027
25	4.576230
25	4.104169
25	4.525247
25	3.796590
25	3.317191
25	3.643455
25	4.051186
25	3.127630
25	4.518010
25	3.778630
25	3.757108
25	3.875991
25	3.556675
25	3.568236
25	4.514601
25	3.836494
25	3.772925
25	4.770794
25	4.028778
25	3.198143
25	3.625034
25	4.074643
25	3.695641
25	4.868866
25	4.666674
25	4.917086
25	3.807173
25	4.520973
25	3.942153
25	4.392973
25	3.710566
25	3.884891
25	3.685147
25	3.887454
25	3.570371
26	3.639687
26	3.534878
26	3.550143
26	3.874879
26	3.555094
26	3.717663
26	3.800417
26	5.834351
26	4.155527
26	3.740901
26	4.079579
26	4.259888
26	4.173277
26	3.775832
26	4.157095
26	4.542543
26	4.040690
26	3.829700
26	4.128859
26	3.867419
26	3.896434
26	4.486538
26	4.055463
26	4.686483
26	4.812499
26	4.574541
26	3.631806
26	3.849359
26	4.050447
26	4.954637
26	4.234243
26	4.375176
26	4.202844
26	4.174952
26	3.899284
26	3.936144
26	5.123806
26	3.711753
26	5.446938
26	3.947096
26	3.892506
26	4.506793
26	3.981490
26	3.557791
26	4.273755
26	4.100891
26	4.547824
26	3.864219
26	3.864973
26	4.417789
26	4.537431
26	4.186044
26	3.611860
26	3.798343
26	3.975172
26	4.731987
26	4.134888
26	3.939460
26	3.513001
26	4.005768
26	5.062867
26	3.801295
26	4.851462
26	3.837774
26	4.452885
26	4.182045
26	4.671982
26	4.308786
26	4.444918
26	3.886750
26	4.525168
26	4.006464
26	4.351969
26	3.823658
26	3.641129
26	3.811809
26	2.909688
26	4.811746
26	4.404448
26	3.523054
26	3.961398
26	3.963712
26	3.728630
26	3.901814
26	4.118132
26	4.274514
26	3.604135
26	4.014769
26	4.016100
26	4.193068
26	3.809284
26	3.632124
26	3.996000
26	3.722782
26	3.977903
26	4.319639
26	4.389225
26	3.720572
26	4.009453
26	5.066325
27	4.384435
27	4.383764
27	4.078812
27	5.495235
27	4.395258
27	3.979903
27	3.931071
27	3.599064
27	4.648881
27	4.297020
27	4.133380
27	4.139075
27	3.910477
27	3.799251
27	4.377791
27	4.103130
27	4.480626
27	3.892206
27	3.590089
27	4.204379
27	4.145081
27	4.239804
27	4.662444
27	3.634249
27	4.568588
27	4.573995
27	4.931282
27	4.182469
27	4.493862
27	3.605603
27	3.730655
27	4.243026
27	3.428294
27	4.497991
27	4.651827
27	3.531532
27	4.194701
27	3.909420
27	3.921728
27	3.946826
27	4.845220
27	3.778212
27	4.485386
27	4.536029
27	4.805223
27	3.907856
27	3.960509
27	3.482849
27	3.782280
27	4.059813
27	3.994501
27	3.710223
27	3.864226
27	3.811648
27	5.134782
27	4.870614
27	3.917623
27	3.895409
27	4.138604
27	4.053164
27	4.909323
27	4.846360
27	3.641519
27	5.336933
27	3.789015
27	3.824663
27	3.863830
27	3.621873
27	3.914845
27	4.221633
27	3.336889
27	4.143813
27	4.527780
27	4.316640
27	4.894938
27	3.899001
27	4.816181
27	4.513840
27	4.555771
27	4.653149
27	4.219019
27	4.806222
27	4.217379
27	3.738949
27	3.630491
27	4.266889
27	5.261205
27	4.024414
27	5.073018
27	3.536780
27	5.022082
27	4.081781
27	3.798210
27	4.560720
27	4.722981
27	4.491337
27	3.775261
27	4.096619
27	3.605475
27	4.096360
28	3.425229
28	3.652988
28	3.829548
28	4.057892
28	3.564429
28	3.938207
28	4.224433
28	4.580762
28	4.345833
28	3.898381
28	4.469767
28	3.052502
28	3.921873
28	4.251269
28	4.271976
28	4.187208
28	3.888719
28	4.638997
28	4.141377
28	4.484260
28	4.342451
28	4.494265
28	4.350584
28	3.878307
28	4.197616
28	4.749828
28	4.627428
28	3.556440
28	3.738467
28	4.377988
28	3.936120
28	3.828005
28	3.991875
28	4.693826
28	3.944169
28	3.086008
28	3.893225
28	3.655375
28	4.025663
28	3.921538
28	4.242375
28	4.312192
28	3.480627
28	3.972021
28	3.461418
28	3.611390
28	4.267802
28	3.755638
28	3.286896
28	2.742682
28	4.183992
28	3.580925
28	4.152030
28	4.940440
28	3.988371
28	3.721820
28	3.389172
28	4.047172
28	4.464140
28	4.436362
28	3.820165
28	3.638931
28	3.607101
28	4.274265
28	3.504782
28	4.103312
28	3.391104
28	4.161877
28	4.785391
28	4.725418
28	3.999811
28	3.889216
28	4.753989
28	3.849478
28	4.077599
28	4.401706
28	3.681301
28	3.291126
28	3.318505
28	4.414461
28	4.628088
28	4.370180
28	4.146992
28	3.810592
28	3.908020
28	3.895234
28	3.833085
28	4.097127
28	3.984485
28	4.977196
28	5.228646
28	4.088391
28	4.872444
28	4.113369
28	4.709154
28	4.084799
28	3.504917
28	4.451176
28	4.256536
28	4.125299
29	4.915255
29	3.654589
29	4.292507
29	4.304649
29	4.151845
29	4.260518
29	3.444469
29	4.414026
29	3.905046
29	3.981765
29	4.698533
29	3.900443
29	4.547472
29	4.027459
29	4.051147
29	3.299673
29	4.283215
29	3.625300
29	3.635115
29	4.049750
29	3.821722
29	4.329978
29	4.315583
29	3.697167
29	3.944571
29	3.736729
29	4.169330
29	4.576585
29	3.741853
29	4.083837
29	3.993821
29	4.310466
29	4.205144
29	3.396639
29	4.001863
29	4.412484
29	4.100745
29	4.401218
29	4.809612
29	3.395431
29	3.654827
29	4.483393
29	3.431176
29	4.179110
29	3.731147
29	3.999419
29	3.342868
29	3.692880
29	3.736491
29	3.862377
29	3.760210
29	4.822724
29	4.107468
29	3.450300
29	3.948718
29	4.434923
29	4.212687
29	4.016856
29	5.059476
29	4.135371
29	5.599476
29	3.753769
29	3.819509
29	3.943200
29	4.282806
29	3.465643
29	4.294489
29	5.216055
29	3.697974
29	3.845121
29	3.841675
29	4.141792
29	4.301246
29	3.567329
29	4.204566
29	3.920817
29	4.020306
29	4.106156
29	4.251308
29	3.887362
29	3.835242
29	3.845912
29	4.444557
29	3.758013
29	4.062002
29	4.070681
29	3.913306
29	3.849473
29	3.758755
29	3.857124
29	3.609045
29	4.095639
29	3.858282
29	4.609506
29	3.588784
29	3.958102
29	3.708160
29	3.729915
29	4.018563
29	3.851756
30	4.545193
30	3.739618
30	4.569691
30	3.533933
30	3.743963
30	3.587953
30	4.395281
30	3.768968
30	4.222948
30	4.067890
30	3.219973
30	4.237829
30	4.415998
30	3.921179
30	3.909841
30	4.043425
30	4.243264
30	4.046691
30	4.554216
30	4.095398
30	4.091096
30	3.911271
30	4.115981
30	4.088593
30	3.163003
30	3.630915
30	4.362553
30	4.185725
30	3.731071
30	3.783957
30	5.013035
30	3.610394
30	4.121754
30	3.572652
30	4.447106
30	3.717236
30	2.414764
30	3.522929
30	4.372268
30	3.946652
30	3.742971
30	4.758188
30	3.829109
30	4.568726
30	3.585544
30	3.869343
30	3.607356
30	4.406208
30	4.029310
30	5.321342
30	4.379074
30	4.684261
30	4.063389
30	4.044773
30	3.504710
30	4.104924
30	4.344295
30	3.989121
30	3.972164
30	3.931174
30	4.558813
30	3.823634
30	4.792567
30	3.882952
30	3.909602
30	3.628251
30	4.669599
30	4.472885
30	4.017232
30	3.619112
30	3.058985
30	4.297382
30	4.444898
30	4.617415
30	3.994192
30	5.105281
30	4.012098
30	3.141523
30	4.182036
30	4.014453
30	3.961404
30	4.829512
30	3.250802
30	4.648192
30	3.591645
30	4.904223
30	3.376206
30	4.354098
30	5.353589
30	3.411889
30	4.402107
30	4.342833
30	4.060772
30	4.151091
30	3.575594
30	4.378432
30	4.282905
30	3.520725
30	3.408248
30	3.544762
