1	0.262952
1	0.017840
1	0.000000
1	0.024706
1	0.000000
1	0.030474
1	0.079094
1	0.028732
1	0.070981
1	0.019539
1	0.087362
1	0.083544
1	5.141932
1	0.024050
1	0.089890
1	0.081053
1	0.000000
1	0.052186
1	0.057338
1	0.019248
1	0.048876
1	0.267748
1	0.064842
1	0.270026
1	0.098522
1	0.000000
1	3.558969
1	0.166279
1	1.909451
1	0.027908
1	0.066919
1	0.094517
1	0.056478
1	0.000000
1	0.831610
1	0.828929
1	0.016805
1	0.086969
1	0.079510
1	0.435495
1	0.060320
1	0.016086
1	0.085584
1	0.091943
1	5.993127
1	0.090476
1	0.093492
1	0.032758
1	0.094492
1	0.068550
1	0.000000
1	0.057275
1	0.047723
1	0.175045
1	0.052643
1	0.731729
1	0.121412
1	0.026308
1	0.000000
1	0.032163
1	0.101270
1	0.031004
1	11.871176
1	0.195647
1	0.097380
1	0.020047
1	0.039126
1	0.126657
1	0.120876
1	0.090697
1	0.133427
1	0.451751
1	0.081662
1	0.031099
1	0.047098
1	0.000000
1	0.063860
1	0.018534
1	0.059270
1	0.058554
1	0.054821
1	0.061891
1	0.050152
1	0.053650
1	0.028296
1	0.052113
1	0.094994
1	0.224616
1	0.028049
1	6.671364
1	0.081127
1	0.028613
1	0.025407
1	0.055644
1	0.085611
1	0.065409
1	0.047548
1	0.109547
1	2.042946
1	0.016068
2	0.052446
2	1.071482
2	0.621232
2	0.907606
2	0.076077
2	0.000000
2	0.031699
2	0.089498
2	0.070128
2	0.094102
2	0.038401
2	0.195731
2	0.048911
2	0.100750
2	0.067868
2	0.033569
2	0.368771
2	0.051254
2	0.030912
2	0.119875
2	0.022820
2	0.084472
2	0.085367
2	0.017012
2	0.061318
2	0.033768
2	0.025839
2	0.036948
2	1.272230
2	0.063598
2	0.030534
2	0.060072
2	0.081519
2	0.073887
2	0.055356
2	0.114359
2	1.388487
2	0.061979
2	0.053108
2	0.497100
2	0.573098
2	0.040530
2	0.014721
2	0.076840
2	0.469739
2	0.579829
2	0.768286
2	0.026670
2	0.016326
2	0.056893
2	0.048408
2	0.050829
2	0.024139
2	0.032699
2	0.347321
2	0.062643
2	4.261838
2	0.566394
2	0.039006
2	1.652052
2	0.731220
2	0.066485
2	0.295108
2	0.113678
2	0.055240
2	1.005190
2	0.102599
2	0.064460
2	0.083414
2	0.130786
2	0.387763
2	0.087464
2	0.048507
2	0.114707
2	0.022269
2	0.032836
2	0.501227
2	0.055923
2	0.402762
2	0.086194
2	0.456803
2	0.509960
2	0.000000
2	0.667602
2	0.480926
2	0.338125
2	0.373106
2	2.372965
2	0.021323
2	0.048278
2	0.375219
2	0.051626
2	0.049686
2	0.095574
2	0.416756
2	0.301420
2	0.077239
2	0.030234
2	0.036154
2	0.111514
3	1.436992
3	0.292025
3	0.059374
3	0.271254
3	0.080566
3	0.033666
3	1.038597
3	2.269913
3	1.582700
3	1.196764
3	1.955015
3	0.325008
3	0.067848
3	0.456276
3	0.043384
3	0.053833
3	0.095240
3	0.299362
3	0.032479
3	0.102693
3	0.063178
3	0.084366
3	0.575236
3	9.905176
3	0.093813
3	0.623504
3	0.000000
3	0.377994
3	0.053625
3	0.072642
3	0.085979
3	1.685216
3	0.163716
3	0.146522
3	0.629634
3	0.103370
3	0.121195
3	0.054430
3	0.067698
3	0.020972
3	0.506614
3	0.033666
3	0.222719
3	0.319310
3	0.398601
3	0.087512
3	0.152265
3	9.019420
3	0.632448
3	0.061987
3	0.033311
3	0.414730
3	0.057268
3	1.815797
3	1.174802
3	1.328637
3	0.083494
3	0.353869
3	0.040630
3	0.057947
3	0.114715
3	0.054299
3	0.218314
3	0.294123
3	0.086840
3	0.150627
3	0.837160
3	0.244064
3	0.282129
3	0.084322
3	0.051046
3	0.026022
3	0.021847
3	0.052441
3	0.078590
3	2.504483
3	0.110278
3	0.090798
3	1.683017
3	0.287254
3	0.058645
3	0.078158
3	0.141045
3	0.064384
3	0.291821
3	0.618742
3	0.585878
3	0.423085
3	0.183142
3	0.517632
3	0.195718
3	0.835422
3	0.032405
3	1.929500
3	0.283163
3	0.066633
3	1.308572
3	0.287324
3	3.431414
3	0.042338
4	2.978698
4	0.057715
4	0.519169
4	0.032295
4	0.079387
4	0.635766
4	0.520049
4	0.474270
4	0.049742
4	0.149440
4	0.225503
4	1.046620
4	0.082447
4	0.053044
4	0.490047
4	0.032918
4	0.361282
4	0.919578
4	1.067222
4	1.533117
4	0.215098
4	0.351641
4	0.057093
4	0.593934
4	0.383723
4	0.738713
4	0.310048
4	0.536031
4	0.057035
4	0.018220
4	0.309124
4	0.281848
4	0.185909
4	0.649107
4	0.362857
4	0.054855
4	0.079596
4	0.092593
4	0.881034
4	0.334480
4	0.062637
4	0.238619
4	0.085405
4	0.128753
4	0.116781
4	0.379941
4	0.409118
4	0.154854
4	0.510170
4	0.909692
4	0.243097
4	0.134163
4	0.073528
4	0.136608
4	0.059153
4	0.338348
4	0.131260
4	0.311541
4	0.807966
4	0.216232
4	0.067216
4	0.031288
4	1.781648
4	0.089787
4	1.017422
4	2.263916
4	0.475375
4	0.272748
4	0.397980
4	0.089713
4	0.427284
4	0.061914
4	0.928581
4	0.264549
4	0.771244
4	0.035940
4	0.243700
4	0.029276
4	0.505361
4	0.122845
4	0.051878
4	2.395043
4	1.416633
4	0.248596
4	0.047503
4	0.690736
4	0.446371
4	0.070842
4	0.236926
4	0.051968
4	0.049302
4	0.453154
4	0.037190
4	0.112458
4	0.026127
4	0.244986
4	0.060077
4	0.176166
4	1.296561
4	1.917525
5	0.540922
5	13.157160
5	0.307897
5	0.068581
5	0.083050
5	0.839423
5	0.280553
5	0.665941
5	0.038420
5	0.554228
5	0.180668
5	0.059630
5	0.334238
5	0.200539
5	0.360336
5	0.513618
5	0.483629
5	0.501938
5	0.256823
5	0.480744
5	0.330175
5	0.141825
5	0.446632
5	0.040283
5	0.498187
5	0.172826
5	0.094339
5	0.386195
5	0.379273
5	1.504947
5	0.148714
5	0.405049
5	1.575699
5	0.892159
5	0.123940
5	0.458453
5	0.029062
5	0.847868
5	0.219769
5	1.808630
5	0.309439
5	0.077999
5	0.235851
5	0.089843
5	0.114695
5	0.112289
5	0.060392
5	0.361383
5	0.828261
5	0.843165
5	0.275235
5	0.065344
5	0.268491
5	0.060624
5	0.377721
5	0.143495
5	0.323758
5	0.592175
5	0.059239
5	0.325981
5	0.079061
5	0.059782
5	0.408161
5	0.361093
5	0.218638
5	0.093966
5	0.614646
5	0.470565
5	0.042042
5	0.267671
5	0.030790
5	0.102649
5	0.153827
5	0.045633
5	0.340030
5	0.449560
5	0.242336
5	0.227547
5	0.210204
5	0.748111
5	0.222094
5	2.357016
5	0.231348
5	0.237548
5	0.665205
5	0.490805
5	0.062378
5	0.597885
5	0.194224
5	0.681901
5	0.182866
5	0.054342
5	0.234748
5	0.253758
5	0.631825
5	2.007387
5	0.371601
5	0.395731
5	0.820590
5	0.028515
6	0.141036
6	5.233871
6	0.504100
6	1.834515
6	0.643951
6	0.269316
6	0.402646
6	0.101825
6	0.257166
6	0.818731
6	0.094530
6	0.660521
6	0.086141
6	0.481978
6	0.330186
6	0.135908
6	0.038192
6	0.212520
6	1.517941
6	0.360470
6	0.218427
6	0.054776
6	1.010248
6	0.421762
6	0.533379
6	0.549439
6	0.163111
6	0.196466
6	0.134686
6	1.440992
6	0.159334
6	1.286816
6	0.976770
6	0.049668
6	0.951629
6	0.114657
6	1.043028
6	0.657291
6	0.685154
6	0.715033
6	0.659041
6	0.032152
6	0.467699
6	0.102323
6	0.731062
6	0.863774
6	0.123578
6	0.060795
6	0.046701
6	1.208543
6	0.709394
6	10.997083
6	0.683718
6	0.601575
6	0.890679
6	0.323954
6	0.112524
6	0.508012
6	0.147959
6	0.042653
6	0.396333
6	0.442881
6	0.187255
6	1.204975
6	0.055873
6	0.041060
6	0.160480
6	0.945084
6	0.110867
6	0.061877
6	0.667426
6	0.371277
6	1.049762
6	0.090375
6	0.471784
6	3.055229
6	0.102310
6	0.322653
6	0.830405
6	0.495013
6	0.117661
6	0.255240
6	0.269825
6	0.371095
6	0.444098
6	0.277873
6	0.063302
6	0.054425
6	0.350661
6	0.167666
6	0.193363
6	0.355186
6	0.075780
6	0.909696
6	0.496909
6	0.673256
6	0.371478
6	0.871850
6	0.088644
6	0.155208
7	0.091030
7	0.344408
7	0.211365
7	1.009063
7	1.127282
7	0.061256
7	0.151314
7	0.796792
7	0.083308
7	0.192746
7	0.290233
7	0.384612
7	0.126068
7	0.333300
7	1.636415
7	0.279350
7	0.204121
7	0.556098
7	0.385750
7	0.178442
7	0.538345
7	0.048219
7	0.656218
7	0.603314
7	0.479911
7	0.232643
7	0.374763
7	0.421244
7	0.073612
7	0.667895
7	0.345940
7	0.525091
7	0.280884
7	0.931659
7	1.103677
7	0.467764
7	0.342479
7	0.964118
7	0.054552
7	0.497682
7	0.363905
7	0.895342
7	0.573729
7	0.306653
7	1.456958
7	0.297502
7	0.127232
7	0.254927
7	0.763554
7	0.052306
7	0.043227
7	0.229041
7	0.117998
7	0.240941
7	0.094165
7	0.202433
7	0.911927
7	0.756674
7	0.096440
7	0.457566
7	0.240870
7	0.574565
7	0.056054
7	0.061957
7	0.869899
7	0.568015
7	0.565208
7	0.022956
7	0.066218
7	0.360354
7	0.223926
7	0.830942
7	2.532578
7	1.201183
7	0.350459
7	0.757105
7	0.390175
7	0.705531
7	0.262650
7	0.830875
7	0.207993
7	1.161895
7	0.327537
7	0.713461
7	0.199987
7	0.079015
7	0.331180
7	1.362730
7	0.308435
7	0.374546
7	0.249775
7	0.608973
7	0.318049
7	0.494851
7	0.261746
7	0.292561
7	0.501362
7	3.061751
7	1.485045
7	1.043804
8	0.353804
8	0.405333
8	1.230690
8	0.247883
8	1.084753
8	0.054228
8	0.332350
8	0.844668
8	0.784136
8	0.261593
8	3.800423
8	0.294116
8	0.237427
8	0.245777
8	0.104114
8	0.397335
8	0.463290
8	0.593718
8	0.831053
8	1.131675
8	0.532461
8	0.051989
8	0.798154
8	0.765005
8	0.419538
8	0.702329
8	1.081107
8	0.092466
8	0.545594
8	0.273189
8	0.209865
8	0.162756
8	0.597757
8	0.795125
8	1.030440
8	0.779376
8	0.246453
8	0.447510
8	0.795087
8	0.569619
8	0.142151
8	0.275410
8	0.478790
8	1.369125
8	0.374827
8	0.137553
8	0.295073
8	0.724234
8	1.079933
8	0.015628
8	0.512070
8	0.230328
8	0.094090
8	0.201539
8	0.645799
8	0.608525
8	0.986998
8	0.683833
8	0.745710
8	0.556795
8	0.303468
8	0.835141
8	0.891400
8	0.527032
8	0.493819
8	0.524181
8	0.393580
8	1.428724
8	0.238603
8	0.414802
8	0.654478
8	0.634836
8	0.610251
8	0.493243
8	0.319568
8	0.208981
8	0.610598
8	0.779870
8	0.536454
8	0.392250
8	0.609064
8	0.844915
8	0.918573
8	0.319811
8	0.087971
8	0.246716
8	0.219575
8	0.232325
8	0.117624
8	0.358697
8	0.152395
8	0.591467
8	0.167822
8	0.261829
8	1.764370
8	0.042153
8	0.051488
8	0.647014
8	0.288094
8	1.666321
9	0.042787
9	1.081437
9	0.234805
9	0.322802
9	0.755390
9	0.465576
9	0.239270
9	0.784905
9	1.344762
9	0.668715
9	0.436486
9	1.824450
9	0.383518
9	0.523273
9	0.346354
9	0.425357
9	0.511939
9	0.839622
9	0.530533
9	0.530027
9	0.313792
9	0.333182
9	0.423973
9	0.964559
9	0.265540
9	0.368447
9	0.315777
9	0.904853
9	0.379629
9	0.318521
9	0.382013
9	1.584275
9	0.096728
9	0.525900
9	1.127476
9	0.628639
9	0.090448
9	0.964059
9	0.874602
9	0.762349
9	0.353983
9	2.363768
9	0.604666
9	1.870191
9	0.324994
9	0.260084
9	0.494553
9	0.684248
9	1.484037
9	0.055139
9	0.084137
9	1.014734
9	0.960027
9	0.121148
9	0.171575
9	0.326998
9	0.677736
9	1.457957
9	0.507326
9	0.180850
9	0.110607
9	0.666656
9	0.995172
9	0.287283
9	0.992672
9	1.084644
9	0.618246
9	0.298299
9	0.907407
9	0.448126
9	0.533166
9	0.353288
9	0.983895
9	0.553858
9	1.563759
9	0.092190
9	0.412813
9	0.086350
9	0.492276
9	0.653241
9	0.035305
9	0.690631
9	1.308036
9	2.428178
9	0.619927
9	0.385478
9	0.681887
9	7.638073
9	0.668804
9	0.577622
9	0.414547
9	4.563355
9	0.918105
9	0.172778
9	0.640136
9	0.184282
9	0.789451
9	0.177129
9	0.193938
9	0.783024
10	0.443590
10	1.289534
10	0.584240
10	0.121256
10	0.679728
10	0.051016
10	0.705518
10	1.334858
10	0.949734
10	0.949519
10	1.088908
10	0.399545
10	0.949795
10	1.473247
10	0.785935
10	0.401465
10	0.815381
10	1.011818
10	0.266812
10	0.440149
10	0.398619
10	0.598801
10	0.280005
10	0.430352
10	0.728875
10	0.666960
10	0.433417
10	0.511462
10	0.894979
10	0.491032
10	0.528242
10	0.403889
10	0.452858
10	0.707186
10	0.212403
10	0.065305
10	0.623836
10	0.597074
10	0.210026
10	0.282018
10	0.464982
10	0.690775
10	0.366451
10	0.972018
10	0.736575
10	1.099716
10	0.599986
10	0.455340
10	0.196960
10	0.596568
10	0.358956
10	0.554774
10	0.827798
10	1.456220
10	0.491049
10	0.318420
10	1.257419
10	0.454322
10	0.641333
10	0.521280
10	0.859221
10	0.203304
10	0.184131
10	1.112095
10	0.505794
10	0.157913
10	0.229402
10	0.343400
10	0.450042
10	0.255220
10	0.307245
10	0.400294
10	0.371999
10	0.370292
10	0.613368
10	0.482182
10	0.229916
10	0.447356
10	0.734248
10	1.171550
10	0.353529
10	1.377950
10	1.038013
10	0.431592
10	0.434987
10	0.782824
10	0.249278
10	0.459684
10	0.800530
10	1.286222
10	0.683269
10	0.936571
10	0.764397
10	0.431474
10	0.814813
10	0.391236
10	0.318407
10	0.238855
10	0.353523
10	0.074193
11	0.471248
11	0.351015
11	0.497800
11	0.661964
11	0.377596
11	0.769687
11	0.943362
11	0.347494
11	0.241765
11	0.402212
11	1.214649
11	0.301563
11	0.365655
11	1.036551
11	0.382568
11	0.588005
11	0.359472
11	0.213904
11	0.417494
11	2.339163
11	0.577693
11	0.192638
11	0.876699
11	0.424260
11	0.255413
11	0.429944
11	1.001906
11	0.395472
11	0.716739
11	0.632567
11	0.686451
11	0.600523
11	0.039210
11	0.536073
11	1.127814
11	1.348191
11	0.902450
11	0.441628
11	0.382294
11	0.505550
11	0.842419
11	0.668726
11	0.620636
11	1.134128
11	0.400916
11	4.177441
11	0.657592
11	0.614215
11	1.339017
11	0.164131
11	0.143135
11	0.704490
11	0.368749
11	0.262063
11	0.322406
11	0.272720
11	0.480209
11	0.806552
11	0.897545
11	1.151825
11	0.583805
11	7.217659
11	2.365444
11	1.241899
11	1.974147
11	1.123305
11	0.277264
11	1.214360
11	0.488840
11	0.268979
11	0.753019
11	0.297488
11	0.507713
11	0.712528
11	0.216225
11	0.205264
11	1.583193
11	0.604939
11	1.012223
11	0.811022
11	0.576897
11	0.170408
11	0.303568
11	0.191775
11	0.869128
11	1.026129
11	0.472607
11	0.659654
11	0.899384
11	0.516621
11	0.292589
11	0.116655
11	0.731754
11	0.702625
11	0.764684
11	0.995899
11	0.690539
11	1.006990
11	0.257824
11	1.244381
12	0.665811
12	0.207147
12	1.453677
12	0.532525
12	0.355437
12	0.312484
12	1.032720
12	1.089032
12	0.609882
12	2.276456
12	0.207719
12	1.293519
12	0.893464
12	0.477769
12	0.229944
12	0.711694
12	0.495877
12	0.590295
12	0.353042
12	0.577156
12	0.211989
12	0.198876
12	0.959332
12	1.174180
12	0.765610
12	0.145621
12	1.056212
12	0.919856
12	0.420354
12	0.359069
12	0.715527
12	2.247474
12	1.159952
12	0.698722
12	0.382824
12	0.613572
12	0.259138
12	0.809079
12	0.189923
12	0.531247
12	0.811898
12	0.715909
12	0.252125
12	0.294170
12	0.544578
12	0.543787
12	0.288021
12	0.559461
12	0.706177
12	1.012078
12	0.055894
12	0.962118
12	1.335165
12	0.404143
12	0.562497
12	1.542979
12	1.011361
12	0.155269
12	0.368663
12	0.267048
12	0.400360
12	0.155939
12	1.174300
12	0.782403
12	0.595550
12	0.164577
12	0.464256
12	0.435032
12	1.099836
12	0.239760
12	0.615897
12	0.488857
12	0.092436
12	0.285473
12	0.327264
12	0.349116
12	0.453750
12	0.205415
12	0.104668
12	0.482516
12	0.660411
12	0.236626
12	0.726896
12	0.665178
12	0.159334
12	0.310297
12	0.302963
12	0.769004
12	0.260418
12	0.411442
12	0.450597
12	0.213410
12	0.399061
12	0.194877
12	0.717095
12	0.389432
12	0.259980
12	0.279551
12	0.564391
12	0.076937
13	0.712620
13	0.526235
13	0.202066
13	1.200768
13	0.656988
13	1.300645
13	2.215969
13	0.714130
13	0.329404
13	0.346866
13	0.608375
13	0.254362
13	0.604720
13	0.786755
13	0.407905
13	1.093386
13	0.449779
13	0.112200
13	0.429341
13	0.698691
13	0.603567
13	1.087951
13	0.103826
13	0.494103
13	1.414004
13	1.904721
13	0.500858
13	0.307490
13	0.160635
13	0.668758
13	0.965847
13	0.237170
13	0.599949
13	0.447765
13	0.521044
13	0.174966
13	0.318091
13	1.452311
13	0.553348
13	0.142491
13	0.199241
13	0.163740
13	0.589939
13	0.451856
13	0.873981
13	0.363474
13	1.008267
13	0.056406
13	0.242848
13	1.376070
13	0.831931
13	0.142506
13	0.405941
13	0.423710
13	0.645003
13	0.200082
13	0.433944
13	0.742509
13	0.381803
13	0.699432
13	0.467337
13	0.673780
13	1.108486
13	0.998138
13	0.611716
13	0.600319
13	0.339435
13	1.863322
13	0.954237
13	0.093073
13	0.849267
13	0.912731
13	0.744700
13	0.544261
13	0.064248
13	0.337694
13	0.135047
13	0.201997
13	1.066923
13	0.965666
13	0.281407
13	1.333823
13	0.429749
13	0.584690
13	0.920285
13	0.493425
13	0.528157
13	0.425771
13	0.737289
13	0.041841
13	0.749233
13	0.421998
13	0.397134
13	0.310453
13	1.146419
13	0.415778
13	0.490562
13	0.362149
13	0.221444
13	0.155248
14	0.285397
14	0.239026
14	0.137604
14	0.097130
14	0.610316
14	0.470776
14	1.751803
14	0.956479
14	0.556587
14	0.569364
14	0.325957
14	0.208008
14	0.067159
14	0.606361
14	0.261765
14	0.497881
14	0.400550
14	0.472158
14	0.428026
14	0.519847
14	0.528077
14	1.074921
14	0.395233
14	0.390164
14	2.075128
14	1.581995
14	1.675071
14	0.289063
14	2.052992
14	1.129247
14	0.576025
14	1.385612
14	0.316814
14	1.076138
14	0.671773
14	0.167380
14	0.036745
14	0.445610
14	0.218640
14	0.561789
14	0.094814
14	0.071398
14	0.167898
14	0.439828
14	0.884575
14	0.275755
14	0.060978
14	5.808950
14	0.339648
14	0.207949
14	0.600804
14	0.621590
14	0.286494
14	0.179480
14	0.376999
14	0.277367
14	0.996079
14	0.989916
14	0.700186
14	0.704387
14	4.090397
14	0.644187
14	0.806456
14	0.185644
14	0.354412
14	0.928955
14	0.635431
14	1.253203
14	0.348268
14	0.103741
14	0.043684
14	0.898201
14	0.848343
14	0.457052
14	0.537803
14	0.380054
14	0.994607
14	0.148113
14	0.660309
14	0.284681
14	0.554479
14	0.588793
14	0.567743
14	0.245911
14	0.545724
14	0.387916
14	0.658110
14	0.345565
14	1.148704
14	0.271093
14	0.746443
14	0.860259
14	0.112889
14	0.556950
14	0.604856
14	0.370986
14	1.669790
14	0.308502
14	0.241338
14	0.147640
15	0.248356
15	0.041078
15	0.097804
15	0.703936
15	0.319420
15	0.520414
15	0.943468
15	0.170930
15	1.488408
15	0.331279
15	0.042969
15	0.671655
15	0.620481
15	0.177089
15	0.319556
15	0.419266
15	0.375953
15	0.872001
15	0.357460
15	0.505061
15	0.234218
15	0.097626
15	0.608486
15	0.284113
15	0.457417
15	0.230407
15	0.952678
15	1.425128
15	1.825059
15	1.338735
15	0.566335
15	0.212304
15	0.470675
15	0.167264
15	0.306048
15	0.364870
15	0.248270
15	0.604702
15	0.572260
15	0.342966
15	0.055364
15	0.802552
15	0.505140
15	0.611012
15	0.456940
15	0.415894
15	0.470356
15	1.987786
15	0.520138
15	0.535857
15	1.444669
15	0.602589
15	0.419903
15	1.174932
15	0.253480
15	0.064791
15	0.405110
15	1.511599
15	1.007563
15	0.408508
15	0.810643
15	0.744752
15	0.821443
15	1.256193
15	1.305681
15	0.686455
15	0.766978
15	0.086583
15	0.352676
15	0.966982
15	0.187317
15	0.788317
15	0.517129
15	0.570270
15	0.351225
15	1.165751
15	0.441558
15	0.218674
15	0.777413
15	0.728593
15	1.084309
15	0.072326
15	0.221980
15	0.091679
15	0.340088
15	0.765133
15	0.070515
15	1.820812
15	0.135476
15	0.564810
15	1.472845
15	0.738472
15	0.181569
15	0.479544
15	0.486205
15	1.036971
15	0.071875
15	0.476172
15	0.685960
15	2.701820
16	0.526503
16	0.916816
16	1.240403
16	1.339592
16	0.441579
16	0.189064
16	0.132122
16	0.632163
16	2.647921
16	0.860745
16	0.163730
16	0.654472
16	0.439766
16	0.322615
16	1.933236
16	0.608248
16	0.359574
16	0.669333
16	0.587371
16	0.923152
16	0.272969
16	0.230342
16	2.654318
16	1.489981
16	0.524876
16	1.342427
16	0.252884
16	0.160852
16	0.546023
16	0.304893
16	0.457975
16	0.815969
16	0.577365
16	0.586722
16	0.608202
16	0.365358
16	2.235109
16	0.059441
16	0.623990
16	0.574527
16	0.187744
16	0.460830
16	1.068322
16	0.185445
16	1.230512
16	0.627497
16	0.517546
16	0.745678
16	0.169191
16	0.338447
16	0.418973
16	0.323937
16	0.505456
16	0.212006
16	0.647298
16	0.749849
16	0.771323
16	0.554960
16	0.151655
16	0.166326
16	0.405456
16	0.755298
16	0.237389
16	0.288932
16	0.226359
16	1.730208
16	0.560705
16	0.554048
16	0.360825
16	0.505568
16	0.550653
16	0.710735
16	0.097396
16	0.430779
16	1.715754
16	0.861221
16	0.729463
16	0.719103
16	0.676596
16	1.322830
16	0.423335
16	0.220701
16	0.561813
16	0.240175
16	0.322168
16	0.423170
16	0.390567
16	2.110211
16	0.321133
16	1.233422
16	0.399030
16	0.734680
16	0.537976
16	0.448416
16	1.347248
16	2.046480
16	0.590357
16	0.368043
16	0.506243
16	0.920147
17	2.087660
17	0.304442
17	1.430761
17	0.699086
17	0.058509
17	0.788690
17	0.666137
17	1.024732
17	1.272719
17	0.200251
17	0.899316
17	0.778789
17	1.880419
17	1.013228
17	0.492807
17	0.852667
17	0.522029
17	0.671382
17	0.785634
17	0.467757
17	0.654074
17	0.077303
17	0.268585
17	1.267147
17	0.551451
17	0.784240
17	0.348092
17	0.756500
17	0.946492
17	0.620600
17	0.898633
17	0.437379
17	0.340261
17	0.907683
17	0.200810
17	0.622501
17	0.258212
17	0.717134
17	1.284740
17	0.598192
17	0.820051
17	0.577509
17	0.550338
17	0.261382
17	0.251470
17	0.516147
17	1.545004
17	0.377095
17	0.148823
17	0.385365
17	0.483738
17	0.415712
17	0.368433
17	1.028387
17	0.785513
17	4.820521
17	0.843392
17	0.158323
17	0.496905
17	0.391418
17	0.643750
17	0.526660
17	1.696307
17	0.613346
17	0.125082
17	0.525002
17	0.742612
17	0.207678
17	0.751607
17	0.414259
17	1.033335
17	1.288392
17	0.830161
17	0.514425
17	0.465574
17	0.459242
17	1.638538
17	0.659356
17	0.708213
17	0.720938
17	0.631804
17	1.527387
17	0.688996
17	0.681791
17	0.041851
17	3.927499
17	0.442674
17	0.211193
17	0.748304
17	0.328386
17	0.519683
17	0.550631
17	0.935428
17	0.792275
17	0.341977
17	0.641229
17	0.956609
17	0.960953
17	0.710105
17	0.832019
18	0.156603
18	0.573042
18	0.270762
18	0.254596
18	0.915752
18	0.395362
18	0.367408
18	0.124794
18	0.485848
18	0.237187
18	0.358597
18	0.533317
18	0.514803
18	0.198347
18	0.624059
18	0.306705
18	0.805398
18	0.193986
18	0.721161
18	1.362956
18	0.616968
18	0.821309
18	0.445176
18	1.031247
18	0.210918
18	0.470264
18	0.117403
18	0.288271
18	0.783935
18	0.424923
18	0.534551
18	0.474934
18	0.400906
18	1.407468
18	0.837272
18	0.507449
18	0.522599
18	0.106352
18	0.243946
18	0.647259
18	0.355130
18	0.274340
18	0.576580
18	0.444121
18	0.297500
18	0.784479
18	0.260102
18	0.695904
18	0.377798
18	0.607988
18	0.580442
18	0.564977
18	0.280896
18	1.161262
18	0.942992
18	0.505363
18	1.399801
18	0.668890
18	0.489625
18	0.166717
18	1.554688
18	0.357266
18	1.208121
18	0.877708
18	0.476115
18	1.894312
18	0.443073
18	0.563404
18	0.538390
18	1.813842
18	0.307206
18	0.410764
18	0.184692
18	0.792141
18	0.855489
18	0.535108
18	0.815499
18	0.314783
18	2.302689
18	0.437671
18	0.382122
18	0.275883
18	1.131272
18	0.858615
18	1.166343
18	0.334165
18	0.127487
18	0.234359
18	0.639444
18	0.786742
18	0.699157
18	0.417002
18	0.471166
18	0.400120
18	0.262603
18	1.346063
18	0.420819
18	0.447566
18	0.335813
18	0.297479
19	0.388756
19	1.177854
19	0.780107
19	0.629597
19	2.023476
19	0.245589
19	0.313361
19	0.395839
19	0.643313
19	0.136732
19	0.297840
19	0.294525
19	0.373656
19	0.269549
19	0.468002
19	1.311057
19	0.357165
19	0.482575
19	1.363961
19	0.422862
19	0.888003
19	0.364438
19	0.778338
19	0.833035
19	0.241080
19	0.627152
19	0.651788
19	1.024349
19	2.198251
19	0.420725
19	0.784957
19	0.166066
19	1.234976
19	1.153038
19	0.698212
19	0.767812
19	0.314784
19	0.779800
19	0.562434
19	0.436891
19	1.003204
19	0.364494
19	0.463193
19	0.604034
19	0.458171
19	2.558456
19	0.099405
19	1.481262
19	0.566703
19	1.750672
19	0.366195
19	0.568710
19	0.315043
19	0.649584
19	0.471703
19	0.446580
19	0.051416
19	0.684137
19	0.259248
19	0.493366
19	0.095541
19	0.499334
19	0.381683
19	0.436692
19	1.028325
19	0.433161
19	0.352381
19	0.255199
19	0.281876
19	1.146980
19	0.203942
19	0.302600
19	0.489022
19	0.745773
19	0.544802
19	0.624558
19	0.947246
19	0.247513
19	0.457019
19	1.011074
19	0.912570
19	0.921965
19	0.493008
19	1.545959
19	1.138885
19	2.728492
19	0.727366
19	0.692286
19	0.754015
19	0.806789
19	0.503350
19	0.197793
19	0.156698
19	0.496809
19	0.122625
19	0.500086
19	0.692201
19	1.263104
19	1.374541
19	0.633206
20	0.526357
20	0.622553
20	0.404840
20	0.611271
20	0.187429
20	0.909641
20	0.290495
20	0.300808
20	0.516808
20	0.321128
20	0.731518
20	0.206445
20	0.255850
20	0.740073
20	0.883562
20	0.563006
20	0.410561
20	1.457297
20	0.294617
20	0.200163
20	0.936483
20	0.716981
20	0.686404
20	0.070535
20	0.278762
20	1.458145
20	0.325573
20	0.710926
20	0.414752
20	0.220627
20	0.260273
20	1.187048
20	0.439773
20	0.499715
20	0.258650
20	0.330777
20	0.592062
20	0.110558
20	0.488421
20	0.947412
20	0.213314
20	0.781476
20	0.548133
20	0.963493
20	0.881965
20	0.338767
20	0.506148
20	0.126378
20	0.283331
20	0.802223
20	0.823127
20	0.068270
20	0.523346
20	0.691405
20	0.221828
20	0.942203
20	0.239722
20	0.505154
20	0.220977
20	0.566251
20	0.892264
20	0.922995
20	1.130435
20	1.020522
20	2.667227
20	0.431812
20	0.461890
20	0.335930
20	1.423667
20	0.109568
20	0.400902
20	0.336258
20	0.573247
20	0.476403
20	0.370142
20	0.339152
20	1.118657
20	0.219019
20	0.253769
20	1.085818
20	0.768855
20	0.450983
20	0.595674
20	0.611678
20	1.260000
20	0.341723
20	0.045648
20	1.184528
20	1.063230
20	1.843308
20	0.321120
20	0.367631
20	0.768375
20	0.165793
20	0.495185
20	1.142668
20	0.443212
20	0.574659
20	0.920017
20	0.670356
21	0.497382
21	0.316201
21	0.512373
21	0.343658
21	0.171777
21	0.203168
21	0.697201
21	0.171152
21	0.112687
21	1.629774
21	0.282415
21	0.575674
21	0.549449
21	0.632913
21	0.792151
21	0.284256
21	0.463149
21	0.385675
21	1.543362
21	2.023298
21	1.716396
21	1.062470
21	0.408914
21	0.468192
21	0.613707
21	0.414967
21	1.464464
21	0.407192
21	1.270138
21	0.353386
21	0.298711
21	0.451764
21	0.633493
21	0.221760
21	0.711393
21	9.299286
21	0.415696
21	0.805406
21	0.268538
21	0.181351
21	0.374109
21	0.798349
21	0.314277
21	1.092473
21	1.130066
21	0.064239
21	0.237147
21	1.204429
21	0.315043
21	0.765946
21	0.456061
21	0.451987
21	0.954423
21	1.387798
21	0.438711
21	0.353272
21	0.427316
21	0.365643
21	0.855588
21	0.485401
21	0.721763
21	0.816625
21	0.951008
21	0.440760
21	0.242099
21	0.827849
21	0.133103
21	1.198454
21	0.497865
21	0.291044
21	0.680592
21	0.236676
21	0.147822
21	0.625160
21	0.366248
21	0.477059
21	0.915604
21	0.396139
21	0.426175
21	1.019121
21	0.630777
21	1.092325
21	0.311993
21	1.061989
21	1.371846
21	1.076467
21	0.155190
21	0.996070
21	1.146539
21	0.542162
21	0.719757
21	0.227192
21	0.552573
21	0.529748
21	0.292126
21	0.192884
21	0.759208
21	0.386675
21	0.435247
21	0.683484
22	0.429967
22	0.872839
22	1.110039
22	0.419363
22	0.580794
22	0.880814
22	0.796582
22	0.427045
22	1.209172
22	0.327819
22	1.362251
22	0.295594
22	0.170399
22	0.603583
22	0.681160
22	0.297148
22	0.746204
22	0.460923
22	1.274881
22	0.345122
22	0.666971
22	0.483266
22	1.014537
22	0.439270
22	0.761006
22	0.118039
22	0.606891
22	0.529260
22	0.085764
22	1.298079
22	0.638313
22	0.500937
22	0.920755
22	0.477574
22	4.653695
22	0.290696
22	0.854966
22	0.281234
22	0.822561
22	0.249891
22	0.123224
22	0.816164
22	0.571352
22	0.675632
22	1.187045
22	0.073417
22	0.351776
22	2.671983
22	0.311424
22	0.671416
22	0.123095
22	0.502680
22	0.450051
22	0.087427
22	0.439142
22	0.160152
22	0.515745
22	0.557535
22	0.706765
22	0.751399
22	0.507400
22	0.260797
22	0.317177
22	0.153799
22	0.508777
22	1.123454
22	0.696754
22	0.499852
22	1.531757
22	0.600096
22	0.706805
22	1.049548
22	0.462696
22	0.759523
22	0.496937
22	0.306468
22	0.395937
22	0.798059
22	0.379435
22	0.360732
22	0.724313
22	0.546652
22	0.739808
22	0.164164
22	0.654971
22	0.150947
22	0.290309
22	0.490068
22	0.850018
22	0.108678
22	0.795838
22	0.330166
22	0.547735
22	0.654523
22	1.165172
22	0.161093
22	0.447070
22	1.442739
22	0.391862
22	1.721746
23	0.457226
23	0.976272
23	0.630066
23	1.188502
23	0.576575
23	0.652271
23	0.277798
23	1.908927
23	1.118563
23	0.987260
23	1.100438
23	0.466469
23	1.840601
23	0.905872
23	0.797399
23	1.341619
23	0.454219
23	0.136855
23	0.899189
23	1.092356
23	0.604707
23	0.591284
23	0.752759
23	1.769745
23	1.147019
23	0.433314
23	1.712188
23	6.066045
23	0.643996
23	0.127521
23	0.462246
23	0.970477
23	0.386175
23	0.711898
23	0.909226
23	0.803578
23	0.492435
23	0.242560
23	0.729752
23	0.316525
23	0.984079
23	0.331989
23	0.443873
23	0.150973
23	0.568644
23	0.868242
23	0.677611
23	0.917981
23	1.354523
23	0.207867
23	0.508068
23	0.412459
23	0.518679
23	0.138388
23	0.708888
23	0.875498
23	0.461417
23	0.472334
23	1.264928
23	0.280439
23	1.531614
23	0.223733
23	0.254522
23	0.454749
23	0.698543
23	0.769735
23	0.190806
23	0.537688
23	0.735036
23	0.877631
23	0.322383
23	0.807657
23	0.254426
23	0.272569
23	0.935248
23	0.272015
23	0.741520
23	0.871858
23	1.426544
23	1.405707
23	0.782854
23	0.465698
23	0.416021
23	1.357552
23	0.414137
23	0.352934
23	0.612991
23	0.233927
23	0.445987
23	0.245706
23	0.513982
23	0.356021
23	0.557987
23	1.064990
23	0.603505
23	0.318511
23	0.703195
23	1.086226
23	0.622494
23	1.295546
24	0.500330
24	0.429123
24	0.564163
24	1.026331
24	0.304869
24	0.784534
24	1.337820
24	0.342758
24	0.521834
24	0.900474
24	0.089957
24	0.097969
24	1.474394
24	0.402633
24	0.915712
24	1.304139
24	0.666155
24	3.953109
24	0.821885
24	0.923496
24	0.939501
24	0.423533
24	0.428303
24	0.271857
24	0.296723
24	0.786208
24	0.301053
24	0.691372
24	0.817519
24	0.230606
24	0.453456
24	0.526744
24	0.463654
24	0.951465
24	0.962418
24	0.616260
24	0.415601
24	0.304675
24	1.040511
24	0.629870
24	1.042071
24	0.387087
24	0.477577
24	0.801586
24	0.255413
24	0.468371
24	0.598062
24	0.590771
24	0.729950
24	1.144445
24	0.557069
24	0.449019
24	1.196622
24	0.422576
24	0.563510
24	0.759600
24	0.655958
24	0.383767
24	1.412110
24	0.489371
24	1.003829
24	0.271641
24	0.486395
24	0.373307
24	0.762759
24	0.648838
24	0.223600
24	0.517345
24	0.597168
24	0.430599
24	0.487658
24	1.814752
24	0.559718
24	0.462146
24	0.496541
24	0.904770
24	0.806291
24	0.420539
24	1.812584
24	0.615006
24	0.122906
24	0.459272
24	0.165625
24	0.569017
24	2.202478
24	0.628767
24	0.763683
24	1.828374
24	0.275074
24	0.490770
24	0.268024
24	0.402836
24	1.596292
24	0.851734
24	0.559283
24	0.839833
24	0.598415
24	0.432755
24	0.273475
24	0.737024
25	0.701548
25	0.832649
25	0.673691
25	0.497849
25	0.420552
25	0.970174
25	0.472779
25	0.269247
25	0.182177
25	0.809007
25	0.426649
25	0.710770
25	0.779813
25	0.700150
25	0.892456
25	0.610239
25	0.262392
25	0.886648
25	0.096349
25	0.245976
25	0.554038
25	0.573015
25	0.452777
25	0.903708
25	0.570851
25	0.424764
25	0.220687
25	0.365589
25	0.530973
25	1.391653
25	0.572844
25	0.633211
25	0.602464
25	1.288626
25	0.347368
25	0.361526
25	0.646693
25	0.670584
25	1.546473
25	0.704370
25	0.163068
25	0.743052
25	0.748883
25	0.408951
25	0.555395
25	0.287058
25	0.991887
25	0.738264
25	0.566735
25	1.377947
25	1.502872
25	1.455993
25	0.784482
25	1.069655
25	0.222222
25	0.448356
25	0.555297
25	0.226731
25	0.622763
25	0.714806
25	0.430967
25	0.624033
25	0.653143
25	0.839778
25	0.163934
25	0.450400
25	0.952350
25	0.509594
25	0.398497
25	0.757308
25	0.311153
25	0.325019
25	0.797270
25	0.413155
25	0.517489
25	1.711095
25	0.536727
25	0.321443
25	1.994974
25	1.160861
25	0.297805
25	0.658170
25	0.570618
25	0.569764
25	0.342851
25	0.480938
25	0.432786
25	1.018100
25	0.698208
25	0.249119
25	0.387795
25	0.357518
25	0.504316
25	0.841016
25	0.575631
25	0.922643
25	0.642760
25	0.807070
25	1.037754
25	1.277118
26	0.172391
26	0.267253
26	0.130329
26	1.176151
26	0.168297
26	0.415014
26	0.818295
26	1.008308
26	0.450365
26	0.390065
26	0.407015
26	0.200790
26	0.242059
26	0.192488
26	0.714978
26	0.495754
26	0.422001
26	0.696581
26	0.732914
26	0.447987
26	0.244649
26	0.504134
26	0.507682
26	0.304857
26	0.717540
26	0.269610
26	0.543236
26	0.232841
26	0.793749
26	0.828495
26	0.298882
26	0.120538
26	0.338169
26	0.899199
26	0.734945
26	0.994936
26	0.660915
26	0.582579
26	0.443254
26	0.246855
26	0.225012
26	0.527717
26	0.615420
26	0.267289
26	0.317202
26	1.700016
26	1.825602
26	0.290816
26	0.461920
26	0.586602
26	0.405730
26	0.604559
26	1.089208
26	0.395696
26	0.156522
26	0.221707
26	0.351781
26	1.295346
26	1.117351
26	0.173333
26	0.246515
26	0.532515
26	0.422051
26	1.073120
26	0.219209
26	0.746624
26	0.601120
26	4.159708
26	0.332596
26	1.777972
26	0.640817
26	0.558021
26	0.870711
26	0.999035
26	0.316343
26	0.143738
26	1.628956
26	0.831028
26	0.289877
26	1.136718
26	0.369481
26	0.492073
26	0.111271
26	0.558580
26	0.378051
26	0.678259
26	0.905181
26	0.340291
26	0.451985
26	0.993245
26	1.420326
26	0.475641
26	0.140067
26	0.136834
26	0.125056
26	0.427605
26	0.550481
26	0.786615
26	0.313789
26	0.471650
27	0.138764
27	0.318926
27	1.048370
27	0.636969
27	0.379374
27	0.665614
27	0.362800
27	0.212097
27	0.060539
27	0.363768
27	0.707645
27	0.085629
27	0.476220
27	0.102322
27	0.674466
27	0.449097
27	0.108042
27	0.510104
27	0.088139
27	0.571303
27	1.150472
27	0.193521
27	0.615480
27	1.709199
27	0.360323
27	0.442101
27	0.067954
27	0.251985
27	1.030319
27	0.403047
27	0.503729
27	0.278050
27	0.627055
27	0.615602
27	0.303905
27	0.841337
27	0.484460
27	0.582749
27	1.775361
27	0.451722
27	0.535272
27	0.943312
27	0.208755
27	0.836341
27	2.090741
27	0.419112
27	0.826171
27	0.482895
27	1.245855
27	0.689867
27	0.076119
27	0.134358
27	0.491258
27	0.317304
27	0.338580
27	0.813634
27	0.413696
27	0.161396
27	0.166423
27	1.013023
27	0.463515
27	0.559392
27	0.566531
27	0.239502
27	0.966915
27	0.224642
27	0.460328
27	0.282773
27	0.283104
27	0.513387
27	0.720771
27	1.161388
27	0.313978
27	0.304944
27	0.475340
27	0.786189
27	0.227853
27	0.839463
27	0.121252
27	0.673565
27	0.253142
27	0.587586
27	0.582327
27	0.230031
27	0.378565
27	0.152506
27	0.825132
27	1.548143
27	0.298182
27	0.377279
27	0.744578
27	0.997607
27	0.600832
27	1.025124
27	1.084553
27	0.988144
27	0.257409
27	0.470275
27	4.928422
27	1.034242
28	1.099493
28	0.433510
28	0.357926
28	0.561463
28	0.354027
28	0.822271
28	0.244382
28	0.115458
28	0.318904
28	1.496612
28	0.500910
28	0.847931
28	0.221130
28	0.461353
28	0.247041
28	0.568598
28	0.411521
28	0.961975
28	2.897905
28	0.568524
28	0.836639
28	0.246521
28	0.168740
28	2.510893
28	0.753311
28	0.463405
28	0.309311
28	0.479381
28	0.397022
28	0.697863
28	0.409054
28	0.697906
28	0.423060
28	0.963282
28	1.022399
28	0.592312
28	0.509235
28	0.248138
28	0.400780
28	0.312898
28	0.739562
28	1.045595
28	0.473985
28	0.394567
28	0.264556
28	0.560690
28	0.433445
28	0.744550
28	0.389030
28	0.636225
28	0.574800
28	1.166780
28	0.680513
28	1.514500
28	0.474972
28	0.537311
28	0.272177
28	0.834191
28	0.108209
28	0.343097
28	0.262947
28	0.226104
28	0.199431
28	0.498649
28	0.948541
28	0.744629
28	0.320629
28	0.160164
28	0.833671
28	0.296388
28	0.391003
28	0.618984
28	1.110205
28	0.152368
28	0.415753
28	0.396183
28	0.480916
28	0.802896
28	0.297823
28	0.518678
28	0.382365
28	0.423373
28	1.196346
28	0.802533
28	0.303390
28	1.833360
28	0.617081
28	0.399199
28	0.404212
28	0.281769
28	0.188127
28	0.442060
28	1.187052
28	0.441200
28	0.958603
28	0.911598
28	0.592217
28	0.485185
28	0.800274
28	2.787735
29	0.157257
29	0.212539
29	0.969825
29	0.687818
29	0.487793
29	1.317535
29	0.091574
29	0.752594
29	0.263704
29	0.412591
29	0.356399
29	0.133440
29	1.192040
29	1.407700
29	0.670271
29	0.480910
29	0.442109
29	0.501827
29	0.582667
29	0.352515
29	0.499599
29	0.598420
29	0.563731
29	0.765747
29	0.852428
29	0.521565
29	1.173649
29	0.508480
29	0.293979
29	0.730976
29	0.304548
29	0.162762
29	0.614353
29	0.742602
29	0.214204
29	0.665510
29	0.375308
29	0.791417
29	0.415128
29	0.692008
29	0.572409
29	0.443058
29	0.424761
29	0.582919
29	0.597022
29	0.279171
29	0.363154
29	0.580596
29	0.177200
29	0.719199
29	0.719065
29	1.416822
29	0.285846
29	0.385858
29	0.556251
29	0.699291
29	0.806947
29	0.842409
29	0.444870
29	0.833061
29	0.663262
29	0.141742
29	1.048618
29	0.575852
29	0.677399
29	0.727058
29	0.483336
29	0.518242
29	0.906493
29	0.812300
29	0.716027
29	0.590428
29	0.270459
29	0.356401
29	1.910297
29	0.412658
29	0.609874
29	1.556155
29	0.202164
29	0.307975
29	0.588530
29	0.477412
29	0.130724
29	0.374754
29	1.085346
29	0.288572
29	0.770032
29	0.431410
29	0.536994
29	1.048545
29	0.751821
29	0.632451
29	1.388938
29	0.293553
29	0.529067
29	0.589777
29	0.109852
29	0.511827
29	0.722905
29	0.646319
30	0.769997
30	0.556505
30	0.993717
30	0.148239
30	0.676419
30	1.756429
30	0.406618
30	0.743750
30	0.914143
30	0.100643
30	0.451992
30	0.468443
30	1.037632
30	1.634145
30	0.876622
30	0.509086
30	0.805054
30	0.272739
30	0.468232
30	0.457458
30	0.653024
30	0.264596
30	0.598090
30	1.446787
30	0.256066
30	0.417094
30	0.915292
30	0.214121
30	0.289244
30	0.507163
30	0.399560
30	0.487282
30	0.540755
30	0.746947
30	0.913293
30	0.461513
30	0.071041
30	1.042188
30	0.558996
30	0.331326
30	1.203818
30	0.384880
30	0.164430
30	0.205090
30	0.276982
30	0.569278
30	0.278626
30	1.190591
30	0.369334
30	0.097688
30	0.837486
30	0.257370
30	0.508182
30	0.408690
30	0.449871
30	0.362257
30	0.597845
30	0.321359
30	0.450535
30	0.215267
30	0.340503
30	0.997038
30	0.405929
30	0.247294
30	0.440252
30	1.039605
30	0.655442
30	0.095881
30	0.381548
30	0.439896
30	0.412200
30	1.269160
30	0.551119
30	0.259775
30	0.296992
30	0.218023
30	1.390075
30	0.805221
30	0.509037
30	0.595757
30	0.426712
30	1.018707
30	0.317608
30	0.372463
30	0.781983
30	0.323296
30	2.106091
30	0.346034
30	1.304612
30	0.576735
30	1.323044
30	0.577321
30	0.887273
30	0.280825
30	0.716561
30	1.446974
30	0.039697
30	0.662258
30	0.364042
30	1.119307
