1	0.000
1	0.169
1	0.000
1	0.164
1	0.000
1	0.000
1	0.000
1	0.000
1	0.000
1	0.000
1	0.000
1	0.000
1	0.000
1	0.000
1	0.000
1	0.000
1	0.000
1	0.000
1	0.000
1	0.000
1	0.000
1	0.000
1	0.000
1	1.000
1	0.000
1	0.000
1	0.000
1	0.000
1	0.000
1	0.000
1	0.000
1	0.968
1	0.319
1	0.000
1	0.000
1	0.000
1	0.000
1	0.000
1	0.000
1	1.000
1	0.000
1	0.000
1	1.000
1	0.000
1	0.000
1	0.000
1	0.000
1	0.373
1	0.000
1	1.000
1	0.000
1	0.000
1	0.000
1	0.000
1	0.000
1	0.000
1	0.000
1	1.000
1	0.000
1	0.000
1	0.000
1	0.000
1	0.000
1	0.000
1	0.000
1	0.000
1	0.000
1	0.354
1	1.000
1	0.000
1	0.000
1	0.000
1	1.000
1	0.000
1	0.000
1	0.000
1	0.000
1	0.165
1	0.000
1	0.000
1	0.000
1	0.000
1	0.000
1	0.037
1	0.000
1	0.000
1	0.189
1	0.000
1	0.000
1	0.000
1	0.000
1	0.000
1	0.000
1	0.000
1	0.000
1	0.000
1	0.000
1	0.000
1	0.038
1	0.000
2	1.000
2	0.000
2	0.017
2	0.222
2	0.000
2	0.683
2	0.029
2	0.412
2	0.290
2	0.007
2	0.148
2	0.012
2	0.000
2	0.014
2	0.000
2	0.146
2	0.000
2	0.000
2	0.603
2	0.000
2	0.251
2	0.002
2	0.000
2	0.005
2	0.113
2	0.000
2	0.424
2	0.015
2	0.365
2	0.147
2	0.830
2	0.000
2	0.524
2	0.645
2	0.248
2	0.995
2	0.024
2	0.163
2	0.664
2	0.000
2	0.004
2	0.171
2	0.685
2	0.122
2	0.135
2	0.452
2	0.000
2	0.999
2	0.000
2	0.000
2	0.612
2	0.523
2	0.000
2	0.682
2	0.000
2	0.000
2	0.008
2	0.011
2	0.751
2	0.410
2	0.000
2	0.000
2	0.000
2	0.616
2	0.014
2	0.000
2	0.022
2	0.000
2	0.226
2	0.000
2	0.000
2	0.000
2	0.001
2	0.000
2	0.014
2	0.171
2	0.000
2	0.015
2	0.003
2	0.720
2	0.000
2	0.000
2	0.273
2	0.000
2	0.000
2	0.132
2	0.000
2	0.000
2	0.127
2	0.000
2	0.234
2	0.000
2	0.375
2	0.000
2	0.260
2	0.148
2	0.090
2	0.057
2	0.000
2	1.000
3	0.086
3	0.000
3	0.837
3	0.006
3	0.002
3	0.603
3	0.095
3	0.311
3	0.573
3	0.636
3	0.114
3	0.007
3	0.464
3	0.264
3	0.024
3	0.000
3	0.818
3	0.005
3	0.154
3	0.518
3	0.144
3	0.355
3	0.219
3	0.318
3	0.404
3	0.000
3	0.133
3	0.000
3	0.107
3	0.000
3	0.882
3	0.331
3	0.129
3	0.294
3	0.093
3	0.187
3	0.074
3	0.002
3	0.187
3	0.786
3	0.137
3	0.359
3	0.815
3	0.681
3	0.220
3	0.155
3	0.148
3	0.000
3	0.000
3	0.000
3	0.002
3	0.507
3	0.261
3	0.009
3	0.001
3	0.092
3	0.164
3	0.105
3	0.953
3	0.019
3	0.000
3	0.218
3	0.639
3	0.370
3	0.000
3	0.176
3	0.007
3	0.549
3	0.003
3	0.362
3	0.269
3	0.149
3	0.357
3	0.628
3	0.669
3	0.000
3	0.128
3	0.054
3	0.111
3	0.332
3	0.120
3	0.757
3	0.023
3	0.422
3	0.720
3	0.000
3	0.656
3	0.116
3	0.009
3	0.404
3	0.000
3	0.076
3	0.579
3	0.000
3	0.240
3	0.007
3	0.164
3	0.005
3	0.765
3	0.000
4	0.280
4	0.386
4	0.000
4	0.972
4	0.003
4	0.000
4	0.292
4	0.024
4	0.142
4	0.000
4	0.432
4	0.378
4	0.490
4	0.006
4	0.201
4	0.557
4	0.000
4	0.000
4	0.000
4	0.005
4	0.165
4	0.204
4	0.714
4	0.040
4	0.032
4	0.052
4	0.293
4	0.206
4	0.075
4	0.000
4	0.389
4	0.405
4	0.098
4	0.015
4	0.000
4	0.458
4	0.006
4	0.000
4	0.418
4	0.084
4	0.367
4	0.342
4	0.330
4	0.000
4	0.068
4	0.000
4	0.516
4	0.050
4	0.093
4	0.773
4	0.130
4	0.014
4	0.124
4	0.382
4	0.009
4	0.003
4	0.469
4	0.167
4	0.235
4	0.132
4	0.036
4	0.002
4	0.003
4	0.376
4	0.454
4	0.069
4	0.016
4	0.175
4	0.000
4	0.614
4	0.001
4	0.400
4	0.000
4	0.524
4	0.280
4	0.096
4	0.050
4	0.614
4	0.324
4	0.920
4	0.223
4	0.390
4	0.013
4	0.227
4	0.222
4	0.061
4	0.626
4	0.023
4	0.004
4	0.018
4	0.284
4	0.306
4	0.271
4	0.002
4	0.001
4	0.724
4	0.168
4	0.036
4	0.224
4	0.094
5	0.411
5	0.136
5	0.227
5	0.636
5	0.102
5	0.123
5	0.004
5	0.097
5	0.197
5	0.339
5	0.651
5	0.153
5	0.151
5	0.022
5	0.480
5	0.429
5	0.725
5	0.179
5	0.082
5	0.482
5	0.565
5	0.132
5	0.056
5	0.252
5	0.066
5	0.081
5	0.148
5	0.398
5	0.829
5	0.059
5	0.414
5	0.043
5	0.002
5	0.239
5	0.000
5	0.055
5	0.001
5	0.170
5	0.015
5	0.509
5	0.271
5	0.350
5	0.510
5	0.159
5	0.428
5	0.141
5	0.000
5	0.104
5	0.557
5	0.459
5	0.737
5	0.678
5	0.643
5	0.457
5	0.023
5	0.101
5	0.555
5	0.078
5	0.429
5	0.012
5	0.371
5	0.063
5	0.176
5	0.133
5	0.146
5	0.724
5	0.063
5	0.379
5	0.326
5	0.237
5	0.170
5	0.340
5	0.470
5	0.356
5	0.525
5	0.438
5	0.818
5	0.542
5	0.077
5	0.200
5	0.001
5	0.191
5	0.169
5	0.573
5	0.587
5	0.110
5	0.065
5	0.127
5	0.170
5	0.021
5	0.298
5	0.485
5	0.399
5	0.149
5	0.058
5	0.382
5	0.495
5	0.425
5	0.490
5	0.172
6	0.319
6	0.223
6	0.509
6	0.255
6	0.412
6	0.227
6	0.428
6	0.490
6	0.443
6	0.420
6	0.126
6	0.688
6	0.150
6	0.265
6	0.418
6	0.341
6	0.155
6	0.118
6	0.472
6	0.259
6	0.166
6	0.606
6	0.048
6	0.721
6	0.157
6	0.780
6	0.470
6	0.047
6	0.331
6	0.492
6	0.156
6	0.398
6	0.419
6	0.175
6	0.026
6	0.359
6	0.359
6	0.294
6	0.392
6	0.531
6	0.883
6	0.513
6	0.786
6	0.518
6	0.481
6	0.110
6	0.291
6	0.260
6	0.794
6	0.331
6	0.000
6	0.173
6	0.168
6	0.386
6	0.181
6	0.390
6	0.329
6	0.331
6	0.613
6	0.259
6	0.317
6	0.257
6	0.307
6	0.318
6	0.783
6	0.225
6	0.267
6	0.353
6	0.369
6	0.488
6	0.274
6	0.297
6	0.456
6	0.174
6	0.126
6	0.522
6	0.211
6	0.449
6	0.449
6	0.581
6	0.248
6	0.610
6	0.225
6	0.252
6	0.351
6	0.543
6	0.206
6	0.005
6	0.278
6	0.467
6	0.347
6	0.710
6	0.482
6	0.693
6	0.253
6	0.399
6	0.324
6	0.267
6	0.566
6	0.232
7	0.285
7	0.303
7	0.440
7	0.434
7	0.412
7	0.410
7	0.265
7	0.432
7	0.350
7	0.057
7	0.184
7	0.177
7	0.509
7	0.212
7	0.183
7	0.552
7	0.227
7	0.218
7	0.510
7	0.355
7	0.283
7	0.462
7	0.448
7	0.772
7	0.472
7	0.211
7	0.013
7	0.425
7	0.310
7	0.461
7	0.888
7	0.157
7	0.858
7	0.576
7	0.054
7	0.469
7	0.352
7	0.306
7	0.846
7	0.715
7	0.285
7	0.372
7	0.430
7	0.531
7	0.167
7	0.481
7	0.258
7	0.450
7	0.161
7	0.395
7	0.246
7	0.348
7	0.481
7	0.207
7	0.277
7	0.759
7	0.319
7	0.231
7	0.241
7	0.451
7	0.322
7	0.188
7	0.723
7	0.801
7	0.358
7	0.513
7	0.215
7	0.219
7	0.647
7	0.000
7	0.538
7	0.283
7	0.471
7	0.951
7	0.474
7	0.310
7	0.335
7	0.518
7	0.397
7	0.043
7	0.204
7	0.527
7	0.537
7	0.417
7	0.201
7	0.358
7	0.462
7	0.210
7	0.472
7	0.170
7	0.597
7	0.571
7	0.127
7	0.290
7	0.076
7	0.279
7	0.593
7	0.193
7	0.616
7	0.680
8	0.280
8	0.490
8	0.513
8	0.622
8	0.643
8	0.603
8	0.436
8	0.637
8	0.240
8	0.126
8	0.156
8	0.554
8	0.450
8	0.427
8	0.452
8	0.389
8	0.349
8	0.112
8	0.182
8	0.491
8	0.502
8	0.211
8	0.683
8	0.089
8	0.202
8	0.651
8	0.602
8	0.054
8	0.687
8	0.256
8	0.218
8	0.441
8	0.525
8	0.361
8	0.067
8	0.177
8	0.547
8	0.386
8	0.230
8	0.338
8	0.607
8	0.753
8	0.556
8	0.461
8	0.543
8	0.331
8	0.285
8	0.746
8	0.551
8	0.207
8	0.269
8	0.509
8	0.378
8	0.473
8	0.050
8	0.443
8	0.739
8	0.296
8	0.211
8	0.346
8	0.627
8	0.270
8	0.587
8	0.457
8	0.378
8	0.429
8	0.197
8	0.336
8	0.229
8	0.352
8	0.445
8	0.227
8	0.465
8	0.336
8	0.693
8	0.511
8	0.112
8	0.262
8	0.315
8	0.683
8	0.284
8	0.518
8	0.210
8	0.150
8	0.114
8	0.473
8	0.152
8	0.552
8	0.448
8	0.470
8	0.458
8	0.339
8	0.232
8	0.441
8	0.318
8	0.188
8	0.559
8	0.797
8	0.845
8	0.488
9	0.345
9	0.417
9	0.449
9	0.457
9	0.013
9	0.177
9	0.397
9	0.466
9	0.289
9	0.715
9	0.673
9	0.318
9	0.253
9	0.430
9	0.212
9	0.293
9	0.528
9	0.305
9	0.485
9	0.250
9	0.765
9	0.494
9	0.482
9	0.199
9	0.671
9	0.728
9	0.658
9	0.421
9	0.278
9	0.508
9	0.479
9	0.232
9	0.516
9	0.503
9	0.397
9	0.403
9	0.424
9	0.575
9	0.816
9	0.485
9	0.474
9	0.441
9	0.312
9	0.253
9	0.332
9	0.443
9	0.652
9	0.256
9	0.568
9	0.445
9	0.530
9	0.602
9	0.316
9	0.536
9	0.306
9	0.690
9	0.520
9	0.239
9	0.417
9	0.610
9	0.600
9	0.572
9	0.444
9	0.526
9	0.390
9	0.435
9	0.349
9	0.281
9	0.476
9	0.631
9	0.670
9	0.775
9	0.321
9	0.548
9	0.366
9	0.088
9	0.732
9	0.697
9	0.520
9	0.432
9	0.300
9	0.267
9	0.685
9	0.397
9	0.277
9	0.600
9	0.650
9	0.357
9	0.677
9	0.907
9	0.437
9	0.559
9	0.271
9	0.492
9	0.536
9	0.406
9	0.246
9	0.322
9	0.593
9	0.412
10	0.378
10	0.723
10	0.501
10	0.336
10	0.527
10	0.413
10	0.309
10	0.792
10	0.741
10	0.482
10	0.508
10	0.459
10	0.224
10	0.508
10	0.853
10	0.782
10	0.555
10	0.705
10	0.579
10	0.388
10	0.372
10	0.335
10	0.284
10	0.409
10	0.425
10	0.780
10	0.580
10	0.420
10	0.577
10	0.577
10	0.431
10	0.368
10	0.584
10	0.754
10	0.533
10	0.517
10	0.536
10	0.340
10	0.658
10	0.751
10	0.398
10	0.565
10	0.544
10	0.340
10	0.526
10	0.685
10	0.473
10	0.478
10	0.253
10	0.564
10	0.593
10	0.627
10	0.645
10	0.647
10	0.527
10	0.768
10	0.416
10	0.604
10	0.584
10	0.698
10	0.342
10	0.449
10	0.630
10	0.339
10	0.497
10	0.368
10	0.429
10	0.299
10	0.659
10	0.538
10	0.114
10	0.461
10	0.398
10	0.648
10	0.698
10	0.546
10	0.742
10	0.171
10	0.411
10	0.531
10	0.511
10	0.470
10	0.502
10	0.370
10	0.403
10	0.771
10	0.620
10	0.599
10	0.771
10	0.567
10	0.461
10	0.605
10	0.373
10	0.730
10	0.601
10	0.467
10	0.314
10	0.505
10	0.173
10	0.490
11	0.655
11	0.623
11	0.639
11	0.578
11	0.302
11	0.771
11	0.714
11	0.239
11	0.509
11	0.699
11	0.774
11	0.642
11	0.779
11	0.612
11	0.560
11	0.354
11	0.356
11	0.639
11	0.382
11	0.409
11	0.502
11	0.414
11	0.602
11	0.724
11	0.727
11	0.881
11	0.493
11	0.532
11	0.416
11	0.541
11	0.391
11	0.233
11	0.420
11	0.570
11	0.865
11	0.626
11	0.817
11	0.609
11	0.530
11	0.494
11	0.821
11	0.954
11	0.406
11	0.506
11	0.337
11	0.278
11	0.310
11	0.241
11	0.385
11	0.544
11	0.624
11	0.369
11	0.441
11	0.595
11	0.530
11	0.364
11	0.505
11	0.568
11	0.384
11	0.408
11	0.260
11	0.496
11	0.547
11	0.557
11	0.518
11	0.787
11	0.319
11	0.621
11	0.628
11	0.663
11	0.712
11	0.472
11	0.645
11	0.255
11	0.377
11	0.580
11	0.372
11	0.205
11	0.421
11	0.719
11	0.270
11	0.309
11	0.647
11	0.397
11	0.433
11	0.586
11	0.579
11	0.379
11	0.415
11	0.780
11	0.609
11	0.717
11	0.366
11	0.449
11	0.784
11	0.388
11	0.187
11	0.275
11	0.612
11	0.388
12	0.754
12	0.308
12	0.683
12	0.694
12	0.383
12	0.526
12	0.384
12	0.552
12	0.245
12	0.660
12	0.655
12	0.691
12	0.065
12	0.460
12	0.581
12	0.496
12	0.580
12	0.848
12	0.413
12	0.684
12	0.441
12	0.343
12	0.483
12	0.512
12	0.587
12	0.522
12	0.671
12	0.462
12	0.390
12	0.740
12	0.423
12	0.839
12	0.405
12	0.752
12	0.783
12	0.528
12	0.751
12	0.693
12	0.423
12	0.658
12	0.590
12	0.564
12	0.573
12	0.767
12	0.378
12	0.638
12	0.596
12	0.418
12	0.432
12	0.337
12	0.769
12	0.507
12	0.463
12	0.649
12	0.550
12	0.746
12	0.696
12	0.472
12	0.534
12	0.541
12	0.384
12	0.491
12	0.736
12	0.255
12	0.643
12	0.486
12	0.619
12	0.631
12	0.627
12	0.536
12	0.406
12	0.451
12	0.491
12	0.666
12	0.445
12	0.276
12	0.819
12	0.520
12	0.662
12	0.700
12	0.668
12	0.652
12	0.669
12	0.605
12	0.781
12	0.507
12	0.749
12	0.474
12	0.492
12	0.556
12	0.491
12	0.754
12	0.518
12	0.318
12	0.276
12	0.491
12	0.776
12	0.450
12	0.522
12	0.480
13	0.640
13	0.540
13	0.333
13	0.549
13	0.605
13	0.448
13	0.391
13	0.627
13	0.376
13	0.544
13	0.455
13	0.757
13	0.521
13	0.690
13	0.516
13	0.544
13	0.818
13	0.817
13	0.628
13	0.617
13	0.736
13	0.737
13	0.332
13	0.370
13	0.587
13	0.675
13	0.815
13	0.598
13	0.675
13	0.601
13	0.558
13	0.572
13	0.567
13	0.596
13	0.522
13	0.600
13	0.516
13	0.646
13	0.499
13	0.341
13	0.438
13	0.669
13	0.776
13	0.562
13	0.515
13	0.599
13	0.311
13	0.609
13	0.799
13	0.532
13	0.793
13	0.723
13	0.602
13	0.588
13	0.476
13	0.765
13	0.903
13	0.733
13	0.283
13	0.842
13	0.522
13	0.415
13	0.436
13	0.644
13	0.426
13	0.527
13	0.547
13	0.536
13	0.398
13	0.323
13	0.499
13	0.600
13	0.467
13	0.589
13	0.829
13	0.571
13	0.325
13	0.608
13	0.570
13	0.322
13	0.683
13	0.780
13	0.841
13	0.497
13	0.684
13	0.802
13	0.352
13	0.490
13	0.839
13	0.588
13	0.533
13	0.613
13	0.447
13	0.559
13	0.610
13	0.370
13	0.682
13	0.671
13	0.693
13	0.556
14	0.564
14	0.617
14	0.592
14	0.642
14	0.743
14	0.480
14	0.713
14	0.557
14	0.353
14	0.734
14	0.651
14	0.470
14	0.711
14	0.582
14	0.657
14	0.719
14	0.592
14	0.527
14	0.546
14	0.691
14	0.476
14	0.372
14	0.353
14	0.628
14	0.613
14	0.561
14	0.662
14	0.560
14	0.549
14	0.651
14	0.754
14	0.776
14	0.708
14	0.390
14	0.521
14	0.621
14	0.593
14	0.432
14	0.431
14	0.417
14	0.756
14	0.393
14	0.922
14	0.515
14	0.730
14	0.478
14	0.691
14	0.675
14	0.540
14	0.588
14	0.646
14	0.569
14	0.806
14	0.341
14	0.747
14	0.509
14	0.740
14	0.676
14	0.611
14	0.417
14	0.600
14	0.445
14	0.786
14	0.357
14	0.469
14	0.825
14	0.487
14	0.772
14	0.487
14	0.366
14	0.524
14	0.606
14	0.620
14	0.558
14	0.574
14	0.326
14	0.457
14	0.543
14	0.797
14	0.741
14	0.612
14	0.704
14	0.719
14	0.789
14	0.534
14	0.669
14	0.548
14	0.605
14	0.786
14	0.261
14	0.494
14	0.771
14	0.607
14	0.503
14	0.666
14	0.607
14	0.395
14	0.633
14	0.623
14	0.660
15	0.508
15	0.539
15	0.522
15	0.785
15	0.530
15	0.450
15	0.499
15	0.419
15	0.734
15	0.509
15	0.464
15	0.467
15	0.549
15	0.596
15	0.528
15	0.744
15	0.436
15	0.646
15	0.492
15	0.666
15	0.522
15	0.718
15	0.675
15	0.592
15	0.465
15	0.588
15	0.465
15	0.609
15	0.833
15	0.491
15	0.570
15	0.607
15	0.415
15	0.635
15	0.833
15	0.851
15	0.734
15	0.437
15	0.913
15	0.734
15	0.579
15	0.726
15	0.546
15	0.644
15	0.418
15	0.592
15	0.729
15	0.521
15	0.517
15	0.466
15	0.755
15	0.464
15	0.565
15	0.781
15	0.610
15	0.514
15	0.750
15	0.692
15	0.631
15	0.536
15	0.538
15	0.555
15	0.487
15	0.785
15	0.646
15	0.606
15	0.822
15	0.878
15	0.675
15	0.509
15	0.779
15	0.697
15	0.617
15	0.571
15	0.579
15	0.615
15	0.715
15	0.683
15	0.546
15	0.524
15	0.658
15	0.510
15	0.454
15	0.623
15	0.792
15	0.521
15	0.765
15	0.809
15	0.691
15	0.597
15	0.595
15	0.560
15	0.746
15	0.659
15	0.455
15	0.545
15	0.734
15	0.471
15	0.569
15	0.575
16	0.721
16	0.651
16	0.617
16	0.559
16	0.642
16	0.665
16	0.664
16	0.402
16	0.747
16	0.688
16	0.599
16	0.537
16	0.787
16	0.646
16	0.449
16	0.635
16	0.510
16	0.813
16	0.456
16	0.591
16	0.701
16	0.654
16	0.778
16	0.717
16	0.713
16	0.682
16	0.635
16	0.680
16	0.528
16	0.614
16	0.699
16	0.799
16	0.501
16	0.497
16	0.691
16	0.594
16	0.578
16	0.645
16	0.550
16	0.543
16	0.633
16	0.520
16	0.550
16	0.520
16	0.562
16	0.735
16	0.576
16	0.817
16	0.773
16	0.685
16	0.896
16	0.516
16	0.653
16	0.687
16	0.593
16	0.641
16	0.630
16	0.694
16	0.733
16	0.442
16	0.582
16	0.562
16	0.651
16	0.850
16	0.788
16	0.638
16	0.661
16	0.698
16	0.786
16	0.683
16	0.500
16	0.561
16	0.808
16	0.680
16	0.743
16	0.613
16	0.815
16	0.648
16	0.683
16	0.811
16	0.799
16	0.748
16	0.593
16	0.794
16	0.550
16	0.677
16	0.668
16	0.609
16	0.549
16	0.699
16	0.708
16	0.825
16	0.414
16	0.500
16	0.499
16	0.490
16	0.740
16	0.502
16	0.701
16	0.368
17	0.499
17	0.506
17	0.648
17	0.512
17	0.721
17	0.476
17	0.593
17	0.499
17	0.648
17	0.596
17	0.807
17	0.770
17	0.525
17	0.228
17	0.573
17	0.579
17	0.510
17	0.502
17	0.710
17	0.702
17	0.566
17	0.721
17	0.682
17	0.754
17	0.714
17	0.693
17	0.694
17	0.476
17	0.670
17	0.609
17	0.613
17	0.628
17	0.598
17	0.742
17	0.649
17	0.708
17	0.703
17	0.670
17	0.572
17	0.503
17	0.853
17	0.741
17	0.476
17	0.621
17	0.757
17	0.676
17	0.609
17	0.805
17	0.730
17	0.807
17	0.823
17	0.780
17	0.483
17	0.627
17	0.650
17	0.609
17	0.620
17	0.596
17	0.688
17	0.717
17	0.585
17	0.598
17	0.602
17	0.329
17	0.650
17	0.731
17	0.818
17	0.579
17	0.698
17	0.731
17	0.627
17	0.719
17	0.799
17	0.554
17	0.536
17	0.888
17	0.620
17	0.527
17	0.633
17	0.530
17	0.671
17	0.722
17	0.731
17	0.667
17	0.571
17	0.795
17	0.638
17	0.733
17	0.687
17	0.853
17	0.746
17	0.730
17	0.540
17	0.795
17	0.648
17	0.741
17	0.692
17	0.494
17	0.451
17	0.544
18	0.640
18	0.797
18	0.822
18	0.524
18	0.542
18	0.473
18	0.594
18	0.541
18	0.441
18	0.718
18	0.754
18	0.660
18	0.842
18	0.743
18	0.473
18	0.615
18	0.468
18	0.536
18	0.249
18	0.366
18	0.751
18	0.717
18	0.825
18	0.522
18	0.609
18	0.578
18	0.694
18	0.848
18	0.537
18	0.686
18	0.640
18	0.725
18	0.637
18	0.524
18	0.623
18	0.679
18	0.613
18	0.722
18	0.815
18	0.769
18	0.438
18	0.574
18	0.509
18	0.528
18	0.733
18	0.737
18	0.583
18	0.784
18	0.568
18	0.792
18	0.702
18	0.820
18	0.687
18	0.709
18	0.513
18	0.660
18	0.717
18	0.523
18	0.741
18	0.719
18	0.845
18	0.572
18	0.642
18	0.521
18	0.530
18	0.478
18	0.625
18	0.639
18	0.626
18	0.639
18	0.653
18	0.699
18	0.726
18	0.868
18	0.733
18	0.695
18	0.769
18	0.755
18	0.671
18	0.651
18	0.900
18	0.779
18	0.437
18	0.576
18	0.591
18	0.301
18	0.683
18	0.694
18	0.658
18	0.747
18	0.570
18	0.660
18	0.543
18	0.748
18	0.732
18	0.630
18	0.660
18	0.606
18	0.575
18	0.578
19	0.552
19	0.684
19	0.709
19	0.768
19	0.727
19	0.674
19	0.662
19	0.631
19	0.673
19	0.805
19	0.613
19	0.729
19	0.686
19	0.781
19	0.422
19	0.679
19	0.474
19	0.610
19	0.427
19	0.758
19	0.715
19	0.626
19	0.620
19	0.551
19	0.867
19	0.804
19	0.599
19	0.712
19	0.662
19	0.760
19	0.440
19	0.671
19	0.760
19	0.817
19	0.775
19	0.738
19	0.572
19	0.821
19	0.718
19	0.689
19	0.689
19	0.607
19	0.606
19	0.576
19	0.613
19	0.733
19	0.724
19	0.759
19	0.606
19	0.874
19	0.705
19	0.722
19	0.592
19	0.693
19	0.681
19	0.661
19	0.744
19	0.691
19	0.694
19	0.609
19	0.717
19	0.408
19	0.862
19	0.699
19	0.659
19	0.473
19	0.615
19	0.727
19	0.600
19	0.524
19	0.765
19	0.623
19	0.846
19	0.602
19	0.922
19	0.592
19	0.703
19	0.551
19	0.536
19	0.660
19	0.676
19	0.826
19	0.913
19	0.822
19	0.683
19	0.653
19	0.515
19	0.659
19	0.600
19	0.527
19	0.820
19	0.744
19	0.773
19	0.719
19	0.403
19	0.491
19	0.587
19	0.801
19	0.583
19	0.672
20	0.787
20	0.494
20	0.733
20	0.604
20	0.812
20	0.654
20	0.733
20	0.542
20	0.663
20	0.673
20	0.692
20	0.591
20	0.626
20	0.671
20	0.822
20	0.756
20	0.925
20	0.549
20	0.758
20	0.550
20	0.814
20	0.732
20	0.857
20	0.480
20	0.751
20	0.655
20	0.849
20	0.593
20	0.766
20	0.753
20	0.821
20	0.831
20	0.643
20	0.584
20	0.929
20	0.762
20	0.758
20	0.685
20	0.517
20	0.520
20	0.826
20	0.626
20	0.433
20	0.623
20	0.787
20	0.650
20	0.581
20	0.850
20	0.677
20	0.833
20	0.663
20	0.805
20	0.690
20	0.628
20	0.797
20	0.728
20	0.758
20	0.893
20	0.865
20	0.745
20	0.830
20	0.854
20	0.770
20	0.577
20	0.823
20	0.587
20	0.762
20	0.613
20	0.627
20	0.624
20	0.531
20	0.548
20	0.770
20	0.707
20	0.794
20	0.744
20	0.651
20	0.710
20	0.756
20	0.473
20	0.685
20	0.784
20	0.711
20	0.656
20	0.766
20	0.623
20	0.652
20	0.717
20	0.695
20	0.502
20	0.812
20	0.549
20	0.605
20	0.821
20	0.690
20	0.709
20	0.713
20	0.604
20	0.674
20	0.614
21	0.814
21	0.788
21	0.618
21	0.741
21	0.656
21	0.618
21	0.603
21	0.716
21	0.673
21	0.827
21	0.701
21	0.645
21	0.570
21	0.538
21	0.662
21	0.639
21	0.746
21	0.749
21	0.521
21	0.605
21	0.779
21	0.547
21	0.674
21	0.818
21	0.651
21	0.721
21	0.625
21	0.668
21	0.706
21	0.801
21	0.793
21	0.567
21	0.591
21	0.649
21	0.676
21	0.651
21	0.698
21	0.643
21	0.681
21	0.685
21	0.369
21	0.678
21	0.698
21	0.719
21	0.833
21	0.798
21	0.518
21	0.828
21	0.819
21	0.707
21	0.543
21	0.683
21	0.689
21	0.808
21	0.604
21	0.841
21	0.789
21	0.800
21	0.527
21	0.651
21	0.573
21	0.570
21	0.632
21	0.700
21	0.802
21	0.726
21	0.755
21	0.573
21	0.874
21	0.733
21	0.668
21	0.608
21	0.644
21	0.588
21	0.737
21	0.800
21	0.823
21	0.802
21	0.714
21	0.725
21	0.792
21	0.645
21	0.666
21	0.581
21	0.688
21	0.839
21	0.825
21	0.594
21	0.590
21	0.823
21	0.927
21	0.590
21	0.675
21	0.751
21	0.591
21	0.704
21	0.407
21	0.629
21	0.705
21	0.724
22	0.804
22	0.749
22	0.776
22	0.575
22	0.652
22	0.614
22	0.798
22	0.675
22	0.651
22	0.888
22	0.567
22	0.671
22	0.587
22	0.498
22	0.789
22	0.529
22	0.794
22	0.874
22	0.629
22	0.827
22	0.649
22	0.784
22	0.590
22	0.769
22	0.760
22	0.500
22	0.616
22	0.714
22	0.819
22	0.645
22	0.624
22	0.681
22	0.805
22	0.723
22	0.811
22	0.554
22	0.917
22	0.791
22	0.744
22	0.653
22	0.664
22	0.851
22	0.782
22	0.741
22	0.778
22	0.745
22	0.533
22	0.582
22	0.551
22	0.631
22	0.686
22	0.726
22	0.765
22	0.512
22	0.758
22	0.752
22	0.728
22	0.709
22	0.740
22	0.676
22	0.747
22	0.699
22	0.700
22	0.889
22	0.785
22	0.689
22	0.456
22	0.730
22	0.764
22	0.634
22	0.692
22	0.611
22	0.651
22	0.760
22	0.709
22	0.707
22	0.578
22	0.763
22	0.648
22	0.820
22	0.685
22	0.782
22	0.807
22	0.756
22	0.639
22	0.846
22	0.642
22	0.655
22	0.638
22	0.674
22	0.700
22	0.670
22	0.738
22	0.737
22	0.602
22	0.561
22	0.742
22	0.618
22	0.838
22	0.632
23	0.614
23	0.743
23	0.783
23	0.722
23	0.820
23	0.866
23	0.641
23	0.756
23	0.740
23	0.756
23	0.712
23	0.803
23	0.644
23	0.790
23	0.736
23	0.797
23	0.663
23	0.822
23	0.709
23	0.665
23	0.782
23	0.732
23	0.668
23	0.668
23	0.795
23	0.750
23	0.871
23	0.581
23	0.828
23	0.743
23	0.694
23	0.791
23	0.924
23	0.839
23	0.749
23	0.597
23	0.754
23	0.687
23	0.860
23	0.683
23	0.772
23	0.703
23	0.683
23	0.728
23	0.748
23	0.710
23	0.627
23	0.643
23	0.587
23	0.698
23	0.784
23	0.728
23	0.877
23	0.894
23	0.569
23	0.721
23	0.690
23	0.634
23	0.631
23	0.547
23	0.810
23	0.581
23	0.877
23	0.696
23	0.703
23	0.734
23	0.474
23	0.806
23	0.713
23	0.666
23	0.611
23	0.686
23	0.885
23	0.604
23	0.742
23	0.779
23	0.713
23	0.567
23	0.831
23	0.597
23	0.764
23	0.717
23	0.755
23	0.697
23	0.546
23	0.547
23	0.542
23	0.823
23	0.644
23	0.732
23	0.636
23	0.785
23	0.731
23	0.774
23	0.803
23	0.817
23	0.682
23	0.697
23	0.751
23	0.544
24	0.591
24	0.751
24	0.693
24	0.754
24	0.756
24	0.581
24	0.753
24	0.650
24	0.666
24	0.860
24	0.875
24	0.668
24	0.669
24	0.755
24	0.598
24	0.821
24	0.734
24	0.823
24	0.620
24	0.603
24	0.820
24	0.758
24	0.678
24	0.775
24	0.638
24	0.786
24	0.703
24	0.814
24	0.736
24	0.766
24	0.666
24	0.701
24	0.838
24	0.845
24	0.556
24	0.754
24	0.814
24	0.671
24	0.767
24	0.788
24	0.701
24	0.521
24	0.571
24	0.686
24	0.792
24	0.609
24	0.821
24	0.639
24	0.782
24	0.752
24	0.832
24	0.713
24	0.812
24	0.628
24	0.693
24	0.914
24	0.781
24	0.658
24	0.699
24	0.777
24	0.655
24	0.670
24	0.755
24	0.672
24	0.776
24	0.718
24	0.581
24	0.797
24	0.615
24	0.739
24	0.589
24	0.803
24	0.740
24	0.758
24	0.742
24	0.792
24	0.828
24	0.724
24	0.601
24	0.685
24	0.663
24	0.839
24	0.687
24	0.774
24	0.723
24	0.747
24	0.799
24	0.748
24	0.738
24	0.664
24	0.813
24	0.745
24	0.746
24	0.784
24	0.539
24	0.941
24	0.829
24	0.694
24	0.759
24	0.739
25	0.637
25	0.616
25	0.718
25	0.731
25	0.827
25	0.835
25	0.722
25	0.717
25	0.608
25	0.780
25	0.701
25	0.634
25	0.720
25	0.733
25	0.764
25	0.901
25	0.791
25	0.588
25	0.754
25	0.586
25	0.817
25	0.749
25	0.670
25	0.656
25	0.679
25	0.781
25	0.686
25	0.713
25	0.788
25	0.825
25	0.861
25	0.688
25	0.683
25	0.718
25	0.613
25	0.873
25	0.746
25	0.628
25	0.567
25	0.712
25	0.632
25	0.629
25	0.599
25	0.763
25	0.802
25	0.773
25	0.650
25	0.548
25	0.785
25	0.694
25	0.585
25	0.814
25	0.645
25	0.518
25	0.764
25	0.538
25	0.751
25	0.769
25	0.788
25	0.761
25	0.721
25	0.756
25	0.721
25	0.585
25	0.844
25	0.689
25	0.519
25	0.761
25	0.568
25	0.519
25	0.735
25	0.813
25	0.846
25	0.598
25	0.724
25	0.519
25	0.772
25	0.710
25	0.773
25	0.787
25	0.856
25	0.625
25	0.722
25	0.656
25	0.624
25	0.740
25	0.665
25	0.682
25	0.686
25	0.715
25	0.711
25	0.759
25	0.801
25	0.703
25	0.723
25	0.606
25	0.756
25	0.802
25	0.763
25	0.653
26	0.664
26	0.752
26	0.796
26	0.699
26	0.778
26	0.781
26	0.814
26	0.779
26	0.691
26	0.744
26	0.820
26	0.678
26	0.754
26	0.743
26	0.729
26	0.731
26	0.657
26	0.767
26	0.801
26	0.783
26	0.844
26	0.762
26	0.774
26	0.727
26	0.837
26	0.733
26	0.880
26	0.591
26	0.825
26	0.819
26	0.858
26	0.745
26	0.714
26	0.778
26	0.656
26	0.719
26	0.753
26	0.703
26	0.710
26	0.789
26	0.669
26	0.749
26	0.790
26	0.822
26	0.780
26	0.762
26	0.787
26	0.686
26	0.707
26	0.715
26	0.712
26	0.644
26	0.689
26	0.809
26	0.760
26	0.795
26	0.498
26	0.778
26	0.807
26	0.853
26	0.757
26	0.690
26	0.704
26	0.771
26	0.718
26	0.728
26	0.802
26	0.819
26	0.899
26	0.815
26	0.614
26	0.726
26	0.790
26	0.733
26	0.773
26	0.850
26	0.823
26	0.827
26	0.825
26	0.756
26	0.700
26	0.606
26	0.692
26	0.701
26	0.757
26	0.767
26	0.670
26	0.735
26	0.646
26	0.785
26	0.629
26	0.798
26	0.647
26	0.785
26	0.679
26	0.634
26	0.847
26	0.724
26	0.683
26	0.868
27	0.822
27	0.674
27	0.852
27	0.838
27	0.754
27	0.640
27	0.797
27	0.748
27	0.780
27	0.762
27	0.800
27	0.562
27	0.803
27	0.869
27	0.715
27	0.776
27	0.700
27	0.836
27	0.792
27	0.581
27	0.846
27	0.815
27	0.651
27	0.756
27	0.792
27	0.878
27	0.766
27	0.773
27	0.868
27	0.794
27	0.706
27	0.807
27	0.766
27	0.781
27	0.685
27	0.815
27	0.922
27	0.692
27	0.794
27	0.842
27	0.564
27	0.784
27	0.721
27	0.906
27	0.702
27	0.801
27	0.699
27	0.755
27	0.675
27	0.755
27	0.671
27	0.767
27	0.767
27	0.631
27	0.766
27	0.687
27	0.823
27	0.706
27	0.691
27	0.789
27	0.717
27	0.829
27	0.801
27	0.724
27	0.699
27	0.757
27	0.816
27	0.864
27	0.923
27	0.860
27	0.659
27	0.850
27	0.769
27	0.678
27	0.770
27	0.778
27	0.830
27	0.781
27	0.685
27	0.768
27	0.861
27	0.759
27	0.832
27	0.808
27	0.822
27	0.681
27	0.622
27	0.824
27	0.650
27	0.781
27	0.843
27	0.842
27	0.643
27	0.690
27	0.692
27	0.670
27	0.789
27	0.825
27	0.737
27	0.845
28	0.797
28	0.904
28	0.778
28	0.812
28	0.845
28	0.875
28	0.860
28	0.824
28	0.662
28	0.575
28	0.797
28	0.744
28	0.726
28	0.822
28	0.704
28	0.864
28	0.889
28	0.668
28	0.662
28	0.815
28	0.693
28	0.898
28	0.847
28	0.622
28	0.587
28	0.649
28	0.743
28	0.836
28	0.658
28	0.749
28	0.738
28	0.796
28	0.840
28	0.781
28	0.836
28	0.599
28	0.809
28	0.804
28	0.735
28	0.755
28	0.773
28	0.774
28	0.728
28	0.789
28	0.835
28	0.736
28	0.767
28	0.879
28	0.767
28	0.807
28	0.713
28	0.728
28	0.819
28	0.765
28	0.783
28	0.742
28	0.834
28	0.861
28	0.681
28	0.828
28	0.538
28	0.885
28	0.845
28	0.892
28	0.869
28	0.793
28	0.661
28	0.796
28	0.855
28	0.829
28	0.858
28	0.770
28	0.718
28	0.802
28	0.711
28	0.800
28	0.765
28	0.840
28	0.755
28	0.890
28	0.775
28	0.795
28	0.761
28	0.797
28	0.706
28	0.788
28	0.662
28	0.695
28	0.738
28	0.622
28	0.718
28	0.791
28	0.779
28	0.795
28	0.887
28	0.868
28	0.732
28	0.684
28	0.725
28	0.472
29	0.774
29	0.877
29	0.775
29	0.693
29	0.892
29	0.696
29	0.730
29	0.675
29	0.823
29	0.788
29	0.877
29	0.646
29	0.744
29	0.704
29	0.836
29	0.694
29	0.887
29	0.671
29	0.585
29	0.789
29	0.856
29	0.771
29	0.785
29	0.734
29	0.681
29	0.758
29	0.842
29	0.821
29	0.764
29	0.705
29	0.797
29	0.785
29	0.736
29	0.678
29	0.789
29	0.745
29	0.809
29	0.725
29	0.825
29	0.549
29	0.706
29	0.789
29	0.706
29	0.674
29	0.830
29	0.858
29	0.821
29	0.767
29	0.743
29	0.907
29	0.664
29	0.662
29	0.702
29	0.884
29	0.799
29	0.753
29	0.873
29	0.743
29	0.678
29	0.726
29	0.685
29	0.740
29	0.871
29	0.808
29	0.792
29	0.682
29	0.799
29	0.836
29	0.865
29	0.692
29	0.709
29	0.809
29	0.751
29	0.841
29	0.488
29	0.810
29	0.640
29	0.730
29	0.808
29	0.822
29	0.863
29	0.797
29	0.725
29	0.553
29	0.763
29	0.924
29	0.819
29	0.633
29	0.812
29	0.636
29	0.748
29	0.792
29	0.714
29	0.692
29	0.855
29	0.842
29	0.962
29	0.859
29	0.750
29	0.724
30	0.810
30	0.714
30	0.728
30	0.725
30	0.836
30	0.792
30	0.836
30	0.764
30	0.666
30	0.806
30	0.795
30	0.758
30	0.779
30	0.885
30	0.817
30	0.820
30	0.834
30	0.742
30	0.821
30	0.769
30	0.623
30	0.615
30	0.861
30	0.740
30	0.866
30	0.728
30	0.700
30	0.688
30	0.780
30	0.803
30	0.789
30	0.787
30	0.880
30	0.611
30	0.930
30	0.754
30	0.480
30	0.750
30	0.835
30	0.629
30	0.804
30	0.810
30	0.703
30	0.830
30	0.598
30	0.740
30	0.779
30	0.819
30	0.801
30	0.750
30	0.851
30	0.782
30	0.574
30	0.686
30	0.644
30	0.763
30	0.768
30	0.784
30	0.864
30	0.749
30	0.679
30	0.715
30	0.736
30	0.783
30	0.708
30	0.606
30	0.803
30	0.808
30	0.915
30	0.730
30	0.817
30	0.770
30	0.734
30	0.736
30	0.766
30	0.798
30	0.750
30	0.621
30	0.812
30	0.837
30	0.787
30	0.735
30	0.473
30	0.920
30	0.770
30	0.693
30	0.870
30	0.733
30	0.799
30	0.721
30	0.868
30	0.771
30	0.814
30	0.724
30	0.607
30	0.743
30	0.788
30	0.611
30	0.680
30	0.771
