1	0.000
1	0.000
1	0.000
1	0.000
1	0.000
1	0.000
1	0.088
1	0.000
1	0.000
1	0.000
1	0.000
1	0.000
1	0.000
1	0.000
1	0.000
1	0.000
1	0.000
1	0.000
1	0.000
1	1.000
1	0.000
1	0.000
1	0.000
1	0.000
1	0.114
1	0.000
1	0.038
1	0.000
1	0.000
1	0.000
1	0.000
1	0.000
1	0.000
1	0.000
1	0.000
1	0.000
1	0.000
1	0.000
1	0.000
1	0.000
1	0.000
1	0.000
1	0.000
1	0.000
1	1.000
1	0.000
1	0.000
1	0.000
1	0.610
1	0.000
1	0.000
1	0.000
1	0.000
1	0.000
1	0.000
1	0.912
1	0.000
1	0.000
1	0.000
1	0.000
1	0.086
1	0.000
1	0.000
1	0.000
1	0.132
1	0.000
1	0.000
1	0.000
1	0.000
1	0.000
1	0.000
1	0.000
1	0.000
1	0.000
1	0.000
1	0.028
1	0.000
1	0.000
1	0.000
1	0.000
1	0.000
1	0.000
1	0.000
1	0.000
1	0.000
1	0.000
1	0.000
1	0.000
1	0.000
1	0.045
1	0.000
1	0.000
1	1.000
1	0.000
1	0.000
1	0.000
1	0.000
1	0.000
1	0.000
1	0.000
2	0.526
2	0.000
2	0.000
2	0.049
2	0.000
2	0.000
2	0.000
2	0.000
2	0.831
2	0.002
2	0.077
2	0.027
2	0.000
2	0.024
2	0.000
2	0.023
2	0.041
2	0.372
2	0.000
2	0.230
2	0.000
2	0.659
2	0.121
2	0.035
2	0.000
2	0.000
2	0.000
2	0.000
2	0.000
2	0.000
2	0.000
2	0.375
2	0.038
2	0.006
2	0.000
2	0.000
2	0.202
2	0.146
2	0.000
2	0.465
2	0.000
2	0.000
2	0.000
2	0.000
2	0.000
2	0.775
2	0.000
2	0.000
2	0.742
2	0.000
2	0.444
2	0.354
2	0.000
2	0.009
2	0.071
2	0.000
2	0.000
2	0.000
2	0.000
2	0.025
2	0.000
2	0.000
2	0.443
2	0.000
2	0.000
2	0.000
2	0.000
2	0.002
2	0.002
2	0.000
2	0.143
2	0.884
2	0.000
2	0.000
2	0.618
2	0.000
2	0.925
2	0.000
2	0.482
2	0.067
2	0.128
2	0.000
2	0.059
2	0.830
2	0.560
2	0.328
2	0.000
2	0.002
2	0.040
2	0.000
2	0.000
2	0.473
2	0.000
2	0.000
2	0.000
2	0.097
2	0.000
2	0.000
2	0.000
2	0.074
3	0.305
3	0.025
3	0.037
3	0.000
3	0.008
3	0.000
3	0.000
3	0.057
3	0.001
3	0.017
3	0.000
3	0.000
3	0.000
3	0.000
3	0.022
3	0.013
3	0.000
3	0.000
3	0.000
3	0.059
3	0.002
3	0.435
3	0.016
3	0.310
3	0.003
3	0.000
3	0.016
3	0.000
3	0.001
3	0.002
3	0.155
3	0.527
3	0.129
3	0.274
3	0.002
3	0.057
3	0.025
3	0.028
3	0.123
3	0.471
3	0.000
3	0.018
3	0.021
3	0.403
3	0.159
3	0.112
3	0.503
3	0.000
3	0.018
3	0.000
3	0.000
3	0.000
3	0.000
3	0.002
3	0.392
3	0.050
3	0.000
3	0.025
3	0.270
3	0.032
3	0.153
3	0.001
3	0.000
3	0.000
3	0.051
3	0.086
3	0.014
3	0.023
3	0.001
3	0.004
3	0.001
3	0.000
3	0.000
3	0.254
3	0.277
3	0.000
3	0.000
3	0.000
3	0.036
3	0.111
3	0.176
3	0.232
3	0.000
3	0.361
3	0.000
3	0.506
3	0.000
3	0.044
3	0.000
3	0.020
3	0.231
3	0.020
3	0.002
3	0.000
3	0.479
3	0.092
3	0.015
3	0.026
3	0.001
3	0.250
4	0.007
4	0.105
4	0.010
4	0.051
4	0.000
4	0.536
4	0.002
4	0.021
4	0.186
4	0.208
4	0.019
4	0.000
4	0.007
4	0.280
4	0.001
4	0.000
4	0.291
4	0.059
4	0.000
4	0.016
4	0.218
4	0.000
4	0.001
4	0.084
4	0.001
4	0.274
4	0.004
4	0.197
4	0.015
4	0.026
4	0.042
4	0.025
4	0.002
4	0.000
4	0.047
4	0.020
4	0.001
4	0.028
4	0.028
4	0.000
4	0.197
4	0.177
4	0.000
4	0.023
4	0.226
4	0.016
4	0.002
4	0.294
4	0.078
4	0.023
4	0.000
4	0.369
4	0.000
4	0.000
4	0.010
4	0.167
4	0.000
4	0.013
4	0.012
4	0.001
4	0.000
4	0.274
4	0.004
4	0.000
4	0.189
4	0.015
4	0.000
4	0.000
4	0.001
4	0.367
4	0.035
4	0.010
4	0.562
4	0.012
4	0.000
4	0.283
4	0.020
4	0.022
4	0.214
4	0.155
4	0.018
4	0.021
4	0.021
4	0.161
4	0.014
4	0.342
4	0.000
4	0.018
4	0.005
4	0.001
4	0.005
4	0.245
4	0.285
4	0.075
4	0.000
4	0.000
4	0.089
4	0.011
4	0.283
4	0.001
5	0.223
5	0.052
5	0.519
5	0.254
5	0.008
5	0.453
5	0.041
5	0.040
5	0.003
5	0.016
5	0.001
5	0.033
5	0.011
5	0.028
5	0.277
5	0.012
5	0.173
5	0.057
5	0.029
5	0.029
5	0.016
5	0.019
5	0.012
5	0.000
5	0.076
5	0.001
5	0.195
5	0.000
5	0.008
5	0.421
5	0.097
5	0.000
5	0.123
5	0.006
5	0.070
5	0.007
5	0.014
5	0.019
5	0.065
5	0.051
5	0.032
5	0.055
5	0.009
5	0.443
5	0.510
5	0.017
5	0.012
5	0.008
5	0.001
5	0.002
5	0.001
5	0.671
5	0.164
5	0.002
5	0.026
5	0.019
5	0.011
5	0.128
5	0.008
5	0.003
5	0.013
5	0.000
5	0.016
5	0.145
5	0.008
5	0.013
5	0.009
5	0.164
5	0.007
5	0.001
5	0.001
5	0.307
5	0.274
5	0.001
5	0.032
5	0.411
5	0.005
5	0.276
5	0.279
5	0.036
5	0.153
5	0.018
5	0.019
5	0.004
5	0.034
5	0.291
5	0.341
5	0.309
5	0.045
5	0.031
5	0.001
5	0.158
5	0.007
5	0.001
5	0.018
5	0.003
5	0.035
5	0.011
5	0.015
5	0.373
6	0.184
6	0.044
6	0.017
6	0.273
6	0.155
6	0.000
6	0.333
6	0.024
6	0.178
6	0.026
6	0.010
6	0.037
6	0.298
6	0.021
6	0.162
6	0.535
6	0.259
6	0.027
6	0.418
6	0.412
6	0.026
6	0.015
6	0.053
6	0.085
6	0.006
6	0.038
6	0.015
6	0.023
6	0.404
6	0.221
6	0.151
6	0.736
6	0.147
6	0.001
6	0.004
6	0.012
6	0.003
6	0.389
6	0.013
6	0.001
6	0.001
6	0.020
6	0.176
6	0.012
6	0.066
6	0.013
6	0.003
6	0.015
6	0.000
6	0.003
6	0.000
6	0.001
6	0.051
6	0.394
6	0.144
6	0.001
6	0.049
6	0.027
6	0.125
6	0.488
6	0.043
6	0.362
6	0.002
6	0.264
6	0.001
6	0.006
6	0.005
6	0.135
6	0.014
6	0.043
6	0.002
6	0.446
6	0.005
6	0.331
6	0.015
6	0.180
6	0.047
6	0.001
6	0.443
6	0.040
6	0.062
6	0.013
6	0.277
6	0.122
6	0.001
6	0.015
6	0.017
6	0.002
6	0.020
6	0.018
6	0.002
6	0.023
6	0.005
6	0.456
6	0.009
6	0.008
6	0.001
6	0.052
6	0.195
6	0.011
7	0.001
7	0.029
7	0.000
7	0.121
7	0.193
7	0.141
7	0.500
7	0.212
7	0.096
7	0.185
7	0.005
7	0.004
7	0.108
7	0.397
7	0.209
7	0.222
7	0.001
7	0.113
7	0.004
7	0.026
7	0.001
7	0.013
7	0.043
7	0.008
7	0.045
7	0.108
7	0.436
7	0.316
7	0.171
7	0.558
7	0.006
7	0.387
7	0.176
7	0.242
7	0.103
7	0.151
7	0.038
7	0.201
7	0.013
7	0.150
7	0.011
7	0.576
7	0.438
7	0.003
7	0.417
7	0.257
7	0.017
7	0.148
7	0.001
7	0.253
7	0.000
7	0.020
7	0.030
7	0.096
7	0.168
7	0.030
7	0.107
7	0.119
7	0.338
7	0.014
7	0.535
7	0.001
7	0.188
7	0.055
7	0.206
7	0.001
7	0.001
7	0.038
7	0.217
7	0.485
7	0.004
7	0.427
7	0.035
7	0.297
7	0.277
7	0.001
7	0.040
7	0.000
7	0.181
7	0.015
7	0.001
7	0.086
7	0.384
7	0.243
7	0.195
7	0.016
7	0.052
7	0.026
7	0.356
7	0.455
7	0.105
7	0.000
7	0.000
7	0.409
7	0.002
7	0.175
7	0.427
7	0.008
7	0.091
7	0.185
8	0.006
8	0.133
8	0.016
8	0.134
8	0.026
8	0.102
8	0.001
8	0.018
8	0.690
8	0.019
8	0.000
8	0.198
8	0.000
8	0.168
8	0.079
8	0.011
8	0.258
8	0.286
8	0.050
8	0.488
8	0.183
8	0.018
8	0.537
8	0.016
8	0.097
8	0.086
8	0.003
8	0.002
8	0.072
8	0.110
8	0.004
8	0.019
8	0.350
8	0.372
8	0.007
8	0.253
8	0.559
8	0.348
8	0.299
8	0.020
8	0.001
8	0.025
8	0.393
8	0.208
8	0.216
8	0.202
8	0.424
8	0.158
8	0.243
8	0.335
8	0.001
8	0.035
8	0.289
8	0.022
8	0.057
8	0.023
8	0.244
8	0.094
8	0.564
8	0.014
8	0.167
8	0.184
8	0.006
8	0.339
8	0.017
8	0.003
8	0.410
8	0.010
8	0.287
8	0.166
8	0.007
8	0.226
8	0.002
8	0.328
8	0.079
8	0.079
8	0.139
8	0.587
8	0.121
8	0.078
8	0.350
8	0.151
8	0.002
8	0.198
8	0.056
8	0.003
8	0.308
8	0.030
8	0.392
8	0.421
8	0.336
8	0.002
8	0.081
8	0.316
8	0.142
8	0.594
8	0.247
8	0.001
8	0.001
8	0.224
9	0.257
9	0.097
9	0.147
9	0.333
9	0.227
9	0.049
9	0.305
9	0.402
9	0.266
9	0.010
9	0.228
9	0.036
9	0.063
9	0.004
9	0.003
9	0.023
9	0.117
9	0.098
9	0.018
9	0.228
9	0.147
9	0.016
9	0.104
9	0.171
9	0.265
9	0.794
9	0.111
9	0.128
9	0.010
9	0.016
9	0.214
9	0.336
9	0.021
9	0.279
9	0.218
9	0.267
9	0.119
9	0.265
9	0.349
9	0.268
9	0.057
9	0.049
9	0.099
9	0.145
9	0.330
9	0.085
9	0.007
9	0.124
9	0.362
9	0.110
9	0.140
9	0.080
9	0.093
9	0.139
9	0.274
9	0.297
9	0.208
9	0.125
9	0.131
9	0.457
9	0.252
9	0.255
9	0.015
9	0.174
9	0.013
9	0.203
9	0.399
9	0.015
9	0.010
9	0.189
9	0.310
9	0.008
9	0.124
9	0.029
9	0.239
9	0.099
9	0.190
9	0.121
9	0.166
9	0.442
9	0.191
9	0.070
9	0.036
9	0.061
9	0.302
9	0.244
9	0.192
9	0.065
9	0.192
9	0.164
9	0.534
9	0.225
9	0.121
9	0.357
9	0.011
9	0.004
9	0.106
9	0.172
9	0.175
9	0.047
10	0.238
10	0.178
10	0.021
10	0.119
10	0.382
10	0.026
10	0.534
10	0.074
10	0.137
10	0.181
10	0.018
10	0.014
10	0.074
10	0.021
10	0.118
10	0.403
10	0.163
10	0.095
10	0.479
10	0.301
10	0.015
10	0.145
10	0.077
10	0.471
10	0.575
10	0.318
10	0.305
10	0.543
10	0.077
10	0.386
10	0.475
10	0.340
10	0.023
10	0.100
10	0.057
10	0.419
10	0.152
10	0.575
10	0.359
10	0.199
10	0.272
10	0.033
10	0.224
10	0.298
10	0.032
10	0.099
10	0.006
10	0.367
10	0.047
10	0.576
10	0.113
10	0.435
10	0.244
10	0.039
10	0.771
10	0.290
10	0.279
10	0.106
10	0.333
10	0.000
10	0.295
10	0.294
10	0.474
10	0.017
10	0.113
10	0.129
10	0.008
10	0.312
10	0.029
10	0.395
10	0.364
10	0.213
10	0.361
10	0.220
10	0.028
10	0.026
10	0.191
10	0.155
10	0.089
10	0.289
10	0.343
10	0.237
10	0.123
10	0.019
10	0.174
10	0.102
10	0.068
10	0.143
10	0.486
10	0.190
10	0.012
10	0.681
10	0.112
10	0.323
10	0.013
10	0.005
10	0.048
10	0.094
10	0.264
10	0.015
11	0.176
11	0.535
11	0.098
11	0.201
11	0.276
11	0.125
11	0.251
11	0.525
11	0.158
11	0.225
11	0.102
11	0.301
11	0.100
11	0.176
11	0.309
11	0.320
11	0.203
11	0.232
11	0.149
11	0.198
11	0.187
11	0.418
11	0.341
11	0.007
11	0.033
11	0.419
11	0.070
11	0.006
11	0.399
11	0.235
11	0.227
11	0.257
11	0.219
11	0.600
11	0.278
11	0.028
11	0.178
11	0.403
11	0.223
11	0.428
11	0.011
11	0.191
11	0.020
11	0.342
11	0.192
11	0.328
11	0.373
11	0.594
11	0.623
11	0.440
11	0.038
11	0.065
11	0.118
11	0.057
11	0.122
11	0.378
11	0.154
11	0.211
11	0.265
11	0.080
11	0.129
11	0.105
11	0.332
11	0.356
11	0.009
11	0.378
11	0.328
11	0.081
11	0.552
11	0.508
11	0.156
11	0.002
11	0.307
11	0.104
11	0.286
11	0.404
11	0.475
11	0.224
11	0.118
11	0.377
11	0.441
11	0.062
11	0.013
11	0.607
11	0.151
11	0.164
11	0.138
11	0.079
11	0.397
11	0.328
11	0.157
11	0.150
11	0.032
11	0.358
11	0.412
11	0.339
11	0.233
11	0.148
11	0.093
11	0.582
12	0.456
12	0.176
12	0.343
12	0.145
12	0.522
12	0.267
12	0.345
12	0.369
12	0.130
12	0.566
12	0.184
12	0.754
12	0.357
12	0.074
12	0.563
12	0.397
12	0.349
12	0.193
12	0.098
12	0.268
12	0.523
12	0.284
12	0.384
12	0.323
12	0.309
12	0.097
12	0.511
12	0.333
12	0.332
12	0.348
12	0.363
12	0.149
12	0.195
12	0.034
12	0.370
12	0.117
12	0.159
12	0.232
12	0.108
12	0.241
12	0.732
12	0.547
12	0.038
12	0.235
12	0.325
12	0.252
12	0.223
12	0.502
12	0.001
12	0.589
12	0.334
12	0.134
12	0.159
12	0.375
12	0.508
12	0.297
12	0.008
12	0.034
12	0.254
12	0.030
12	0.388
12	0.176
12	0.239
12	0.228
12	0.113
12	0.130
12	0.030
12	0.220
12	0.540
12	0.376
12	0.581
12	0.104
12	0.025
12	0.085
12	0.195
12	0.211
12	0.178
12	0.046
12	0.166
12	0.664
12	0.182
12	0.004
12	0.427
12	0.297
12	0.349
12	0.236
12	0.566
12	0.055
12	0.416
12	0.314
12	0.066
12	0.095
12	0.485
12	0.244
12	0.023
12	0.176
12	0.466
12	0.047
12	0.302
12	0.008
13	0.485
13	0.236
13	0.192
13	0.088
13	0.431
13	0.083
13	0.326
13	0.267
13	0.113
13	0.124
13	0.486
13	0.433
13	0.141
13	0.587
13	0.046
13	0.697
13	0.373
13	0.090
13	0.281
13	0.302
13	0.230
13	0.320
13	0.437
13	0.245
13	0.065
13	0.371
13	0.366
13	0.311
13	0.400
13	0.396
13	0.358
13	0.224
13	0.067
13	0.502
13	0.165
13	0.213
13	0.427
13	0.306
13	0.295
13	0.026
13	0.316
13	0.164
13	0.332
13	0.421
13	0.344
13	0.096
13	0.243
13	0.353
13	0.182
13	0.341
13	0.329
13	0.188
13	0.051
13	0.080
13	0.199
13	0.277
13	0.227
13	0.291
13	0.486
13	0.126
13	0.319
13	0.270
13	0.634
13	0.444
13	0.138
13	0.045
13	0.510
13	0.123
13	0.121
13	0.020
13	0.210
13	0.370
13	0.044
13	0.206
13	0.209
13	0.268
13	0.517
13	0.254
13	0.193
13	0.265
13	0.072
13	0.207
13	0.332
13	0.230
13	0.162
13	0.150
13	0.067
13	0.268
13	0.012
13	0.283
13	0.148
13	0.155
13	0.185
13	0.231
13	0.535
13	0.329
13	0.008
13	0.273
13	0.418
13	0.444
14	0.583
14	0.367
14	0.270
14	0.230
14	0.061
14	0.277
14	0.213
14	0.217
14	0.337
14	0.237
14	0.361
14	0.246
14	0.105
14	0.133
14	0.496
14	0.184
14	0.452
14	0.029
14	0.667
14	0.343
14	0.274
14	0.295
14	0.434
14	0.190
14	0.401
14	0.334
14	0.147
14	0.415
14	0.041
14	0.156
14	0.238
14	0.297
14	0.329
14	0.218
14	0.553
14	0.463
14	0.378
14	0.009
14	0.167
14	0.187
14	0.240
14	0.362
14	0.473
14	0.531
14	0.212
14	0.192
14	0.423
14	0.233
14	0.201
14	0.579
14	0.673
14	0.657
14	0.526
14	0.467
14	0.188
14	0.264
14	0.077
14	0.396
14	0.633
14	0.101
14	0.261
14	0.262
14	0.295
14	0.183
14	0.388
14	0.410
14	0.281
14	0.240
14	0.126
14	0.214
14	0.278
14	0.328
14	0.331
14	0.474
14	0.287
14	0.253
14	0.326
14	0.289
14	0.289
14	0.441
14	0.424
14	0.474
14	0.199
14	0.316
14	0.385
14	0.504
14	0.107
14	0.130
14	0.072
14	0.150
14	0.161
14	0.135
14	0.327
14	0.139
14	0.107
14	0.197
14	0.278
14	0.258
14	0.313
14	0.164
15	0.394
15	0.355
15	0.374
15	0.438
15	0.216
15	0.226
15	0.159
15	0.658
15	0.189
15	0.162
15	0.486
15	0.195
15	0.234
15	0.328
15	0.144
15	0.408
15	0.491
15	0.115
15	0.243
15	0.104
15	0.121
15	0.433
15	0.447
15	0.321
15	0.075
15	0.483
15	0.528
15	0.644
15	0.390
15	0.331
15	0.522
15	0.281
15	0.186
15	0.412
15	0.295
15	0.423
15	0.370
15	0.316
15	0.354
15	0.055
15	0.419
15	0.155
15	0.436
15	0.070
15	0.108
15	0.681
15	0.693
15	0.449
15	0.105
15	0.376
15	0.348
15	0.643
15	0.242
15	0.062
15	0.580
15	0.343
15	0.314
15	0.214
15	0.553
15	0.040
15	0.372
15	0.452
15	0.127
15	0.405
15	0.523
15	0.356
15	0.497
15	0.085
15	0.197
15	0.359
15	0.016
15	0.224
15	0.186
15	0.123
15	0.400
15	0.088
15	0.209
15	0.641
15	0.295
15	0.218
15	0.317
15	0.145
15	0.221
15	0.425
15	0.241
15	0.227
15	0.248
15	0.646
15	0.430
15	0.297
15	0.290
15	0.340
15	0.539
15	0.462
15	0.290
15	0.414
15	0.303
15	0.239
15	0.508
15	0.645
16	0.483
16	0.245
16	0.472
16	0.586
16	0.281
16	0.312
16	0.592
16	0.265
16	0.014
16	0.637
16	0.358
16	0.682
16	0.601
16	0.063
16	0.405
16	0.182
16	0.326
16	0.450
16	0.498
16	0.480
16	0.331
16	0.440
16	0.237
16	0.020
16	0.387
16	0.587
16	0.153
16	0.151
16	0.381
16	0.299
16	0.371
16	0.469
16	0.300
16	0.286
16	0.584
16	0.675
16	0.393
16	0.416
16	0.229
16	0.201
16	0.263
16	0.106
16	0.267
16	0.408
16	0.392
16	0.371
16	0.081
16	0.315
16	0.625
16	0.212
16	0.104
16	0.572
16	0.445
16	0.244
16	0.148
16	0.232
16	0.198
16	0.294
16	0.359
16	0.424
16	0.095
16	0.687
16	0.322
16	0.259
16	0.096
16	0.350
16	0.274
16	0.088
16	0.400
16	0.242
16	0.563
16	0.199
16	0.413
16	0.187
16	0.261
16	0.257
16	0.148
16	0.102
16	0.406
16	0.421
16	0.301
16	0.255
16	0.329
16	0.282
16	0.502
16	0.080
16	0.397
16	0.345
16	0.238
16	0.544
16	0.351
16	0.579
16	0.133
16	0.313
16	0.063
16	0.260
16	0.266
16	0.392
16	0.175
16	0.415
17	0.732
17	0.454
17	0.330
17	0.567
17	0.460
17	0.274
17	0.386
17	0.412
17	0.160
17	0.322
17	0.383
17	0.531
17	0.106
17	0.244
17	0.315
17	0.515
17	0.322
17	0.565
17	0.679
17	0.268
17	0.512
17	0.563
17	0.471
17	0.350
17	0.628
17	0.303
17	0.328
17	0.110
17	0.695
17	0.627
17	0.191
17	0.437
17	0.325
17	0.175
17	0.113
17	0.570
17	0.576
17	0.394
17	0.449
17	0.505
17	0.286
17	0.356
17	0.604
17	0.470
17	0.529
17	0.415
17	0.171
17	0.189
17	0.218
17	0.384
17	0.160
17	0.378
17	0.284
17	0.260
17	0.708
17	0.124
17	0.434
17	0.142
17	0.093
17	0.545
17	0.342
17	0.319
17	0.030
17	0.408
17	0.098
17	0.450
17	0.517
17	0.378
17	0.374
17	0.316
17	0.209
17	0.337
17	0.404
17	0.587
17	0.534
17	0.571
17	0.309
17	0.302
17	0.223
17	0.149
17	0.215
17	0.186
17	0.449
17	0.506
17	0.548
17	0.241
17	0.332
17	0.353
17	0.341
17	0.438
17	0.341
17	0.528
17	0.279
17	0.091
17	0.453
17	0.512
17	0.320
17	0.575
17	0.539
17	0.234
18	0.340
18	0.355
18	0.341
18	0.517
18	0.333
18	0.258
18	0.627
18	0.785
18	0.499
18	0.548
18	0.487
18	0.283
18	0.756
18	0.215
18	0.528
18	0.463
18	0.542
18	0.252
18	0.175
18	0.527
18	0.556
18	0.685
18	0.493
18	0.568
18	0.360
18	0.434
18	0.103
18	0.557
18	0.499
18	0.121
18	0.471
18	0.421
18	0.184
18	0.628
18	0.212
18	0.593
18	0.412
18	0.346
18	0.363
18	0.103
18	0.324
18	0.356
18	0.419
18	0.105
18	0.521
18	0.280
18	0.245
18	0.552
18	0.445
18	0.685
18	0.440
18	0.487
18	0.501
18	0.405
18	0.445
18	0.530
18	0.759
18	0.536
18	0.513
18	0.373
18	0.527
18	0.409
18	0.349
18	0.630
18	0.372
18	0.418
18	0.470
18	0.366
18	0.390
18	0.400
18	0.381
18	0.414
18	0.617
18	0.242
18	0.442
18	0.146
18	0.480
18	0.516
18	0.750
18	0.323
18	0.520
18	0.394
18	0.586
18	0.610
18	0.401
18	0.463
18	0.437
18	0.278
18	0.619
18	0.510
18	0.459
18	0.154
18	0.649
18	0.513
18	0.571
18	0.436
18	0.649
18	0.538
18	0.092
18	0.345
19	0.458
19	0.655
19	0.546
19	0.117
19	0.305
19	0.353
19	0.354
19	0.473
19	0.484
19	0.453
19	0.194
19	0.325
19	0.663
19	0.344
19	0.558
19	0.401
19	0.367
19	0.320
19	0.476
19	0.631
19	0.302
19	0.386
19	0.485
19	0.339
19	0.268
19	0.482
19	0.332
19	0.464
19	0.623
19	0.746
19	0.288
19	0.661
19	0.303
19	0.411
19	0.426
19	0.112
19	0.653
19	0.546
19	0.585
19	0.686
19	0.475
19	0.248
19	0.470
19	0.532
19	0.494
19	0.496
19	0.337
19	0.415
19	0.547
19	0.553
19	0.464
19	0.437
19	0.560
19	0.590
19	0.656
19	0.656
19	0.261
19	0.495
19	0.491
19	0.480
19	0.330
19	0.207
19	0.458
19	0.418
19	0.485
19	0.322
19	0.582
19	0.747
19	0.411
19	0.514
19	0.512
19	0.495
19	0.601
19	0.290
19	0.375
19	0.531
19	0.559
19	0.231
19	0.559
19	0.445
19	0.252
19	0.363
19	0.454
19	0.740
19	0.317
19	0.261
19	0.489
19	0.342
19	0.420
19	0.366
19	0.474
19	0.561
19	0.280
19	0.381
19	0.232
19	0.215
19	0.327
19	0.553
19	0.338
19	0.320
20	0.313
20	0.483
20	0.262
20	0.305
20	0.386
20	0.216
20	0.568
20	0.364
20	0.427
20	0.477
20	0.651
20	0.286
20	0.517
20	0.492
20	0.320
20	0.395
20	0.399
20	0.453
20	0.547
20	0.376
20	0.723
20	0.549
20	0.269
20	0.295
20	0.490
20	0.687
20	0.355
20	0.441
20	0.589
20	0.431
20	0.493
20	0.462
20	0.375
20	0.491
20	0.260
20	0.449
20	0.446
20	0.540
20	0.141
20	0.203
20	0.623
20	0.423
20	0.483
20	0.565
20	0.324
20	0.418
20	0.349
20	0.437
20	0.445
20	0.424
20	0.548
20	0.233
20	0.581
20	0.365
20	0.223
20	0.401
20	0.441
20	0.401
20	0.548
20	0.254
20	0.675
20	0.391
20	0.303
20	0.516
20	0.458
20	0.384
20	0.429
20	0.499
20	0.524
20	0.430
20	0.417
20	0.604
20	0.461
20	0.377
20	0.486
20	0.389
20	0.390
20	0.393
20	0.514
20	0.601
20	0.422
20	0.534
20	0.691
20	0.664
20	0.563
20	0.513
20	0.553
20	0.522
20	0.318
20	0.561
20	0.440
20	0.492
20	0.672
20	0.206
20	0.350
20	0.331
20	0.494
20	0.539
20	0.672
20	0.439
21	0.472
21	0.565
21	0.660
21	0.500
21	0.277
21	0.464
21	0.719
21	0.258
21	0.355
21	0.264
21	0.515
21	0.570
21	0.316
21	0.350
21	0.327
21	0.365
21	0.627
21	0.403
21	0.394
21	0.659
21	0.318
21	0.503
21	0.535
21	0.291
21	0.520
21	0.466
21	0.300
21	0.631
21	0.319
21	0.561
21	0.350
21	0.250
21	0.515
21	0.613
21	0.721
21	0.498
21	0.476
21	0.268
21	0.227
21	0.481
21	0.472
21	0.399
21	0.365
21	0.266
21	0.620
21	0.433
21	0.657
21	0.470
21	0.403
21	0.219
21	0.561
21	0.701
21	0.304
21	0.470
21	0.599
21	0.769
21	0.400
21	0.584
21	0.622
21	0.655
21	0.532
21	0.626
21	0.465
21	0.355
21	0.512
21	0.398
21	0.597
21	0.580
21	0.657
21	0.508
21	0.247
21	0.547
21	0.558
21	0.654
21	0.479
21	0.335
21	0.264
21	0.372
21	0.367
21	0.527
21	0.520
21	0.375
21	0.489
21	0.657
21	0.225
21	0.642
21	0.410
21	0.502
21	0.696
21	0.400
21	0.528
21	0.573
21	0.606
21	0.477
21	0.397
21	0.623
21	0.456
21	0.609
21	0.636
21	0.271
22	0.621
22	0.427
22	0.193
22	0.523
22	0.468
22	0.357
22	0.596
22	0.298
22	0.441
22	0.244
22	0.553
22	0.324
22	0.624
22	0.435
22	0.431
22	0.237
22	0.729
22	0.682
22	0.591
22	0.354
22	0.526
22	0.620
22	0.495
22	0.331
22	0.520
22	0.624
22	0.464
22	0.353
22	0.749
22	0.369
22	0.555
22	0.366
22	0.301
22	0.335
22	0.237
22	0.607
22	0.626
22	0.386
22	0.343
22	0.588
22	0.612
22	0.559
22	0.484
22	0.552
22	0.346
22	0.534
22	0.504
22	0.374
22	0.477
22	0.652
22	0.625
22	0.346
22	0.753
22	0.202
22	0.547
22	0.462
22	0.581
22	0.326
22	0.248
22	0.594
22	0.380
22	0.462
22	0.566
22	0.584
22	0.432
22	0.452
22	0.422
22	0.258
22	0.548
22	0.406
22	0.303
22	0.426
22	0.448
22	0.731
22	0.481
22	0.592
22	0.306
22	0.473
22	0.155
22	0.501
22	0.540
22	0.205
22	0.574
22	0.390
22	0.428
22	0.344
22	0.447
22	0.532
22	0.623
22	0.805
22	0.551
22	0.594
22	0.366
22	0.312
22	0.519
22	0.227
22	0.488
22	0.676
22	0.399
22	0.554
23	0.493
23	0.688
23	0.560
23	0.441
23	0.502
23	0.456
23	0.561
23	0.688
23	0.450
23	0.524
23	0.520
23	0.455
23	0.320
23	0.665
23	0.473
23	0.424
23	0.434
23	0.558
23	0.556
23	0.361
23	0.598
23	0.465
23	0.443
23	0.686
23	0.714
23	0.551
23	0.293
23	0.691
23	0.407
23	0.530
23	0.511
23	0.481
23	0.480
23	0.590
23	0.521
23	0.310
23	0.295
23	0.602
23	0.637
23	0.552
23	0.531
23	0.404
23	0.538
23	0.336
23	0.592
23	0.428
23	0.501
23	0.718
23	0.643
23	0.456
23	0.723
23	0.316
23	0.456
23	0.333
23	0.646
23	0.487
23	0.541
23	0.473
23	0.461
23	0.448
23	0.152
23	0.562
23	0.815
23	0.647
23	0.598
23	0.538
23	0.590
23	0.368
23	0.724
23	0.295
23	0.793
23	0.526
23	0.541
23	0.787
23	0.569
23	0.392
23	0.495
23	0.307
23	0.468
23	0.337
23	0.332
23	0.417
23	0.525
23	0.406
23	0.306
23	0.431
23	0.651
23	0.410
23	0.342
23	0.506
23	0.656
23	0.429
23	0.653
23	0.627
23	0.798
23	0.532
23	0.478
23	0.770
23	0.501
23	0.698
24	0.238
24	0.636
24	0.308
24	0.677
24	0.430
24	0.519
24	0.484
24	0.567
24	0.234
24	0.657
24	0.479
24	0.525
24	0.147
24	0.524
24	0.364
24	0.515
24	0.353
24	0.553
24	0.299
24	0.410
24	0.346
24	0.550
24	0.573
24	0.573
24	0.405
24	0.602
24	0.425
24	0.521
24	0.383
24	0.700
24	0.380
24	0.620
24	0.455
24	0.645
24	0.345
24	0.628
24	0.642
24	0.687
24	0.441
24	0.279
24	0.587
24	0.679
24	0.701
24	0.645
24	0.666
24	0.532
24	0.602
24	0.539
24	0.735
24	0.426
24	0.624
24	0.634
24	0.409
24	0.715
24	0.350
24	0.560
24	0.813
24	0.474
24	0.320
24	0.423
24	0.386
24	0.776
24	0.555
24	0.496
24	0.784
24	0.446
24	0.594
24	0.543
24	0.612
24	0.676
24	0.655
24	0.429
24	0.452
24	0.567
24	0.461
24	0.495
24	0.411
24	0.579
24	0.342
24	0.672
24	0.475
24	0.421
24	0.390
24	0.608
24	0.308
24	0.452
24	0.561
24	0.512
24	0.486
24	0.660
24	0.750
24	0.709
24	0.484
24	0.431
24	0.581
24	0.555
24	0.679
24	0.265
24	0.666
24	0.271
25	0.607
25	0.420
25	0.498
25	0.526
25	0.382
25	0.539
25	0.567
25	0.400
25	0.816
25	0.662
25	0.488
25	0.499
25	0.415
25	0.561
25	0.651
25	0.760
25	0.497
25	0.687
25	0.333
25	0.596
25	0.363
25	0.526
25	0.548
25	0.498
25	0.584
25	0.762
25	0.478
25	0.573
25	0.654
25	0.698
25	0.324
25	0.430
25	0.500
25	0.586
25	0.482
25	0.765
25	0.593
25	0.563
25	0.543
25	0.552
25	0.576
25	0.483
25	0.614
25	0.653
25	0.556
25	0.721
25	0.499
25	0.622
25	0.430
25	0.548
25	0.581
25	0.606
25	0.378
25	0.663
25	0.697
25	0.605
25	0.570
25	0.397
25	0.521
25	0.774
25	0.630
25	0.599
25	0.570
25	0.733
25	0.631
25	0.352
25	0.477
25	0.505
25	0.428
25	0.567
25	0.618
25	0.555
25	0.764
25	0.683
25	0.539
25	0.546
25	0.556
25	0.526
25	0.403
25	0.535
25	0.870
25	0.647
25	0.557
25	0.646
25	0.548
25	0.434
25	0.436
25	0.459
25	0.763
25	0.443
25	0.662
25	0.557
25	0.529
25	0.497
25	0.537
25	0.658
25	0.568
25	0.359
25	0.709
25	0.781
26	0.448
26	0.242
26	0.654
26	0.488
26	0.808
26	0.566
26	0.584
26	0.749
26	0.546
26	0.290
26	0.433
26	0.532
26	0.612
26	0.536
26	0.778
26	0.661
26	0.592
26	0.547
26	0.642
26	0.622
26	0.674
26	0.619
26	0.370
26	0.495
26	0.640
26	0.650
26	0.638
26	0.559
26	0.404
26	0.625
26	0.785
26	0.377
26	0.696
26	0.836
26	0.623
26	0.523
26	0.560
26	0.577
26	0.654
26	0.535
26	0.576
26	0.390
26	0.425
26	0.778
26	0.667
26	0.773
26	0.429
26	0.447
26	0.510
26	0.582
26	0.633
26	0.561
26	0.737
26	0.818
26	0.564
26	0.541
26	0.531
26	0.572
26	0.695
26	0.413
26	0.451
26	0.582
26	0.307
26	0.535
26	0.614
26	0.585
26	0.712
26	0.446
26	0.715
26	0.765
26	0.423
26	0.429
26	0.517
26	0.316
26	0.651
26	0.688
26	0.590
26	0.605
26	0.578
26	0.409
26	0.525
26	0.723
26	0.634
26	0.455
26	0.632
26	0.631
26	0.589
26	0.483
26	0.568
26	0.633
26	0.637
26	0.620
26	0.543
26	0.544
26	0.562
26	0.337
26	0.443
26	0.608
26	0.611
26	0.467
27	0.565
27	0.667
27	0.678
27	0.685
27	0.632
27	0.645
27	0.366
27	0.393
27	0.398
27	0.723
27	0.620
27	0.676
27	0.680
27	0.710
27	0.718
27	0.585
27	0.706
27	0.722
27	0.522
27	0.613
27	0.524
27	0.656
27	0.738
27	0.620
27	0.619
27	0.730
27	0.471
27	0.569
27	0.652
27	0.640
27	0.623
27	0.631
27	0.593
27	0.643
27	0.302
27	0.625
27	0.441
27	0.587
27	0.598
27	0.736
27	0.484
27	0.759
27	0.487
27	0.551
27	0.651
27	0.654
27	0.608
27	0.736
27	0.660
27	0.673
27	0.561
27	0.456
27	0.529
27	0.663
27	0.866
27	0.139
27	0.719
27	0.607
27	0.473
27	0.687
27	0.634
27	0.748
27	0.655
27	0.506
27	0.527
27	0.703
27	0.450
27	0.664
27	0.790
27	0.466
27	0.560
27	0.527
27	0.377
27	0.741
27	0.476
27	0.602
27	0.601
27	0.690
27	0.483
27	0.710
27	0.324
27	0.691
27	0.748
27	0.586
27	0.640
27	0.585
27	0.489
27	0.591
27	0.723
27	0.552
27	0.724
27	0.728
27	0.778
27	0.519
27	0.435
27	0.608
27	0.556
27	0.802
27	0.757
27	0.471
28	0.735
28	0.830
28	0.645
28	0.660
28	0.742
28	0.777
28	0.573
28	0.503
28	0.572
28	0.618
28	0.671
28	0.536
28	0.671
28	0.700
28	0.722
28	0.655
28	0.663
28	0.681
28	0.493
28	0.735
28	0.696
28	0.702
28	0.688
28	0.533
28	0.547
28	0.740
28	0.813
28	0.674
28	0.673
28	0.476
28	0.683
28	0.619
28	0.532
28	0.499
28	0.608
28	0.550
28	0.649
28	0.650
28	0.564
28	0.494
28	0.593
28	0.379
28	0.502
28	0.647
28	0.265
28	0.696
28	0.758
28	0.691
28	0.623
28	0.556
28	0.657
28	0.634
28	0.538
28	0.705
28	0.645
28	0.564
28	0.519
28	0.485
28	0.640
28	0.455
28	0.600
28	0.371
28	0.699
28	0.446
28	0.371
28	0.689
28	0.730
28	0.495
28	0.560
28	0.670
28	0.762
28	0.684
28	0.630
28	0.646
28	0.492
28	0.531
28	0.585
28	0.545
28	0.534
28	0.495
28	0.540
28	0.485
28	0.627
28	0.657
28	0.540
28	0.536
28	0.567
28	0.513
28	0.527
28	0.455
28	0.680
28	0.576
28	0.587
28	0.582
28	0.660
28	0.571
28	0.594
28	0.718
28	0.703
28	0.512
29	0.500
29	0.632
29	0.611
29	0.688
29	0.478
29	0.558
29	0.736
29	0.560
29	0.679
29	0.425
29	0.680
29	0.639
29	0.676
29	0.765
29	0.678
29	0.687
29	0.625
29	0.704
29	0.719
29	0.592
29	0.749
29	0.665
29	0.607
29	0.616
29	0.580
29	0.692
29	0.719
29	0.755
29	0.584
29	0.705
29	0.541
29	0.807
29	0.689
29	0.455
29	0.682
29	0.621
29	0.708
29	0.566
29	0.592
29	0.596
29	0.668
29	0.680
29	0.508
29	0.513
29	0.462
29	0.527
29	0.551
29	0.633
29	0.462
29	0.489
29	0.662
29	0.712
29	0.705
29	0.650
29	0.545
29	0.612
29	0.625
29	0.541
29	0.646
29	0.495
29	0.566
29	0.595
29	0.718
29	0.391
29	0.442
29	0.749
29	0.602
29	0.666
29	0.771
29	0.530
29	0.567
29	0.608
29	0.450
29	0.647
29	0.531
29	0.491
29	0.639
29	0.560
29	0.655
29	0.665
29	0.633
29	0.733
29	0.589
29	0.692
29	0.759
29	0.629
29	0.626
29	0.429
29	0.608
29	0.460
29	0.699
29	0.465
29	0.650
29	0.735
29	0.667
29	0.615
29	0.644
29	0.622
29	0.698
29	0.605
30	0.527
30	0.685
30	0.834
30	0.462
30	0.610
30	0.517
30	0.691
30	0.612
30	0.553
30	0.488
30	0.452
30	0.621
30	0.449
30	0.546
30	0.513
30	0.800
30	0.533
30	0.459
30	0.728
30	0.738
30	0.806
30	0.634
30	0.743
30	0.628
30	0.577
30	0.617
30	0.452
30	0.561
30	0.671
30	0.491
30	0.547
30	0.581
30	0.532
30	0.625
30	0.695
30	0.501
30	0.561
30	0.360
30	0.607
30	0.636
30	0.541
30	0.660
30	0.531
30	0.607
30	0.748
30	0.583
30	0.723
30	0.489
30	0.532
30	0.567
30	0.498
30	0.561
30	0.667
30	0.648
30	0.543
30	0.756
30	0.637
30	0.717
30	0.469
30	0.801
30	0.654
30	0.540
30	0.742
30	0.531
30	0.764
30	0.453
30	0.572
30	0.665
30	0.697
30	0.607
30	0.661
30	0.682
30	0.720
30	0.602
30	0.755
30	0.776
30	0.732
30	0.554
30	0.758
30	0.731
30	0.810
30	0.696
30	0.580
30	0.725
30	0.397
30	0.419
30	0.502
30	0.593
30	0.835
30	0.630
30	0.767
30	0.596
30	0.712
30	0.723
30	0.572
30	0.499
30	0.713
30	0.533
30	0.695
30	0.628
