1	0.000
1	0.000
1	0.000
1	0.000
1	0.000
1	0.615
1	0.000
1	0.000
1	0.188
1	0.033
1	0.949
1	0.000
1	0.000
1	0.084
1	0.000
1	0.000
1	0.000
1	0.000
1	0.000
1	0.000
1	0.000
1	0.000
1	0.000
1	0.000
1	0.000
1	0.000
1	0.000
1	0.000
1	0.000
1	0.000
1	0.000
1	0.000
1	0.000
1	0.000
1	0.000
1	0.000
1	0.000
1	0.000
1	0.000
1	0.000
1	0.000
1	0.000
1	0.000
1	0.000
1	0.000
1	0.000
1	0.000
1	0.000
1	0.000
1	0.000
1	0.000
1	0.038
1	0.000
1	0.000
1	1.000
1	0.000
1	0.000
1	0.000
1	0.000
1	0.000
1	0.000
1	0.066
1	0.000
1	0.000
1	0.000
1	0.000
1	0.110
1	0.000
1	0.000
1	0.000
1	0.000
1	0.000
1	0.000
1	0.000
1	0.159
1	0.000
1	0.000
1	0.000
1	0.000
1	0.000
1	0.000
1	0.000
1	0.000
1	0.000
1	0.000
1	0.000
1	0.000
1	0.000
1	0.000
1	0.000
1	0.000
1	0.000
1	0.000
1	0.000
1	0.000
1	0.000
1	0.000
1	0.000
1	0.000
1	0.000
2	0.000
2	0.061
2	0.008
2	0.000
2	0.035
2	0.000
2	0.000
2	0.000
2	0.002
2	0.000
2	0.000
2	0.000
2	0.000
2	0.000
2	0.994
2	0.000
2	0.006
2	0.028
2	0.000
2	0.000
2	0.189
2	0.000
2	0.000
2	0.081
2	0.000
2	0.000
2	0.000
2	0.522
2	0.079
2	0.000
2	0.433
2	0.008
2	0.000
2	0.027
2	0.000
2	0.469
2	0.000
2	0.425
2	0.000
2	0.000
2	0.949
2	0.000
2	0.000
2	0.046
2	0.000
2	0.429
2	0.000
2	0.000
2	0.394
2	0.003
2	0.029
2	0.000
2	0.000
2	0.002
2	0.053
2	0.000
2	0.000
2	0.000
2	0.040
2	0.983
2	0.003
2	0.357
2	0.000
2	0.002
2	0.000
2	0.152
2	0.000
2	0.000
2	0.002
2	0.000
2	0.023
2	0.000
2	0.051
2	0.000
2	0.305
2	0.000
2	0.000
2	0.003
2	0.000
2	0.535
2	0.118
2	0.000
2	0.000
2	0.067
2	0.218
2	0.048
2	0.001
2	0.002
2	0.000
2	0.000
2	0.000
2	0.196
2	0.000
2	0.000
2	0.024
2	0.000
2	0.000
2	0.000
2	0.000
2	0.044
3	0.057
3	0.001
3	0.001
3	0.019
3	0.042
3	0.001
3	0.001
3	0.395
3	0.041
3	0.008
3	0.000
3	0.368
3	0.035
3	0.002
3	0.709
3	0.047
3	0.056
3	0.018
3	0.002
3	0.000
3	0.091
3	0.028
3	0.275
3	0.004
3	0.045
3	0.004
3	0.016
3	0.034
3	0.034
3	0.001
3	0.016
3	0.001
3	0.004
3	0.615
3	0.028
3	0.459
3	0.258
3	0.019
3	0.692
3	0.000
3	0.000
3	0.077
3	0.198
3	0.022
3	0.044
3	0.000
3	0.002
3	0.000
3	0.044
3	0.003
3	0.143
3	0.012
3	0.007
3	0.015
3	0.036
3	0.000
3	0.220
3	0.005
3	0.023
3	0.029
3	0.000
3	0.452
3	0.047
3	0.019
3	0.103
3	0.011
3	0.001
3	0.046
3	0.000
3	0.033
3	0.000
3	0.001
3	0.000
3	0.016
3	0.085
3	0.000
3	0.262
3	0.018
3	0.250
3	0.000
3	0.009
3	0.218
3	0.000
3	0.026
3	0.000
3	0.014
3	0.031
3	0.001
3	0.001
3	0.020
3	0.001
3	0.002
3	0.000
3	0.000
3	0.000
3	0.001
3	0.044
3	0.033
3	0.000
3	0.001
4	0.011
4	0.095
4	0.003
4	0.013
4	0.007
4	0.449
4	0.031
4	0.457
4	0.248
4	0.004
4	0.234
4	0.043
4	0.000
4	0.220
4	0.013
4	0.050
4	0.256
4	0.707
4	0.001
4	0.068
4	0.225
4	0.140
4	0.000
4	0.000
4	0.011
4	0.064
4	0.359
4	0.019
4	0.000
4	0.102
4	0.001
4	0.065
4	0.001
4	0.382
4	0.038
4	0.001
4	0.038
4	0.135
4	0.150
4	0.002
4	0.443
4	0.000
4	0.000
4	0.000
4	0.494
4	0.372
4	0.000
4	0.566
4	0.014
4	0.002
4	0.001
4	0.000
4	0.046
4	0.119
4	0.003
4	0.168
4	0.381
4	0.210
4	0.000
4	0.001
4	0.398
4	0.317
4	0.009
4	0.006
4	0.193
4	0.000
4	0.061
4	0.210
4	0.212
4	0.002
4	0.149
4	0.125
4	0.000
4	0.261
4	0.002
4	0.000
4	0.031
4	0.050
4	0.162
4	0.001
4	0.008
4	0.001
4	0.263
4	0.162
4	0.308
4	0.086
4	0.135
4	0.022
4	0.316
4	0.178
4	0.084
4	0.000
4	0.000
4	0.268
4	0.480
4	0.292
4	0.002
4	0.000
4	0.486
4	0.020
5	0.004
5	0.019
5	0.026
5	0.313
5	0.006
5	0.022
5	0.000
5	0.002
5	0.502
5	0.001
5	0.187
5	0.142
5	0.000
5	0.012
5	0.001
5	0.299
5	0.140
5	0.030
5	0.024
5	0.000
5	0.124
5	0.325
5	0.012
5	0.001
5	0.016
5	0.071
5	0.001
5	0.099
5	0.003
5	0.336
5	0.018
5	0.358
5	0.024
5	0.215
5	0.296
5	0.024
5	0.012
5	0.012
5	0.032
5	0.027
5	0.012
5	0.020
5	0.013
5	0.062
5	0.235
5	0.002
5	0.001
5	0.263
5	0.017
5	0.015
5	0.011
5	0.227
5	0.341
5	0.008
5	0.012
5	0.244
5	0.021
5	0.349
5	0.019
5	0.171
5	0.219
5	0.002
5	0.056
5	0.054
5	0.008
5	0.036
5	0.019
5	0.021
5	0.001
5	0.361
5	0.028
5	0.007
5	0.024
5	0.097
5	0.077
5	0.126
5	0.006
5	0.033
5	0.268
5	0.003
5	0.018
5	0.004
5	0.004
5	0.238
5	0.001
5	0.010
5	0.001
5	0.007
5	0.258
5	0.031
5	0.121
5	0.053
5	0.001
5	0.000
5	0.295
5	0.017
5	0.301
5	0.000
5	0.029
5	0.351
6	0.408
6	0.345
6	0.059
6	0.161
6	0.016
6	0.001
6	0.005
6	0.010
6	0.000
6	0.053
6	0.002
6	0.189
6	0.010
6	0.022
6	0.144
6	0.169
6	0.008
6	0.244
6	0.003
6	0.073
6	0.009
6	0.006
6	0.006
6	0.059
6	0.443
6	0.103
6	0.040
6	0.028
6	0.008
6	0.229
6	0.085
6	0.001
6	0.166
6	0.149
6	0.092
6	0.001
6	0.460
6	0.426
6	0.036
6	0.052
6	0.001
6	0.000
6	0.258
6	0.000
6	0.001
6	0.017
6	0.009
6	0.041
6	0.013
6	0.001
6	0.000
6	0.112
6	0.068
6	0.010
6	0.016
6	0.011
6	0.427
6	0.073
6	0.077
6	0.026
6	0.052
6	0.000
6	0.141
6	0.371
6	0.022
6	0.023
6	0.163
6	0.001
6	0.022
6	0.023
6	0.431
6	0.083
6	0.001
6	0.016
6	0.012
6	0.007
6	0.356
6	0.000
6	0.026
6	0.243
6	0.570
6	0.215
6	0.181
6	0.358
6	0.170
6	0.398
6	0.011
6	0.000
6	0.040
6	0.284
6	0.002
6	0.428
6	0.194
6	0.002
6	0.153
6	0.007
6	0.347
6	0.283
6	0.056
6	0.001
7	0.018
7	0.001
7	0.105
7	0.015
7	0.067
7	0.013
7	0.051
7	0.020
7	0.113
7	0.034
7	0.008
7	0.002
7	0.569
7	0.003
7	0.000
7	0.148
7	0.014
7	0.604
7	0.003
7	0.000
7	0.242
7	0.245
7	0.055
7	0.160
7	0.067
7	0.026
7	0.054
7	0.247
7	0.071
7	0.081
7	0.414
7	0.011
7	0.306
7	0.093
7	0.146
7	0.054
7	0.000
7	0.048
7	0.075
7	0.001
7	0.016
7	0.300
7	0.004
7	0.016
7	0.035
7	0.490
7	0.497
7	0.003
7	0.272
7	0.002
7	0.003
7	0.065
7	0.077
7	0.002
7	0.077
7	0.115
7	0.013
7	0.015
7	0.009
7	0.372
7	0.278
7	0.017
7	0.004
7	0.245
7	0.441
7	0.002
7	0.015
7	0.012
7	0.026
7	0.057
7	0.001
7	0.026
7	0.037
7	0.155
7	0.300
7	0.073
7	0.000
7	0.126
7	0.002
7	0.015
7	0.130
7	0.198
7	0.440
7	0.312
7	0.082
7	0.207
7	0.053
7	0.001
7	0.148
7	0.013
7	0.056
7	0.001
7	0.065
7	0.135
7	0.006
7	0.126
7	0.234
7	0.167
7	0.107
7	0.025
8	0.016
8	0.261
8	0.002
8	0.039
8	0.450
8	0.588
8	0.077
8	0.036
8	0.269
8	0.007
8	0.263
8	0.088
8	0.185
8	0.436
8	0.206
8	0.036
8	0.205
8	0.193
8	0.018
8	0.063
8	0.002
8	0.000
8	0.304
8	0.000
8	0.002
8	0.159
8	0.003
8	0.445
8	0.001
8	0.016
8	0.260
8	0.029
8	0.329
8	0.018
8	0.150
8	0.003
8	0.279
8	0.015
8	0.469
8	0.263
8	0.033
8	0.135
8	0.197
8	0.262
8	0.189
8	0.095
8	0.016
8	0.010
8	0.008
8	0.059
8	0.015
8	0.103
8	0.057
8	0.150
8	0.011
8	0.011
8	0.192
8	0.725
8	0.011
8	0.174
8	0.001
8	0.329
8	0.036
8	0.291
8	0.079
8	0.568
8	0.112
8	0.103
8	0.288
8	0.109
8	0.075
8	0.517
8	0.026
8	0.012
8	0.075
8	0.157
8	0.342
8	0.005
8	0.020
8	0.621
8	0.220
8	0.339
8	0.173
8	0.002
8	0.008
8	0.000
8	0.038
8	0.032
8	0.027
8	0.171
8	0.393
8	0.540
8	0.317
8	0.277
8	0.142
8	0.026
8	0.335
8	0.011
8	0.363
8	0.077
9	0.113
9	0.000
9	0.018
9	0.040
9	0.179
9	0.094
9	0.084
9	0.387
9	0.107
9	0.005
9	0.319
9	0.361
9	0.034
9	0.376
9	0.141
9	0.041
9	0.291
9	0.365
9	0.209
9	0.366
9	0.209
9	0.126
9	0.017
9	0.048
9	0.142
9	0.017
9	0.176
9	0.182
9	0.042
9	0.227
9	0.219
9	0.245
9	0.286
9	0.113
9	0.287
9	0.008
9	0.166
9	0.176
9	0.147
9	0.057
9	0.013
9	0.393
9	0.318
9	0.042
9	0.258
9	0.017
9	0.403
9	0.434
9	0.117
9	0.084
9	0.006
9	0.011
9	0.378
9	0.059
9	0.008
9	0.132
9	0.319
9	0.180
9	0.003
9	0.348
9	0.275
9	0.205
9	0.019
9	0.409
9	0.009
9	0.027
9	0.009
9	0.095
9	0.095
9	0.074
9	0.025
9	0.123
9	0.151
9	0.059
9	0.188
9	0.282
9	0.028
9	0.006
9	0.105
9	0.063
9	0.349
9	0.300
9	0.033
9	0.038
9	0.434
9	0.164
9	0.094
9	0.396
9	0.134
9	0.001
9	0.011
9	0.129
9	0.091
9	0.073
9	0.463
9	0.452
9	0.008
9	0.112
9	0.044
9	0.175
10	0.181
10	0.223
10	0.437
10	0.116
10	0.287
10	0.390
10	0.171
10	0.018
10	0.213
10	0.680
10	0.188
10	0.178
10	0.050
10	0.079
10	0.002
10	0.271
10	0.041
10	0.008
10	0.426
10	0.664
10	0.236
10	0.124
10	0.223
10	0.147
10	0.222
10	0.372
10	0.195
10	0.271
10	0.290
10	0.222
10	0.034
10	0.115
10	0.020
10	0.160
10	0.160
10	0.289
10	0.048
10	0.305
10	0.527
10	0.016
10	0.002
10	0.149
10	0.021
10	0.134
10	0.109
10	0.010
10	0.277
10	0.258
10	0.306
10	0.036
10	0.297
10	0.186
10	0.452
10	0.050
10	0.365
10	0.638
10	0.024
10	0.051
10	0.003
10	0.301
10	0.005
10	0.002
10	0.611
10	0.251
10	0.163
10	0.012
10	0.070
10	0.082
10	0.318
10	0.110
10	0.286
10	0.147
10	0.029
10	0.117
10	0.154
10	0.394
10	0.137
10	0.001
10	0.142
10	0.178
10	0.184
10	0.125
10	0.019
10	0.085
10	0.171
10	0.127
10	0.003
10	0.711
10	0.235
10	0.044
10	0.500
10	0.007
10	0.083
10	0.188
10	0.113
10	0.081
10	0.560
10	0.008
10	0.048
10	0.016
11	0.365
11	0.206
11	0.171
11	0.086
11	0.479
11	0.296
11	0.186
11	0.177
11	0.242
11	0.192
11	0.008
11	0.044
11	0.056
11	0.129
11	0.239
11	0.241
11	0.103
11	0.346
11	0.274
11	0.177
11	0.204
11	0.353
11	0.069
11	0.562
11	0.068
11	0.400
11	0.274
11	0.068
11	0.383
11	0.061
11	0.144
11	0.007
11	0.012
11	0.150
11	0.052
11	0.405
11	0.117
11	0.415
11	0.032
11	0.209
11	0.030
11	0.087
11	0.235
11	0.235
11	0.103
11	0.018
11	0.150
11	0.117
11	0.199
11	0.314
11	0.396
11	0.113
11	0.099
11	0.126
11	0.005
11	0.126
11	0.131
11	0.190
11	0.146
11	0.190
11	0.300
11	0.116
11	0.085
11	0.132
11	0.223
11	0.159
11	0.493
11	0.218
11	0.432
11	0.365
11	0.208
11	0.157
11	0.057
11	0.153
11	0.046
11	0.166
11	0.078
11	0.127
11	0.034
11	0.178
11	0.562
11	0.081
11	0.124
11	0.355
11	0.355
11	0.051
11	0.378
11	0.681
11	0.498
11	0.097
11	0.252
11	0.194
11	0.201
11	0.058
11	0.258
11	0.006
11	0.365
11	0.098
11	0.323
11	0.016
12	0.381
12	0.229
12	0.119
12	0.201
12	0.083
12	0.389
12	0.389
12	0.049
12	0.309
12	0.170
12	0.003
12	0.013
12	0.363
12	0.270
12	0.167
12	0.416
12	0.229
12	0.316
12	0.232
12	0.462
12	0.441
12	0.050
12	0.304
12	0.732
12	0.378
12	0.291
12	0.135
12	0.615
12	0.088
12	0.011
12	0.216
12	0.243
12	0.463
12	0.568
12	0.337
12	0.278
12	0.338
12	0.363
12	0.359
12	0.234
12	0.478
12	0.112
12	0.174
12	0.401
12	0.346
12	0.317
12	0.202
12	0.364
12	0.183
12	0.533
12	0.255
12	0.522
12	0.125
12	0.352
12	0.127
12	0.042
12	0.116
12	0.254
12	0.131
12	0.052
12	0.088
12	0.177
12	0.242
12	0.132
12	0.371
12	0.410
12	0.200
12	0.207
12	0.095
12	0.500
12	0.053
12	0.292
12	0.361
12	0.019
12	0.028
12	0.249
12	0.324
12	0.033
12	0.255
12	0.300
12	0.586
12	0.386
12	0.147
12	0.070
12	0.311
12	0.311
12	0.205
12	0.179
12	0.378
12	0.228
12	0.162
12	0.233
12	0.473
12	0.155
12	0.246
12	0.296
12	0.370
12	0.125
12	0.252
12	0.226
13	0.110
13	0.007
13	0.327
13	0.476
13	0.159
13	0.252
13	0.454
13	0.389
13	0.007
13	0.411
13	0.261
13	0.497
13	0.319
13	0.018
13	0.764
13	0.249
13	0.386
13	0.611
13	0.105
13	0.130
13	0.439
13	0.075
13	0.008
13	0.429
13	0.538
13	0.101
13	0.132
13	0.415
13	0.025
13	0.039
13	0.043
13	0.034
13	0.182
13	0.086
13	0.168
13	0.183
13	0.291
13	0.093
13	0.119
13	0.360
13	0.097
13	0.358
13	0.463
13	0.118
13	0.409
13	0.196
13	0.313
13	0.156
13	0.233
13	0.243
13	0.263
13	0.217
13	0.528
13	0.113
13	0.078
13	0.163
13	0.112
13	0.129
13	0.291
13	0.268
13	0.331
13	0.456
13	0.207
13	0.199
13	0.142
13	0.160
13	0.403
13	0.134
13	0.193
13	0.420
13	0.419
13	0.132
13	0.149
13	0.402
13	0.617
13	0.216
13	0.451
13	0.303
13	0.325
13	0.322
13	0.158
13	0.384
13	0.159
13	0.278
13	0.172
13	0.395
13	0.164
13	0.609
13	0.216
13	0.241
13	0.473
13	0.064
13	0.285
13	0.375
13	0.204
13	0.163
13	0.409
13	0.409
13	0.117
13	0.172
14	0.385
14	0.185
14	0.387
14	0.191
14	0.247
14	0.126
14	0.207
14	0.349
14	0.508
14	0.532
14	0.182
14	0.215
14	0.572
14	0.061
14	0.511
14	0.352
14	0.661
14	0.326
14	0.312
14	0.361
14	0.292
14	0.406
14	0.351
14	0.526
14	0.132
14	0.262
14	0.598
14	0.589
14	0.217
14	0.382
14	0.258
14	0.425
14	0.233
14	0.328
14	0.052
14	0.070
14	0.297
14	0.307
14	0.313
14	0.470
14	0.373
14	0.124
14	0.468
14	0.355
14	0.187
14	0.361
14	0.279
14	0.420
14	0.214
14	0.105
14	0.253
14	0.458
14	0.182
14	0.317
14	0.193
14	0.112
14	0.333
14	0.256
14	0.142
14	0.266
14	0.517
14	0.327
14	0.372
14	0.033
14	0.304
14	0.305
14	0.180
14	0.370
14	0.137
14	0.279
14	0.511
14	0.200
14	0.610
14	0.071
14	0.348
14	0.072
14	0.407
14	0.256
14	0.373
14	0.060
14	0.061
14	0.364
14	0.398
14	0.189
14	0.115
14	0.349
14	0.249
14	0.486
14	0.077
14	0.136
14	0.524
14	0.338
14	0.321
14	0.340
14	0.067
14	0.160
14	0.284
14	0.366
14	0.095
14	0.143
15	0.286
15	0.360
15	0.449
15	0.266
15	0.223
15	0.086
15	0.493
15	0.188
15	0.362
15	0.193
15	0.368
15	0.514
15	0.350
15	0.456
15	0.541
15	0.310
15	0.288
15	0.242
15	0.267
15	0.191
15	0.494
15	0.293
15	0.535
15	0.491
15	0.307
15	0.595
15	0.410
15	0.386
15	0.140
15	0.610
15	0.101
15	0.166
15	0.430
15	0.091
15	0.103
15	0.363
15	0.236
15	0.155
15	0.277
15	0.495
15	0.473
15	0.375
15	0.502
15	0.246
15	0.232
15	0.109
15	0.015
15	0.731
15	0.400
15	0.456
15	0.707
15	0.454
15	0.324
15	0.660
15	0.302
15	0.245
15	0.316
15	0.668
15	0.305
15	0.208
15	0.209
15	0.266
15	0.179
15	0.463
15	0.256
15	0.500
15	0.192
15	0.482
15	0.508
15	0.426
15	0.415
15	0.054
15	0.348
15	0.013
15	0.341
15	0.260
15	0.641
15	0.151
15	0.294
15	0.430
15	0.259
15	0.085
15	0.417
15	0.202
15	0.462
15	0.226
15	0.034
15	0.360
15	0.376
15	0.421
15	0.283
15	0.149
15	0.494
15	0.516
15	0.513
15	0.490
15	0.373
15	0.603
15	0.371
15	0.604
16	0.147
16	0.416
16	0.269
16	0.252
16	0.420
16	0.404
16	0.521
16	0.142
16	0.520
16	0.364
16	0.578
16	0.180
16	0.327
16	0.440
16	0.434
16	0.333
16	0.094
16	0.383
16	0.259
16	0.454
16	0.602
16	0.541
16	0.505
16	0.371
16	0.277
16	0.175
16	0.642
16	0.477
16	0.308
16	0.242
16	0.278
16	0.346
16	0.173
16	0.164
16	0.641
16	0.543
16	0.511
16	0.346
16	0.249
16	0.572
16	0.565
16	0.317
16	0.464
16	0.452
16	0.251
16	0.467
16	0.479
16	0.365
16	0.223
16	0.423
16	0.507
16	0.549
16	0.406
16	0.318
16	0.431
16	0.260
16	0.231
16	0.027
16	0.462
16	0.228
16	0.473
16	0.156
16	0.195
16	0.122
16	0.170
16	0.394
16	0.316
16	0.329
16	0.347
16	0.296
16	0.398
16	0.465
16	0.174
16	0.208
16	0.363
16	0.254
16	0.328
16	0.587
16	0.516
16	0.227
16	0.319
16	0.627
16	0.447
16	0.263
16	0.534
16	0.220
16	0.637
16	0.333
16	0.597
16	0.476
16	0.290
16	0.267
16	0.372
16	0.402
16	0.501
16	0.342
16	0.345
16	0.270
16	0.292
16	0.491
17	0.257
17	0.531
17	0.140
17	0.066
17	0.476
17	0.324
17	0.212
17	0.429
17	0.422
17	0.249
17	0.087
17	0.419
17	0.316
17	0.244
17	0.316
17	0.245
17	0.263
17	0.258
17	0.250
17	0.310
17	0.351
17	0.479
17	0.321
17	0.613
17	0.567
17	0.391
17	0.504
17	0.380
17	0.060
17	0.476
17	0.459
17	0.622
17	0.351
17	0.131
17	0.384
17	0.352
17	0.224
17	0.109
17	0.147
17	0.276
17	0.134
17	0.405
17	0.606
17	0.511
17	0.317
17	0.618
17	0.392
17	0.256
17	0.308
17	0.412
17	0.296
17	0.509
17	0.075
17	0.380
17	0.210
17	0.294
17	0.331
17	0.361
17	0.138
17	0.707
17	0.497
17	0.565
17	0.174
17	0.420
17	0.258
17	0.364
17	0.297
17	0.635
17	0.137
17	0.173
17	0.393
17	0.502
17	0.565
17	0.311
17	0.312
17	0.619
17	0.289
17	0.612
17	0.490
17	0.222
17	0.425
17	0.462
17	0.181
17	0.361
17	0.364
17	0.397
17	0.099
17	0.474
17	0.482
17	0.225
17	0.278
17	0.463
17	0.449
17	0.493
17	0.532
17	0.497
17	0.405
17	0.414
17	0.264
17	0.181
18	0.395
18	0.195
18	0.484
18	0.474
18	0.558
18	0.420
18	0.594
18	0.371
18	0.225
18	0.291
18	0.411
18	0.394
18	0.339
18	0.610
18	0.119
18	0.184
18	0.445
18	0.259
18	0.458
18	0.302
18	0.323
18	0.532
18	0.335
18	0.352
18	0.551
18	0.285
18	0.227
18	0.301
18	0.505
18	0.518
18	0.125
18	0.356
18	0.470
18	0.458
18	0.321
18	0.404
18	0.566
18	0.286
18	0.197
18	0.291
18	0.602
18	0.370
18	0.287
18	0.810
18	0.237
18	0.443
18	0.187
18	0.468
18	0.536
18	0.323
18	0.466
18	0.694
18	0.367
18	0.361
18	0.513
18	0.336
18	0.191
18	0.487
18	0.596
18	0.126
18	0.329
18	0.465
18	0.423
18	0.281
18	0.131
18	0.133
18	0.264
18	0.413
18	0.538
18	0.665
18	0.497
18	0.320
18	0.282
18	0.417
18	0.152
18	0.427
18	0.314
18	0.271
18	0.311
18	0.466
18	0.638
18	0.412
18	0.479
18	0.664
18	0.632
18	0.300
18	0.134
18	0.234
18	0.405
18	0.378
18	0.334
18	0.587
18	0.302
18	0.658
18	0.212
18	0.258
18	0.434
18	0.631
18	0.283
18	0.384
19	0.578
19	0.533
19	0.452
19	0.334
19	0.167
19	0.680
19	0.491
19	0.226
19	0.127
19	0.463
19	0.249
19	0.513
19	0.432
19	0.549
19	0.164
19	0.440
19	0.631
19	0.353
19	0.489
19	0.667
19	0.552
19	0.402
19	0.501
19	0.507
19	0.222
19	0.289
19	0.386
19	0.398
19	0.569
19	0.338
19	0.601
19	0.498
19	0.294
19	0.158
19	0.463
19	0.339
19	0.261
19	0.605
19	0.462
19	0.515
19	0.586
19	0.368
19	0.287
19	0.217
19	0.601
19	0.563
19	0.505
19	0.303
19	0.663
19	0.239
19	0.595
19	0.419
19	0.496
19	0.189
19	0.148
19	0.590
19	0.630
19	0.423
19	0.483
19	0.128
19	0.603
19	0.431
19	0.213
19	0.314
19	0.455
19	0.252
19	0.127
19	0.428
19	0.269
19	0.490
19	0.403
19	0.447
19	0.123
19	0.741
19	0.574
19	0.589
19	0.610
19	0.383
19	0.407
19	0.545
19	0.359
19	0.557
19	0.283
19	0.332
19	0.472
19	0.368
19	0.385
19	0.546
19	0.216
19	0.138
19	0.518
19	0.452
19	0.406
19	0.488
19	0.472
19	0.351
19	0.633
19	0.592
19	0.561
19	0.472
20	0.578
20	0.328
20	0.632
20	0.630
20	0.345
20	0.638
20	0.413
20	0.426
20	0.442
20	0.270
20	0.639
20	0.512
20	0.680
20	0.373
20	0.651
20	0.120
20	0.341
20	0.439
20	0.365
20	0.442
20	0.549
20	0.376
20	0.388
20	0.584
20	0.527
20	0.217
20	0.413
20	0.539
20	0.495
20	0.487
20	0.620
20	0.615
20	0.564
20	0.545
20	0.508
20	0.307
20	0.931
20	0.546
20	0.473
20	0.637
20	0.293
20	0.678
20	0.228
20	0.134
20	0.391
20	0.521
20	0.343
20	0.656
20	0.386
20	0.378
20	0.655
20	0.611
20	0.645
20	0.265
20	0.486
20	0.223
20	0.491
20	0.688
20	0.439
20	0.378
20	0.281
20	0.551
20	0.635
20	0.608
20	0.422
20	0.260
20	0.429
20	0.385
20	0.486
20	0.468
20	0.555
20	0.251
20	0.620
20	0.586
20	0.415
20	0.314
20	0.428
20	0.385
20	0.426
20	0.366
20	0.348
20	0.239
20	0.715
20	0.428
20	0.424
20	0.406
20	0.596
20	0.527
20	0.182
20	0.451
20	0.492
20	0.446
20	0.303
20	0.445
20	0.457
20	0.557
20	0.533
20	0.377
20	0.340
20	0.297
21	0.410
21	0.467
21	0.584
21	0.390
21	0.294
21	0.447
21	0.410
21	0.450
21	0.705
21	0.551
21	0.371
21	0.793
21	0.378
21	0.629
21	0.245
21	0.340
21	0.373
21	0.549
21	0.460
21	0.471
21	0.650
21	0.417
21	0.456
21	0.377
21	0.567
21	0.430
21	0.598
21	0.576
21	0.476
21	0.405
21	0.559
21	0.566
21	0.351
21	0.753
21	0.385
21	0.465
21	0.567
21	0.393
21	0.647
21	0.554
21	0.593
21	0.596
21	0.656
21	0.612
21	0.443
21	0.633
21	0.261
21	0.507
21	0.208
21	0.427
21	0.577
21	0.525
21	0.569
21	0.530
21	0.151
21	0.512
21	0.704
21	0.583
21	0.382
21	0.592
21	0.491
21	0.434
21	0.314
21	0.559
21	0.442
21	0.506
21	0.377
21	0.405
21	0.490
21	0.673
21	0.444
21	0.658
21	0.597
21	0.785
21	0.585
21	0.418
21	0.559
21	0.369
21	0.695
21	0.425
21	0.444
21	0.489
21	0.541
21	0.499
21	0.525
21	0.385
21	0.428
21	0.410
21	0.493
21	0.506
21	0.712
21	0.542
21	0.222
21	0.554
21	0.562
21	0.565
21	0.166
21	0.226
21	0.220
21	0.453
22	0.523
22	0.409
22	0.404
22	0.519
22	0.590
22	0.681
22	0.419
22	0.330
22	0.475
22	0.552
22	0.382
22	0.541
22	0.666
22	0.541
22	0.417
22	0.616
22	0.505
22	0.408
22	0.760
22	0.581
22	0.627
22	0.414
22	0.462
22	0.424
22	0.556
22	0.492
22	0.600
22	0.372
22	0.503
22	0.393
22	0.410
22	0.675
22	0.239
22	0.631
22	0.613
22	0.496
22	0.387
22	0.464
22	0.536
22	0.700
22	0.472
22	0.527
22	0.231
22	0.605
22	0.651
22	0.406
22	0.501
22	0.704
22	0.495
22	0.546
22	0.295
22	0.436
22	0.467
22	0.568
22	0.490
22	0.322
22	0.407
22	0.453
22	0.379
22	0.342
22	0.554
22	0.276
22	0.563
22	0.685
22	0.638
22	0.337
22	0.466
22	0.498
22	0.593
22	0.358
22	0.716
22	0.536
22	0.568
22	0.444
22	0.496
22	0.459
22	0.428
22	0.569
22	0.551
22	0.616
22	0.595
22	0.472
22	0.306
22	0.543
22	0.552
22	0.583
22	0.363
22	0.513
22	0.463
22	0.357
22	0.302
22	0.597
22	0.619
22	0.364
22	0.775
22	0.725
22	0.571
22	0.561
22	0.547
22	0.587
23	0.372
23	0.321
23	0.657
23	0.307
23	0.333
23	0.377
23	0.378
23	0.675
23	0.367
23	0.551
23	0.444
23	0.472
23	0.459
23	0.548
23	0.598
23	0.459
23	0.414
23	0.483
23	0.579
23	0.659
23	0.535
23	0.521
23	0.591
23	0.488
23	0.550
23	0.487
23	0.554
23	0.683
23	0.471
23	0.379
23	0.396
23	0.660
23	0.630
23	0.614
23	0.477
23	0.555
23	0.559
23	0.485
23	0.456
23	0.559
23	0.532
23	0.504
23	0.735
23	0.602
23	0.582
23	0.626
23	0.337
23	0.599
23	0.520
23	0.416
23	0.446
23	0.599
23	0.507
23	0.747
23	0.401
23	0.738
23	0.426
23	0.825
23	0.349
23	0.428
23	0.545
23	0.631
23	0.708
23	0.658
23	0.751
23	0.618
23	0.569
23	0.610
23	0.578
23	0.784
23	0.613
23	0.435
23	0.574
23	0.565
23	0.172
23	0.430
23	0.505
23	0.727
23	0.529
23	0.583
23	0.710
23	0.845
23	0.555
23	0.549
23	0.812
23	0.337
23	0.497
23	0.492
23	0.687
23	0.710
23	0.444
23	0.383
23	0.658
23	0.363
23	0.511
23	0.445
23	0.428
23	0.555
23	0.555
23	0.458
24	0.397
24	0.403
24	0.580
24	0.652
24	0.517
24	0.411
24	0.537
24	0.464
24	0.428
24	0.638
24	0.573
24	0.442
24	0.563
24	0.783
24	0.417
24	0.473
24	0.270
24	0.479
24	0.747
24	0.565
24	0.622
24	0.472
24	0.667
24	0.652
24	0.476
24	0.450
24	0.371
24	0.501
24	0.260
24	0.527
24	0.633
24	0.523
24	0.319
24	0.235
24	0.455
24	0.595
24	0.714
24	0.479
24	0.639
24	0.387
24	0.639
24	0.498
24	0.583
24	0.433
24	0.406
24	0.444
24	0.363
24	0.679
24	0.379
24	0.547
24	0.652
24	0.400
24	0.470
24	0.587
24	0.557
24	0.504
24	0.558
24	0.640
24	0.509
24	0.283
24	0.614
24	0.368
24	0.279
24	0.590
24	0.517
24	0.476
24	0.326
24	0.410
24	0.396
24	0.734
24	0.603
24	0.401
24	0.675
24	0.617
24	0.509
24	0.592
24	0.672
24	0.391
24	0.742
24	0.684
24	0.399
24	0.426
24	0.598
24	0.718
24	0.556
24	0.579
24	0.449
24	0.304
24	0.761
24	0.524
24	0.563
24	0.187
24	0.682
24	0.373
24	0.716
24	0.514
24	0.466
24	0.287
24	0.682
24	0.373
25	0.622
25	0.478
25	0.670
25	0.393
25	0.456
25	0.868
25	0.521
25	0.598
25	0.663
25	0.625
25	0.476
25	0.395
25	0.594
25	0.519
25	0.504
25	0.476
25	0.516
25	0.607
25	0.630
25	0.521
25	0.495
25	0.569
25	0.432
25	0.609
25	0.667
25	0.750
25	0.488
25	0.524
25	0.629
25	0.597
25	0.249
25	0.611
25	0.291
25	0.574
25	0.531
25	0.720
25	0.565
25	0.495
25	0.637
25	0.805
25	0.497
25	0.674
25	0.519
25	0.382
25	0.522
25	0.486
25	0.484
25	0.738
25	0.567
25	0.682
25	0.431
25	0.535
25	0.510
25	0.617
25	0.592
25	0.374
25	0.475
25	0.403
25	0.441
25	0.640
25	0.516
25	0.618
25	0.303
25	0.701
25	0.508
25	0.547
25	0.630
25	0.589
25	0.611
25	0.549
25	0.547
25	0.371
25	0.556
25	0.529
25	0.494
25	0.543
25	0.497
25	0.533
25	0.664
25	0.511
25	0.642
25	0.542
25	0.685
25	0.602
25	0.629
25	0.592
25	0.770
25	0.575
25	0.543
25	0.416
25	0.520
25	0.506
25	0.610
25	0.659
25	0.454
25	0.649
25	0.597
25	0.454
25	0.459
25	0.505
26	0.603
26	0.442
26	0.361
26	0.502
26	0.460
26	0.541
26	0.553
26	0.563
26	0.656
26	0.644
26	0.490
26	0.476
26	0.603
26	0.461
26	0.361
26	0.612
26	0.681
26	0.446
26	0.375
26	0.736
26	0.340
26	0.342
26	0.591
26	0.314
26	0.527
26	0.529
26	0.701
26	0.528
26	0.418
26	0.782
26	0.448
26	0.686
26	0.660
26	0.458
26	0.598
26	0.494
26	0.758
26	0.341
26	0.455
26	0.591
26	0.454
26	0.485
26	0.459
26	0.463
26	0.662
26	0.701
26	0.621
26	0.398
26	0.546
26	0.659
26	0.698
26	0.671
26	0.691
26	0.852
26	0.607
26	0.586
26	0.715
26	0.764
26	0.498
26	0.591
26	0.514
26	0.364
26	0.671
26	0.224
26	0.547
26	0.770
26	0.763
26	0.495
26	0.664
26	0.567
26	0.673
26	0.340
26	0.868
26	0.571
26	0.770
26	0.564
26	0.797
26	0.454
26	0.593
26	0.582
26	0.532
26	0.505
26	0.620
26	0.607
26	0.575
26	0.525
26	0.532
26	0.811
26	0.328
26	0.607
26	0.569
26	0.506
26	0.477
26	0.706
26	0.507
26	0.553
26	0.678
26	0.478
26	0.602
26	0.765
27	0.668
27	0.615
27	0.692
27	0.584
27	0.722
27	0.668
27	0.668
27	0.639
27	0.657
27	0.279
27	0.561
27	0.640
27	0.576
27	0.694
27	0.606
27	0.432
27	0.606
27	0.597
27	0.463
27	0.587
27	0.410
27	0.709
27	0.760
27	0.698
27	0.711
27	0.576
27	0.639
27	0.628
27	0.530
27	0.725
27	0.685
27	0.575
27	0.666
27	0.616
27	0.741
27	0.486
27	0.510
27	0.619
27	0.777
27	0.510
27	0.661
27	0.525
27	0.576
27	0.332
27	0.564
27	0.642
27	0.553
27	0.580
27	0.624
27	0.446
27	0.624
27	0.368
27	0.443
27	0.586
27	0.642
27	0.551
27	0.654
27	0.426
27	0.550
27	0.694
27	0.619
27	0.483
27	0.837
27	0.647
27	0.609
27	0.514
27	0.710
27	0.489
27	0.541
27	0.582
27	0.751
27	0.415
27	0.836
27	0.653
27	0.516
27	0.628
27	0.665
27	0.753
27	0.547
27	0.500
27	0.400
27	0.553
27	0.487
27	0.633
27	0.579
27	0.728
27	0.734
27	0.583
27	0.504
27	0.636
27	0.580
27	0.612
27	0.708
27	0.752
27	0.805
27	0.310
27	0.512
27	0.595
27	0.627
27	0.541
28	0.496
28	0.521
28	0.495
28	0.518
28	0.156
28	0.760
28	0.775
28	0.614
28	0.603
28	0.562
28	0.628
28	0.756
28	0.497
28	0.794
28	0.662
28	0.702
28	0.323
28	0.538
28	0.517
28	0.574
28	0.693
28	0.767
28	0.645
28	0.860
28	0.560
28	0.388
28	0.477
28	0.620
28	0.363
28	0.651
28	0.506
28	0.578
28	0.617
28	0.450
28	0.406
28	0.555
28	0.602
28	0.726
28	0.500
28	0.455
28	0.626
28	0.541
28	0.598
28	0.743
28	0.591
28	0.567
28	0.616
28	0.485
28	0.577
28	0.533
28	0.595
28	0.571
28	0.467
28	0.630
28	0.554
28	0.484
28	0.631
28	0.562
28	0.635
28	0.521
28	0.654
28	0.558
28	0.717
28	0.509
28	0.328
28	0.787
28	0.680
28	0.461
28	0.635
28	0.624
28	0.572
28	0.482
28	0.625
28	0.501
28	0.617
28	0.703
28	0.680
28	0.325
28	0.549
28	0.553
28	0.581
28	0.652
28	0.543
28	0.717
28	0.469
28	0.581
28	0.506
28	0.696
28	0.734
28	0.610
28	0.484
28	0.686
28	0.581
28	0.343
28	0.674
28	0.632
28	0.677
28	0.633
28	0.550
28	0.693
29	0.615
29	0.746
29	0.667
29	0.602
29	0.672
29	0.583
29	0.682
29	0.696
29	0.358
29	0.488
29	0.773
29	0.744
29	0.592
29	0.630
29	0.603
29	0.615
29	0.617
29	0.600
29	0.547
29	0.537
29	0.544
29	0.610
29	0.709
29	0.612
29	0.769
29	0.611
29	0.669
29	0.502
29	0.485
29	0.646
29	0.435
29	0.588
29	0.879
29	0.411
29	0.607
29	0.726
29	0.658
29	0.608
29	0.615
29	0.646
29	0.574
29	0.471
29	0.415
29	0.626
29	0.703
29	0.444
29	0.632
29	0.570
29	0.645
29	0.718
29	0.599
29	0.603
29	0.567
29	0.621
29	0.824
29	0.829
29	0.389
29	0.647
29	0.613
29	0.435
29	0.704
29	0.591
29	0.543
29	0.373
29	0.375
29	0.771
29	0.506
29	0.788
29	0.436
29	0.768
29	0.726
29	0.395
29	0.556
29	0.630
29	0.492
29	0.494
29	0.644
29	0.583
29	0.481
29	0.725
29	0.540
29	0.426
29	0.694
29	0.701
29	0.714
29	0.524
29	0.737
29	0.423
29	0.680
29	0.642
29	0.742
29	0.562
29	0.522
29	0.472
29	0.544
29	0.604
29	0.582
29	0.560
29	0.532
29	0.530
30	0.536
30	0.658
30	0.626
30	0.657
30	0.571
30	0.730
30	0.644
30	0.489
30	0.631
30	0.565
30	0.580
30	0.422
30	0.569
30	0.642
30	0.628
30	0.692
30	0.541
30	0.767
30	0.516
30	0.632
30	0.432
30	0.603
30	0.703
30	0.578
30	0.580
30	0.719
30	0.790
30	0.477
30	0.670
30	0.787
30	0.636
30	0.707
30	0.650
30	0.696
30	0.564
30	0.543
30	0.640
30	0.433
30	0.493
30	0.554
30	0.731
30	0.716
30	0.609
30	0.573
30	0.363
30	0.605
30	0.552
30	0.626
30	0.599
30	0.568
30	0.522
30	0.389
30	0.637
30	0.790
30	0.563
30	0.669
30	0.595
30	0.569
30	0.709
30	0.595
30	0.409
30	0.583
30	0.571
30	0.770
30	0.587
30	0.549
30	0.719
30	0.624
30	0.661
30	0.547
30	0.544
30	0.618
30	0.715
30	0.795
30	0.640
30	0.565
30	0.645
30	0.441
30	0.766
30	0.416
30	0.549
30	0.771
30	0.698
30	0.767
30	0.714
30	0.867
30	0.725
30	0.846
30	0.641
30	0.424
30	0.705
30	0.608
30	0.639
30	0.347
30	0.703
30	0.606
30	0.520
30	0.547
30	0.620
30	0.340
