1	0.415
1	0.542
1	0.526
1	0.392
1	0.557
1	0.555
1	0.545
1	1.000
1	0.502
1	0.556
1	0.033
1	0.566
1	0.604
1	0.910
1	0.490
1	0.597
1	0.542
1	0.569
1	0.674
1	0.457
1	0.349
1	0.423
1	0.353
1	0.537
1	0.565
1	0.523
1	0.536
1	0.465
1	0.561
1	0.524
1	0.371
1	0.539
1	1.000
1	0.508
1	0.457
1	0.599
1	0.560
1	0.487
1	0.561
1	0.484
1	0.554
1	0.297
1	0.490
1	0.497
1	0.941
1	0.590
1	0.834
1	0.882
1	0.554
1	0.513
1	0.552
1	0.540
1	0.502
1	0.486
1	0.454
1	1.000
1	0.521
1	0.343
1	0.445
1	0.000
1	0.080
1	0.563
1	0.370
1	0.551
1	0.533
1	0.324
1	0.757
1	0.554
1	1.000
1	0.549
1	0.518
1	0.246
1	0.521
1	0.494
1	0.528
1	1.000
1	0.531
1	0.562
1	0.390
1	0.205
1	0.444
1	0.000
1	0.535
1	0.599
1	0.540
1	1.000
1	0.403
1	0.000
1	0.533
1	0.625
1	0.369
1	0.595
1	0.619
1	1.000
1	0.512
1	0.721
1	0.596
1	0.549
1	0.609
1	0.538
2	0.451
2	0.549
2	0.621
2	0.532
2	0.549
2	0.737
2	0.379
2	0.658
2	0.519
2	0.248
2	0.546
2	0.540
2	0.559
2	0.411
2	0.530
2	0.543
2	0.762
2	0.309
2	0.735
2	0.521
2	0.391
2	0.837
2	0.519
2	0.595
2	0.534
2	0.534
2	0.553
2	0.578
2	0.806
2	0.218
2	0.547
2	0.530
2	0.536
2	0.486
2	0.298
2	0.545
2	0.551
2	0.955
2	0.521
2	0.722
2	0.461
2	0.476
2	0.492
2	0.526
2	0.540
2	0.482
2	0.547
2	0.527
2	0.457
2	0.534
2	0.558
2	0.610
2	0.601
2	0.753
2	0.230
2	0.518
2	0.499
2	0.605
2	0.516
2	0.540
2	0.928
2	0.513
2	0.511
2	0.841
2	0.510
2	0.687
2	0.472
2	0.531
2	0.731
2	0.514
2	0.562
2	0.503
2	0.555
2	0.488
2	0.350
2	0.562
2	0.421
2	0.510
2	0.810
2	0.597
2	0.701
2	0.561
2	0.527
2	0.520
2	0.736
2	0.537
2	0.824
2	0.594
2	0.563
2	0.471
2	0.450
2	0.423
2	0.545
2	0.611
2	0.803
2	0.538
2	0.552
2	0.760
2	0.488
2	0.537
3	0.542
3	0.560
3	0.896
3	0.557
3	0.652
3	0.523
3	0.914
3	0.516
3	0.703
3	0.566
3	0.547
3	0.542
3	0.591
3	0.552
3	0.700
3	0.632
3	0.421
3	0.372
3	0.546
3	0.571
3	0.569
3	0.649
3	0.751
3	0.340
3	0.724
3	0.594
3	0.782
3	0.525
3	0.726
3	0.592
3	0.483
3	0.487
3	0.580
3	0.538
3	0.464
3	0.611
3	0.568
3	0.268
3	0.623
3	0.679
3	0.624
3	0.807
3	0.507
3	0.525
3	0.556
3	0.632
3	0.523
3	0.659
3	0.585
3	0.505
3	0.759
3	0.605
3	0.521
3	0.562
3	0.544
3	0.566
3	0.457
3	0.559
3	0.767
3	0.637
3	0.428
3	0.585
3	0.609
3	0.578
3	0.493
3	0.531
3	0.537
3	0.453
3	0.518
3	0.518
3	0.519
3	0.536
3	0.613
3	0.510
3	0.480
3	0.499
3	0.531
3	0.715
3	0.714
3	0.667
3	0.683
3	0.587
3	0.705
3	0.545
3	0.550
3	0.542
3	0.572
3	0.541
3	0.461
3	0.437
3	0.551
3	0.520
3	0.511
3	0.706
3	0.569
3	0.628
3	0.522
3	0.623
3	0.531
3	0.709
4	0.623
4	0.718
4	0.499
4	0.744
4	0.503
4	0.640
4	0.671
4	0.531
4	0.604
4	0.464
4	0.545
4	0.609
4	0.500
4	0.717
4	0.513
4	0.554
4	0.548
4	0.510
4	0.523
4	0.540
4	0.763
4	0.444
4	0.509
4	0.815
4	0.537
4	0.578
4	0.567
4	0.443
4	0.498
4	0.467
4	0.614
4	0.596
4	0.528
4	0.531
4	0.510
4	0.526
4	0.686
4	0.827
4	0.566
4	0.539
4	0.545
4	0.598
4	0.565
4	0.524
4	0.514
4	0.514
4	0.698
4	0.585
4	0.500
4	0.609
4	0.488
4	0.605
4	0.531
4	0.490
4	0.648
4	0.558
4	0.553
4	0.606
4	0.663
4	0.623
4	0.531
4	0.582
4	0.661
4	0.583
4	0.516
4	0.554
4	0.651
4	0.495
4	0.761
4	0.505
4	0.686
4	0.585
4	0.538
4	0.585
4	0.853
4	0.661
4	0.569
4	0.584
4	0.717
4	0.399
4	0.492
4	0.535
4	0.660
4	0.655
4	0.566
4	0.736
4	0.539
4	0.514
4	0.636
4	0.611
4	0.525
4	0.652
4	0.652
4	0.500
4	0.454
4	0.564
4	0.559
4	0.344
4	0.497
4	0.574
5	0.610
5	0.830
5	0.649
5	0.611
5	0.774
5	0.566
5	0.662
5	0.571
5	0.530
5	0.787
5	0.586
5	0.639
5	0.527
5	0.557
5	0.556
5	0.630
5	0.605
5	0.655
5	0.681
5	0.671
5	0.535
5	0.559
5	0.793
5	0.667
5	0.595
5	0.520
5	0.678
5	0.528
5	0.636
5	0.510
5	0.443
5	0.526
5	0.549
5	0.563
5	0.637
5	0.544
5	0.541
5	0.760
5	0.470
5	0.601
5	0.672
5	0.681
5	0.606
5	0.556
5	0.536
5	0.546
5	0.700
5	0.625
5	0.575
5	0.593
5	0.533
5	0.519
5	0.643
5	0.528
5	0.564
5	0.566
5	0.585
5	0.556
5	0.545
5	0.487
5	0.543
5	0.522
5	0.631
5	0.452
5	0.619
5	0.579
5	0.517
5	0.554
5	0.631
5	0.591
5	0.646
5	0.580
5	0.706
5	0.641
5	0.657
5	0.613
5	0.515
5	0.588
5	0.647
5	0.627
5	0.542
5	0.597
5	0.595
5	0.516
5	0.624
5	0.514
5	0.535
5	0.570
5	0.293
5	0.700
5	0.427
5	0.737
5	0.655
5	0.621
5	0.530
5	0.678
5	0.552
5	0.742
5	0.519
5	0.597
6	0.599
6	0.744
6	0.597
6	0.555
6	0.669
6	0.848
6	0.468
6	0.554
6	0.555
6	0.823
6	0.608
6	0.426
6	0.682
6	0.643
6	0.664
6	0.553
6	0.558
6	0.560
6	0.693
6	0.638
6	0.608
6	0.619
6	0.619
6	0.701
6	0.638
6	0.569
6	0.823
6	0.550
6	0.562
6	0.634
6	0.562
6	0.555
6	0.625
6	0.586
6	0.589
6	0.684
6	0.640
6	0.710
6	0.526
6	0.737
6	0.562
6	0.540
6	0.407
6	0.622
6	0.595
6	0.746
6	0.457
6	0.686
6	0.593
6	0.820
6	0.547
6	0.615
6	0.655
6	0.409
6	0.628
6	0.623
6	0.594
6	0.521
6	0.545
6	0.544
6	0.582
6	0.542
6	0.640
6	0.701
6	0.645
6	0.692
6	0.607
6	0.660
6	0.609
6	0.713
6	0.527
6	0.566
6	0.664
6	0.591
6	0.543
6	0.758
6	0.871
6	0.664
6	0.584
6	0.552
6	0.732
6	0.688
6	0.524
6	0.623
6	0.729
6	0.620
6	0.694
6	0.634
6	0.746
6	0.533
6	0.673
6	0.722
6	0.623
6	0.650
6	0.565
6	0.602
6	0.578
6	0.614
6	0.592
6	0.802
7	0.647
7	0.527
7	0.694
7	0.684
7	0.494
7	0.578
7	0.597
7	0.677
7	0.581
7	0.514
7	0.611
7	0.578
7	0.635
7	0.703
7	0.556
7	0.672
7	0.625
7	0.744
7	0.688
7	0.628
7	0.521
7	0.604
7	0.606
7	0.490
7	0.556
7	0.555
7	0.654
7	0.498
7	0.874
7	0.586
7	0.768
7	0.622
7	0.536
7	0.541
7	0.689
7	0.497
7	0.649
7	0.555
7	0.634
7	0.575
7	0.676
7	0.535
7	0.457
7	0.578
7	0.699
7	0.629
7	0.643
7	0.638
7	0.483
7	0.695
7	0.704
7	0.679
7	0.669
7	0.570
7	0.717
7	0.577
7	0.658
7	0.582
7	0.645
7	0.609
7	0.635
7	0.674
7	0.592
7	0.684
7	0.663
7	0.490
7	0.592
7	0.663
7	0.646
7	0.563
7	0.729
7	0.595
7	0.550
7	0.479
7	0.604
7	0.625
7	0.602
7	0.629
7	0.513
7	0.620
7	0.595
7	0.604
7	0.406
7	0.813
7	0.743
7	0.621
7	0.623
7	0.832
7	0.614
7	0.537
7	0.557
7	0.780
7	0.599
7	0.674
7	0.542
7	0.849
7	0.647
7	0.661
7	0.697
7	0.607
8	0.732
8	0.529
8	0.649
8	0.781
8	0.654
8	0.632
8	0.634
8	0.651
8	0.682
8	0.716
8	0.776
8	0.696
8	0.616
8	0.693
8	0.724
8	0.573
8	0.583
8	0.655
8	0.630
8	0.615
8	0.534
8	0.499
8	0.653
8	0.576
8	0.671
8	0.569
8	0.676
8	0.489
8	0.736
8	0.635
8	0.549
8	0.672
8	0.569
8	0.571
8	0.661
8	0.681
8	0.543
8	0.661
8	0.668
8	0.646
8	0.797
8	0.620
8	0.609
8	0.596
8	0.754
8	0.565
8	0.624
8	0.662
8	0.546
8	0.667
8	0.794
8	0.677
8	0.654
8	0.630
8	0.614
8	0.557
8	0.529
8	0.657
8	0.693
8	0.691
8	0.745
8	0.671
8	0.648
8	0.653
8	0.675
8	0.686
8	0.599
8	0.773
8	0.711
8	0.561
8	0.553
8	0.607
8	0.670
8	0.661
8	0.550
8	0.674
8	0.745
8	0.669
8	0.626
8	0.632
8	0.601
8	0.671
8	0.569
8	0.578
8	0.644
8	0.691
8	0.654
8	0.611
8	0.623
8	0.472
8	0.685
8	0.630
8	0.732
8	0.760
8	0.739
8	0.683
8	0.595
8	0.765
8	0.518
8	0.639
9	0.585
9	0.566
9	0.600
9	0.580
9	0.739
9	0.753
9	0.718
9	0.511
9	0.691
9	0.716
9	0.678
9	0.826
9	0.675
9	0.583
9	0.616
9	0.782
9	0.667
9	0.619
9	0.597
9	0.706
9	0.559
9	0.589
9	0.565
9	0.636
9	0.580
9	0.673
9	0.549
9	0.637
9	0.637
9	0.550
9	0.607
9	0.546
9	0.730
9	0.628
9	0.608
9	0.640
9	0.630
9	0.575
9	0.626
9	0.747
9	0.593
9	0.654
9	0.777
9	0.709
9	0.606
9	0.756
9	0.620
9	0.703
9	0.632
9	0.714
9	0.768
9	0.583
9	0.620
9	0.612
9	0.731
9	0.644
9	0.724
9	0.771
9	0.672
9	0.540
9	0.676
9	0.651
9	0.722
9	0.577
9	0.591
9	0.734
9	0.743
9	0.660
9	0.773
9	0.751
9	0.528
9	0.700
9	0.632
9	0.841
9	0.692
9	0.738
9	0.648
9	0.824
9	0.629
9	0.726
9	0.617
9	0.631
9	0.604
9	0.733
9	0.530
9	0.602
9	0.682
9	0.713
9	0.623
9	0.649
9	0.620
9	0.517
9	0.544
9	0.700
9	0.509
9	0.572
9	0.588
9	0.648
9	0.630
9	0.626
10	0.666
10	0.617
10	0.620
10	0.709
10	0.709
10	0.692
10	0.668
10	0.726
10	0.599
10	0.709
10	0.702
10	0.764
10	0.644
10	0.694
10	0.688
10	0.744
10	0.692
10	0.693
10	0.714
10	0.622
10	0.673
10	0.776
10	0.612
10	0.662
10	0.633
10	0.755
10	0.778
10	0.668
10	0.641
10	0.559
10	0.695
10	0.796
10	0.713
10	0.669
10	0.610
10	0.731
10	0.588
10	0.736
10	0.508
10	0.543
10	0.758
10	0.775
10	0.757
10	0.639
10	0.608
10	0.700
10	0.673
10	0.709
10	0.602
10	0.590
10	0.630
10	0.606
10	0.740
10	0.608
10	0.667
10	0.562
10	0.834
10	0.735
10	0.711
10	0.652
10	0.609
10	0.774
10	0.643
10	0.566
10	0.817
10	0.773
10	0.616
10	0.658
10	0.695
10	0.557
10	0.615
10	0.610
10	0.589
10	0.624
10	0.781
10	0.810
10	0.771
10	0.591
10	0.571
10	0.578
10	0.683
10	0.688
10	0.671
10	0.678
10	0.569
10	0.712
10	0.607
10	0.640
10	0.733
10	0.605
10	0.688
10	0.617
10	0.735
10	0.650
10	0.779
10	0.561
10	0.637
10	0.696
10	0.690
10	0.774
11	0.684
11	0.557
11	0.807
11	0.659
11	0.751
11	0.663
11	0.611
11	0.667
11	0.640
11	0.621
11	0.564
11	0.687
11	0.653
11	0.591
11	0.808
11	0.751
11	0.636
11	0.752
11	0.699
11	0.711
11	0.828
11	0.728
11	0.605
11	0.795
11	0.610
11	0.756
11	0.775
11	0.681
11	0.631
11	0.817
11	0.778
11	0.544
11	0.623
11	0.736
11	0.643
11	0.771
11	0.803
11	0.801
11	0.676
11	0.721
11	0.578
11	0.764
11	0.776
11	0.542
11	0.553
11	0.678
11	0.678
11	0.574
11	0.570
11	0.798
11	0.662
11	0.637
11	0.752
11	0.574
11	0.795
11	0.636
11	0.657
11	0.830
11	0.752
11	0.699
11	0.546
11	0.564
11	0.613
11	0.702
11	0.804
11	0.693
11	0.687
11	0.671
11	0.774
11	0.783
11	0.661
11	0.716
11	0.652
11	0.652
11	0.586
11	0.539
11	0.721
11	0.540
11	0.703
11	0.685
11	0.705
11	0.778
11	0.695
11	0.637
11	0.844
11	0.628
11	0.754
11	0.614
11	0.742
11	0.679
11	0.585
11	0.764
11	0.815
11	0.665
11	0.631
11	0.799
11	0.714
11	0.778
11	0.762
11	0.605
12	0.667
12	0.708
12	0.620
12	0.746
12	0.730
12	0.768
12	0.636
12	0.752
12	0.692
12	0.729
12	0.748
12	0.832
12	0.596
12	0.686
12	0.655
12	0.881
12	0.699
12	0.773
12	0.838
12	0.825
12	0.650
12	0.648
12	0.648
12	0.665
12	0.681
12	0.633
12	0.856
12	0.704
12	0.663
12	0.703
12	0.829
12	0.740
12	0.798
12	0.616
12	0.626
12	0.808
12	0.767
12	0.636
12	0.676
12	0.743
12	0.603
12	0.775
12	0.770
12	0.681
12	0.723
12	0.644
12	0.618
12	0.566
12	0.672
12	0.761
12	0.652
12	0.631
12	0.846
12	0.853
12	0.685
12	0.627
12	0.713
12	0.727
12	0.776
12	0.764
12	0.683
12	0.858
12	0.721
12	0.704
12	0.752
12	0.773
12	0.707
12	0.558
12	0.666
12	0.618
12	0.631
12	0.659
12	0.680
12	0.583
12	0.676
12	0.741
12	0.755
12	0.678
12	0.762
12	0.689
12	0.675
12	0.809
12	0.663
12	0.720
12	0.783
12	0.694
12	0.718
12	0.658
12	0.677
12	0.666
12	0.706
12	0.683
12	0.605
12	0.741
12	0.636
12	0.759
12	0.790
12	0.690
12	0.779
12	0.751
13	0.752
13	0.740
13	0.716
13	0.878
13	0.659
13	0.776
13	0.768
13	0.724
13	0.697
13	0.688
13	0.733
13	0.687
13	0.596
13	0.793
13	0.728
13	0.623
13	0.693
13	0.746
13	0.842
13	0.821
13	0.721
13	0.618
13	0.786
13	0.760
13	0.642
13	0.844
13	0.759
13	0.768
13	0.592
13	0.651
13	0.644
13	0.641
13	0.664
13	0.637
13	0.604
13	0.738
13	0.728
13	0.833
13	0.711
13	0.795
13	0.690
13	0.689
13	0.630
13	0.792
13	0.654
13	0.705
13	0.653
13	0.725
13	0.727
13	0.605
13	0.598
13	0.716
13	0.773
13	0.687
13	0.619
13	0.731
13	0.781
13	0.708
13	0.893
13	0.814
13	0.694
13	0.712
13	0.803
13	0.686
13	0.786
13	0.645
13	0.696
13	0.700
13	0.830
13	0.796
13	0.747
13	0.737
13	0.704
13	0.744
13	0.667
13	0.768
13	0.830
13	0.682
13	0.739
13	0.640
13	0.701
13	0.687
13	0.697
13	0.629
13	0.643
13	0.631
13	0.881
13	0.705
13	0.704
13	0.634
13	0.793
13	0.743
13	0.724
13	0.512
13	0.801
13	0.737
13	0.753
13	0.709
13	0.730
13	0.825
14	0.753
14	0.706
14	0.817
14	0.725
14	0.642
14	0.820
14	0.843
14	0.749
14	0.687
14	0.825
14	0.805
14	0.776
14	0.680
14	0.721
14	0.768
14	0.600
14	0.796
14	0.723
14	0.688
14	0.592
14	0.637
14	0.661
14	0.638
14	0.770
14	0.611
14	0.691
14	0.695
14	0.768
14	0.699
14	0.614
14	0.699
14	0.650
14	0.765
14	0.771
14	0.768
14	0.743
14	0.674
14	0.623
14	0.617
14	0.790
14	0.789
14	0.692
14	0.837
14	0.763
14	0.768
14	0.663
14	0.647
14	0.615
14	0.817
14	0.751
14	0.727
14	0.686
14	0.643
14	0.747
14	0.827
14	0.753
14	0.631
14	0.717
14	0.751
14	0.596
14	0.745
14	0.824
14	0.730
14	0.831
14	0.730
14	0.784
14	0.703
14	0.758
14	0.665
14	0.756
14	0.678
14	0.777
14	0.777
14	0.606
14	0.774
14	0.886
14	0.726
14	0.735
14	0.816
14	0.731
14	0.672
14	0.658
14	0.668
14	0.796
14	0.868
14	0.599
14	0.702
14	0.837
14	0.713
14	0.762
14	0.666
14	0.685
14	0.667
14	0.604
14	0.744
14	0.713
14	0.662
14	0.725
14	0.750
14	0.708
15	0.789
15	0.854
15	0.937
15	0.733
15	0.726
15	0.676
15	0.663
15	0.744
15	0.773
15	0.785
15	0.672
15	0.749
15	0.753
15	0.629
15	0.731
15	0.610
15	0.786
15	0.705
15	0.807
15	0.542
15	0.769
15	0.742
15	0.737
15	0.666
15	0.653
15	0.700
15	0.783
15	0.685
15	0.737
15	0.799
15	0.675
15	0.739
15	0.713
15	0.651
15	0.759
15	0.691
15	0.841
15	0.754
15	0.703
15	0.714
15	0.666
15	0.760
15	0.810
15	0.648
15	0.779
15	0.813
15	0.690
15	0.648
15	0.600
15	0.817
15	0.785
15	0.649
15	0.629
15	0.723
15	0.773
15	0.794
15	0.728
15	0.920
15	0.657
15	0.765
15	0.755
15	0.709
15	0.795
15	0.844
15	0.685
15	0.719
15	0.820
15	0.824
15	0.618
15	0.831
15	0.748
15	0.683
15	0.636
15	0.737
15	0.697
15	0.757
15	0.734
15	0.743
15	0.706
15	0.729
15	0.671
15	0.820
15	0.741
15	0.743
15	0.735
15	0.734
15	0.824
15	0.796
15	0.797
15	0.738
15	0.762
15	0.796
15	0.704
15	0.648
15	0.754
15	0.749
15	0.599
15	0.614
15	0.717
15	0.678
16	0.756
16	0.740
16	0.801
16	0.844
16	0.664
16	0.722
16	0.875
16	0.704
16	0.801
16	0.633
16	0.827
16	0.776
16	0.725
16	0.772
16	0.749
16	0.930
16	0.674
16	0.783
16	0.784
16	0.792
16	0.651
16	0.803
16	0.783
16	0.742
16	0.636
16	0.815
16	0.731
16	0.643
16	0.796
16	0.683
16	0.807
16	0.787
16	0.679
16	0.799
16	0.649
16	0.817
16	0.696
16	0.842
16	0.762
16	0.719
16	0.784
16	0.789
16	0.613
16	0.736
16	0.786
16	0.743
16	0.760
16	0.779
16	0.777
16	0.718
16	0.687
16	0.773
16	0.810
16	0.776
16	0.738
16	0.725
16	0.631
16	0.677
16	0.682
16	0.689
16	0.899
16	0.710
16	0.668
16	0.803
16	0.746
16	0.751
16	0.767
16	0.681
16	0.887
16	0.669
16	0.738
16	0.813
16	0.694
16	0.745
16	0.861
16	0.799
16	0.710
16	0.805
16	0.677
16	0.819
16	0.798
16	0.735
16	0.713
16	0.697
16	0.706
16	0.717
16	0.781
16	0.734
16	0.735
16	0.828
16	0.699
16	0.619
16	0.608
16	0.738
16	0.644
16	0.784
16	0.774
16	0.656
16	0.768
16	0.805
17	0.658
17	0.867
17	0.687
17	0.645
17	0.825
17	0.720
17	0.808
17	0.874
17	0.742
17	0.810
17	0.879
17	0.713
17	0.786
17	0.736
17	0.835
17	0.742
17	0.687
17	0.641
17	0.651
17	0.761
17	0.755
17	0.480
17	0.748
17	0.679
17	0.699
17	0.859
17	0.744
17	0.783
17	0.696
17	0.723
17	0.743
17	0.722
17	0.733
17	0.712
17	0.747
17	0.801
17	0.686
17	0.739
17	0.733
17	0.794
17	0.770
17	0.718
17	0.621
17	0.773
17	0.732
17	0.790
17	0.814
17	0.718
17	0.776
17	0.741
17	0.801
17	0.747
17	0.729
17	0.716
17	0.719
17	0.723
17	0.797
17	0.678
17	0.731
17	0.844
17	0.766
17	0.805
17	0.763
17	0.686
17	0.830
17	0.784
17	0.657
17	0.796
17	0.769
17	0.615
17	0.729
17	0.731
17	0.604
17	0.837
17	0.741
17	0.797
17	0.863
17	0.653
17	0.866
17	0.778
17	0.756
17	0.778
17	0.685
17	0.681
17	0.705
17	0.662
17	0.829
17	0.804
17	0.706
17	0.683
17	0.700
17	0.684
17	0.742
17	0.795
17	0.819
17	0.662
17	0.770
17	0.814
17	0.737
17	0.760
18	0.867
18	0.701
18	0.670
18	0.806
18	0.764
18	0.766
18	0.839
18	0.740
18	0.776
18	0.740
18	0.692
18	0.849
18	0.686
18	0.860
18	0.751
18	0.765
18	0.706
18	0.734
18	0.817
18	0.740
18	0.799
18	0.768
18	0.770
18	0.803
18	0.765
18	0.820
18	0.726
18	0.818
18	0.842
18	0.813
18	0.749
18	0.686
18	0.780
18	0.819
18	0.785
18	0.842
18	0.853
18	0.688
18	0.758
18	0.765
18	0.689
18	0.669
18	0.747
18	0.708
18	0.702
18	0.735
18	0.717
18	0.758
18	0.830
18	0.754
18	0.724
18	0.814
18	0.788
18	0.801
18	0.844
18	0.798
18	0.659
18	0.804
18	0.816
18	0.878
18	0.821
18	0.763
18	0.754
18	0.720
18	0.821
18	0.672
18	0.809
18	0.782
18	0.726
18	0.763
18	0.654
18	0.664
18	0.838
18	0.835
18	0.716
18	0.787
18	0.841
18	0.768
18	0.728
18	0.730
18	0.744
18	0.748
18	0.857
18	0.774
18	0.774
18	0.831
18	0.711
18	0.765
18	0.774
18	0.838
18	0.756
18	0.760
18	0.849
18	0.754
18	0.735
18	0.715
18	0.745
18	0.867
18	0.790
18	0.817
19	0.816
19	0.806
19	0.793
19	0.880
19	0.825
19	0.761
19	0.746
19	0.707
19	0.740
19	0.756
19	0.838
19	0.747
19	0.628
19	0.835
19	0.776
19	0.790
19	0.836
19	0.799
19	0.710
19	0.817
19	0.800
19	0.828
19	0.831
19	0.814
19	0.838
19	0.813
19	0.735
19	0.773
19	0.757
19	0.807
19	0.705
19	0.695
19	0.797
19	0.752
19	0.806
19	0.845
19	0.802
19	0.834
19	0.957
19	0.799
19	0.865
19	0.809
19	0.728
19	0.758
19	0.806
19	0.680
19	0.913
19	0.857
19	0.716
19	0.774
19	0.666
19	0.778
19	0.813
19	0.806
19	0.749
19	0.811
19	0.784
19	0.816
19	0.769
19	0.741
19	0.744
19	0.851
19	0.741
19	0.800
19	0.695
19	0.775
19	0.737
19	0.807
19	0.820
19	0.777
19	0.672
19	0.834
19	0.791
19	0.814
19	0.695
19	0.865
19	0.860
19	0.638
19	0.774
19	0.834
19	0.889
19	0.737
19	0.709
19	0.787
19	0.828
19	0.807
19	0.816
19	0.799
19	0.792
19	0.785
19	0.699
19	0.644
19	0.844
19	0.870
19	0.789
19	0.777
19	0.809
19	0.858
19	0.801
19	0.758
20	0.772
20	0.779
20	0.750
20	0.814
20	0.790
20	0.832
20	0.695
20	0.782
20	0.806
20	0.823
20	0.840
20	0.785
20	0.746
20	0.850
20	0.810
20	0.725
20	0.822
20	0.713
20	0.755
20	0.656
20	0.948
20	0.767
20	0.822
20	0.770
20	0.851
20	0.861
20	0.811
20	0.859
20	0.792
20	0.856
20	0.816
20	0.783
20	0.803
20	0.930
20	0.917
20	0.867
20	0.784
20	0.853
20	0.784
20	0.805
20	0.759
20	0.897
20	0.878
20	0.798
20	0.780
20	0.794
20	0.824
20	0.787
20	0.794
20	0.708
20	0.851
20	0.835
20	0.816
20	0.640
20	0.839
20	0.829
20	0.766
20	0.750
20	0.871
20	0.775
20	0.782
20	0.728
20	0.802
20	0.710
20	0.795
20	0.761
20	0.824
20	0.730
20	0.774
20	0.761
20	0.792
20	0.800
20	0.823
20	0.773
20	0.820
20	0.779
20	0.808
20	0.749
20	0.722
20	0.750
20	0.769
20	0.852
20	0.714
20	0.827
20	0.802
20	0.874
20	0.775
20	0.739
20	0.827
20	0.846
20	0.710
20	0.827
20	0.826
20	0.727
20	0.831
20	0.638
20	0.881
20	0.777
20	0.754
20	0.653
21	0.751
21	0.846
21	0.874
21	0.816
21	0.886
21	0.705
21	0.761
21	0.812
21	0.889
21	0.765
21	0.817
21	0.841
21	0.785
21	0.777
21	0.791
21	0.752
21	0.816
21	0.868
21	0.780
21	0.886
21	0.786
21	0.876
21	0.800
21	0.772
21	0.806
21	0.743
21	0.756
21	0.916
21	0.720
21	0.713
21	0.846
21	0.693
21	0.794
21	0.860
21	0.839
21	0.794
21	0.810
21	0.758
21	0.777
21	0.831
21	0.787
21	0.720
21	0.759
21	0.854
21	0.854
21	0.818
21	0.803
21	0.757
21	0.824
21	0.718
21	0.832
21	0.761
21	0.817
21	0.741
21	0.868
21	0.801
21	0.767
21	0.786
21	0.872
21	0.744
21	0.750
21	0.730
21	0.752
21	0.874
21	0.828
21	0.797
21	0.776
21	0.809
21	0.747
21	0.789
21	0.758
21	0.738
21	0.866
21	0.851
21	0.777
21	0.687
21	0.826
21	0.873
21	0.932
21	0.822
21	0.702
21	0.664
21	0.654
21	0.669
21	0.872
21	0.828
21	0.767
21	0.741
21	0.791
21	0.774
21	0.808
21	0.732
21	0.823
21	0.835
21	0.816
21	0.726
21	0.791
21	0.931
21	0.766
21	0.687
22	0.822
22	0.819
22	0.772
22	0.830
22	0.778
22	0.775
22	0.870
22	0.856
22	0.774
22	0.825
22	0.831
22	0.745
22	0.736
22	0.798
22	0.851
22	0.729
22	0.757
22	0.802
22	0.745
22	0.740
22	0.833
22	0.796
22	0.789
22	0.743
22	0.716
22	0.780
22	0.736
22	0.820
22	0.795
22	0.804
22	0.900
22	0.843
22	0.824
22	0.840
22	0.869
22	0.817
22	0.887
22	0.786
22	0.762
22	0.766
22	0.807
22	0.757
22	0.815
22	0.857
22	0.741
22	0.910
22	0.776
22	0.778
22	0.786
22	0.927
22	0.799
22	0.806
22	0.792
22	0.813
22	0.759
22	0.802
22	0.899
22	0.812
22	0.838
22	0.862
22	0.797
22	0.825
22	0.790
22	0.755
22	0.889
22	0.785
22	0.704
22	0.788
22	0.863
22	0.778
22	0.781
22	0.843
22	0.798
22	0.796
22	0.883
22	0.855
22	0.818
22	0.735
22	0.811
22	0.856
22	0.841
22	0.804
22	0.676
22	0.743
22	0.727
22	0.786
22	0.814
22	0.861
22	0.696
22	0.818
22	0.816
22	0.802
22	0.741
22	0.723
22	0.784
22	0.703
22	0.897
22	0.674
22	0.796
22	0.749
23	0.779
23	0.823
23	0.808
23	0.785
23	0.797
23	0.780
23	0.871
23	0.793
23	0.798
23	0.737
23	0.863
23	0.854
23	0.897
23	0.841
23	0.809
23	0.789
23	0.800
23	0.872
23	0.837
23	0.738
23	0.699
23	0.820
23	0.820
23	0.747
23	0.736
23	0.789
23	0.818
23	0.803
23	0.823
23	0.816
23	0.885
23	0.874
23	0.879
23	0.892
23	0.730
23	0.793
23	0.820
23	0.803
23	0.807
23	0.821
23	0.860
23	0.837
23	0.844
23	0.802
23	0.779
23	0.833
23	0.803
23	0.849
23	0.825
23	0.779
23	0.783
23	0.876
23	0.805
23	0.828
23	0.795
23	0.794
23	0.830
23	0.786
23	0.816
23	0.841
23	0.878
23	0.670
23	0.758
23	0.899
23	0.853
23	0.817
23	0.828
23	0.825
23	0.855
23	0.793
23	0.787
23	0.784
23	0.783
23	0.812
23	0.801
23	0.794
23	0.740
23	0.800
23	0.783
23	0.829
23	0.773
23	0.771
23	0.798
23	0.836
23	0.853
23	0.754
23	0.706
23	0.835
23	0.780
23	0.845
23	0.825
23	0.839
23	0.855
23	0.770
23	0.840
23	0.769
23	0.849
23	0.842
23	0.752
23	0.826
24	0.809
24	0.816
24	0.741
24	0.810
24	0.847
24	0.739
24	0.904
24	0.883
24	0.804
24	0.847
24	0.834
24	0.873
24	0.851
24	0.826
24	0.812
24	0.864
24	0.737
24	0.825
24	0.884
24	0.839
24	0.830
24	0.827
24	0.887
24	0.763
24	0.868
24	0.897
24	0.765
24	0.831
24	0.902
24	0.813
24	0.814
24	0.750
24	0.884
24	0.831
24	0.870
24	0.796
24	0.862
24	0.832
24	0.909
24	0.806
24	0.792
24	0.831
24	0.894
24	0.838
24	0.875
24	0.842
24	0.853
24	0.762
24	0.847
24	0.781
24	0.892
24	0.821
24	0.797
24	0.836
24	0.775
24	0.812
24	0.852
24	0.732
24	0.671
24	0.757
24	0.804
24	0.810
24	0.885
24	0.843
24	0.787
24	0.783
24	0.844
24	0.855
24	0.826
24	0.871
24	0.755
24	0.788
24	0.862
24	0.836
24	0.789
24	0.854
24	0.861
24	0.795
24	0.848
24	0.798
24	0.764
24	0.832
24	0.776
24	0.726
24	0.841
24	0.847
24	0.806
24	0.813
24	0.742
24	0.835
24	0.872
24	0.773
24	0.805
24	0.825
24	0.784
24	0.822
24	0.846
24	0.830
24	0.869
24	0.777
25	0.828
25	0.886
25	0.723
25	0.791
25	0.887
25	0.907
25	0.786
25	0.898
25	0.877
25	0.864
25	0.927
25	0.797
25	0.780
25	0.929
25	0.859
25	0.913
25	0.788
25	0.848
25	0.800
25	0.842
25	0.885
25	0.888
25	0.792
25	0.812
25	0.813
25	0.820
25	0.772
25	0.836
25	0.770
25	0.901
25	0.840
25	0.734
25	0.890
25	0.840
25	0.828
25	0.824
25	0.882
25	0.831
25	0.843
25	0.801
25	0.766
25	0.824
25	0.825
25	0.858
25	0.815
25	0.854
25	0.860
25	0.742
25	0.787
25	0.847
25	0.876
25	0.749
25	0.769
25	0.845
25	0.928
25	0.847
25	0.827
25	0.727
25	0.890
25	0.836
25	0.806
25	0.765
25	0.891
25	0.851
25	0.775
25	0.789
25	0.784
25	0.819
25	0.868
25	0.782
25	0.851
25	0.850
25	0.818
25	0.846
25	0.838
25	0.830
25	0.744
25	0.782
25	0.838
25	0.832
25	0.912
25	0.789
25	0.871
25	0.775
25	0.834
25	0.914
25	0.805
25	0.892
25	0.809
25	0.804
25	0.779
25	0.905
25	0.850
25	0.784
25	0.694
25	0.837
25	0.769
25	0.851
25	0.822
25	0.829
26	0.770
26	0.763
26	0.830
26	0.751
26	0.836
26	0.867
26	0.880
26	0.891
26	0.835
26	0.890
26	0.850
26	0.850
26	0.850
26	0.820
26	0.745
26	0.803
26	0.843
26	0.811
26	0.845
26	0.852
26	0.802
26	0.847
26	0.898
26	0.804
26	0.821
26	0.821
26	0.807
26	0.830
26	0.905
26	0.853
26	0.830
26	0.865
26	0.812
26	0.845
26	0.766
26	0.840
26	0.884
26	0.897
26	0.813
26	0.890
26	0.754
26	0.835
26	0.747
26	0.869
26	0.861
26	0.811
26	0.873
26	0.873
26	0.850
26	0.819
26	0.794
26	0.799
26	0.825
26	0.829
26	0.806
26	0.907
26	0.777
26	0.800
26	0.841
26	0.836
26	0.828
26	0.755
26	0.776
26	0.870
26	0.820
26	0.822
26	0.871
26	0.837
26	0.803
26	0.843
26	0.902
26	0.835
26	0.802
26	0.813
26	0.849
26	0.862
26	0.799
26	0.874
26	0.873
26	0.824
26	0.809
26	0.857
26	0.865
26	0.830
26	0.821
26	0.831
26	0.911
26	0.808
26	0.795
26	0.800
26	0.757
26	0.751
26	0.921
26	0.841
26	0.895
26	0.878
26	0.812
26	0.870
26	0.840
26	0.756
27	0.836
27	0.872
27	0.851
27	0.883
27	0.849
27	0.894
27	0.897
27	0.856
27	0.814
27	0.790
27	0.843
27	0.898
27	0.856
27	0.862
27	0.836
27	0.847
27	0.913
27	0.814
27	0.831
27	0.878
27	0.860
27	0.840
27	0.847
27	0.900
27	0.865
27	0.815
27	0.854
27	0.881
27	0.860
27	0.887
27	0.775
27	0.834
27	0.797
27	0.840
27	0.857
27	0.820
27	0.826
27	0.783
27	0.886
27	0.815
27	0.823
27	0.803
27	0.774
27	0.828
27	0.855
27	0.845
27	0.822
27	0.822
27	0.926
27	0.912
27	0.854
27	0.830
27	0.879
27	0.888
27	0.889
27	0.859
27	0.853
27	0.856
27	0.789
27	0.845
27	0.912
27	0.879
27	0.796
27	0.820
27	0.868
27	0.888
27	0.874
27	0.829
27	0.826
27	0.905
27	0.881
27	0.822
27	0.880
27	0.804
27	0.851
27	0.818
27	0.876
27	0.853
27	0.832
27	0.874
27	0.875
27	0.859
27	0.890
27	0.872
27	0.839
27	0.812
27	0.748
27	0.946
27	0.880
27	0.762
27	0.866
27	0.841
27	0.942
27	0.826
27	0.789
27	0.878
27	0.852
27	0.833
27	0.773
27	0.769
28	0.905
28	0.933
28	0.826
28	0.805
28	0.766
28	0.847
28	0.890
28	0.868
28	0.820
28	0.901
28	0.887
28	0.915
28	0.819
28	0.927
28	0.897
28	0.775
28	0.781
28	0.903
28	0.848
28	0.899
28	0.734
28	0.857
28	0.821
28	0.856
28	0.839
28	0.778
28	0.791
28	0.801
28	0.823
28	0.787
28	0.860
28	0.847
28	0.886
28	0.849
28	0.886
28	0.847
28	0.905
28	0.868
28	0.853
28	0.913
28	0.828
28	0.869
28	0.877
28	0.891
28	0.908
28	0.913
28	0.802
28	0.815
28	0.899
28	0.878
28	0.796
28	0.841
28	0.843
28	0.846
28	0.868
28	0.894
28	0.782
28	0.837
28	0.881
28	0.863
28	0.802
28	0.872
28	0.956
28	0.880
28	0.827
28	0.823
28	0.745
28	0.860
28	0.843
28	0.848
28	0.806
28	0.903
28	0.862
28	0.880
28	0.827
28	0.830
28	0.719
28	0.785
28	0.875
28	0.832
28	0.833
28	0.855
28	0.868
28	0.891
28	0.871
28	0.802
28	0.878
28	0.795
28	0.770
28	0.785
28	0.849
28	0.809
28	0.851
28	0.847
28	0.847
28	0.826
28	0.838
28	0.842
28	0.786
28	0.852
29	0.842
29	0.840
29	0.856
29	0.863
29	0.825
29	0.877
29	0.840
29	0.849
29	0.858
29	0.880
29	0.824
29	0.872
29	0.826
29	0.858
29	0.876
29	0.880
29	0.823
29	0.808
29	0.912
29	0.849
29	0.920
29	0.877
29	0.745
29	0.924
29	0.862
29	0.862
29	0.892
29	0.798
29	0.863
29	0.865
29	0.863
29	0.864
29	0.787
29	0.851
29	0.756
29	0.866
29	0.834
29	0.886
29	0.843
29	0.805
29	0.829
29	0.843
29	0.846
29	0.867
29	0.869
29	0.922
29	0.956
29	0.760
29	0.844
29	0.915
29	0.816
29	0.894
29	0.824
29	0.782
29	0.884
29	0.891
29	0.909
29	0.853
29	0.897
29	0.897
29	0.849
29	0.789
29	0.834
29	0.836
29	0.886
29	0.745
29	0.865
29	0.889
29	0.917
29	0.898
29	0.912
29	0.913
29	0.856
29	0.910
29	0.904
29	0.899
29	0.887
29	0.911
29	0.862
29	0.801
29	0.835
29	0.806
29	0.870
29	0.883
29	0.901
29	0.861
29	0.826
29	0.860
29	0.774
29	0.834
29	0.829
29	0.862
29	0.797
29	0.794
29	0.870
29	0.853
29	0.828
29	0.832
29	0.853
29	0.861
30	0.908
30	0.877
30	0.847
30	0.848
30	0.868
30	0.758
30	0.904
30	0.851
30	0.878
30	0.835
30	0.902
30	0.864
30	0.853
30	0.863
30	0.799
30	0.855
30	0.893
30	0.894
30	0.874
30	0.818
30	0.906
30	0.891
30	0.934
30	0.840
30	0.832
30	0.851
30	0.858
30	0.862
30	0.825
30	0.820
30	0.869
30	0.876
30	0.783
30	0.802
30	0.868
30	0.855
30	0.836
30	0.882
30	0.868
30	0.816
30	0.721
30	0.882
30	0.871
30	0.851
30	0.819
30	0.852
30	0.867
30	0.870
30	0.757
30	0.859
30	0.850
30	0.924
30	0.754
30	0.811
30	0.902
30	0.885
30	0.810
30	0.863
30	0.904
30	0.847
30	0.871
30	0.809
30	0.833
30	0.895
30	0.835
30	0.892
30	0.883
30	0.861
30	0.867
30	0.877
30	0.845
30	0.817
30	0.856
30	0.899
30	0.804
30	0.941
30	0.842
30	0.902
30	0.901
30	0.806
30	0.794
30	0.868
30	0.836
30	0.884
30	0.803
30	0.862
30	0.907
30	0.904
30	0.922
30	0.801
30	0.867
30	0.870
30	0.877
30	0.903
30	0.875
30	0.929
30	0.854
30	0.801
30	0.863
30	0.900
