1	0.038
1	0.000
1	0.000
1	0.000
1	0.000
1	0.000
1	0.000
1	0.000
1	0.000
1	0.000
1	0.000
1	1.000
1	0.000
1	0.000
1	0.000
1	0.000
1	0.025
1	0.000
1	0.000
1	0.000
1	0.022
1	0.086
1	0.000
1	0.000
1	0.000
1	0.000
1	0.000
1	0.000
1	0.000
1	0.000
1	0.000
1	0.000
1	0.000
1	0.000
1	0.038
1	0.000
1	0.000
1	0.000
1	0.000
1	0.000
1	0.000
1	0.000
1	0.000
1	0.053
1	0.000
1	0.000
1	0.000
1	0.000
1	0.000
1	0.000
1	1.000
1	0.000
1	1.000
1	0.000
1	0.000
1	0.000
1	0.000
1	0.026
1	0.000
1	0.007
1	0.000
1	0.000
1	0.000
1	0.000
1	0.000
1	1.000
1	0.123
1	0.000
1	0.000
1	0.000
1	0.000
1	0.030
1	0.000
1	0.000
1	0.000
1	0.000
1	0.000
1	0.000
1	0.000
1	0.000
1	0.000
1	0.000
1	0.000
1	0.042
1	0.000
1	0.000
1	0.000
1	0.000
1	0.000
1	0.000
1	1.000
1	0.000
1	0.000
1	0.139
1	0.000
1	0.000
1	0.000
1	1.000
1	0.000
1	0.000
2	0.287
2	0.000
2	0.000
2	0.002
2	0.000
2	0.000
2	0.000
2	1.000
2	0.002
2	0.000
2	0.000
2	0.685
2	0.018
2	0.000
2	0.004
2	0.417
2	0.689
2	0.000
2	0.007
2	0.006
2	0.000
2	0.003
2	0.093
2	0.091
2	0.070
2	0.010
2	0.000
2	0.000
2	0.000
2	0.002
2	0.000
2	0.000
2	0.002
2	0.082
2	0.108
2	0.000
2	0.000
2	0.002
2	0.155
2	0.000
2	0.000
2	0.000
2	0.000
2	0.000
2	0.000
2	0.000
2	0.018
2	0.000
2	0.000
2	0.000
2	0.190
2	0.000
2	0.000
2	0.996
2	0.000
2	0.000
2	0.000
2	0.000
2	0.001
2	0.053
2	0.000
2	0.043
2	0.000
2	0.000
2	0.002
2	0.026
2	0.000
2	0.018
2	0.000
2	0.001
2	0.000
2	0.000
2	0.002
2	0.000
2	0.475
2	0.000
2	0.399
2	0.000
2	0.000
2	0.000
2	0.232
2	0.026
2	0.000
2	0.000
2	0.000
2	0.085
2	0.000
2	0.000
2	0.000
2	0.029
2	0.000
2	0.000
2	0.000
2	0.000
2	0.022
2	0.584
2	0.000
2	0.000
2	0.003
2	0.000
3	0.000
3	0.000
3	0.568
3	0.000
3	0.112
3	0.250
3	0.005
3	0.541
3	0.025
3	0.010
3	0.386
3	0.000
3	0.000
3	0.001
3	0.014
3	0.000
3	0.019
3	0.617
3	0.355
3	0.000
3	0.000
3	0.012
3	0.015
3	0.000
3	0.002
3	0.017
3	0.000
3	0.015
3	0.272
3	0.015
3	0.430
3	0.004
3	0.579
3	0.000
3	0.724
3	0.004
3	0.013
3	0.000
3	0.004
3	0.437
3	0.017
3	0.301
3	0.023
3	0.265
3	0.164
3	0.000
3	0.000
3	0.001
3	0.058
3	0.007
3	0.110
3	0.006
3	0.047
3	0.003
3	0.000
3	0.000
3	0.567
3	0.062
3	0.000
3	0.341
3	0.000
3	0.000
3	0.300
3	0.318
3	0.022
3	0.044
3	0.000
3	0.002
3	0.000
3	0.000
3	0.000
3	0.001
3	0.020
3	0.014
3	0.000
3	0.324
3	0.023
3	0.000
3	0.027
3	0.041
3	0.020
3	0.024
3	0.000
3	0.000
3	0.000
3	0.001
3	0.000
3	0.000
3	0.035
3	0.003
3	0.000
3	0.010
3	0.002
3	0.257
3	0.910
3	0.312
3	0.581
3	0.031
3	0.084
3	0.013
4	0.032
4	0.262
4	0.216
4	0.094
4	0.745
4	0.088
4	0.006
4	0.276
4	0.000
4	0.020
4	0.014
4	0.057
4	0.275
4	0.007
4	0.268
4	0.071
4	0.314
4	0.413
4	0.055
4	0.391
4	0.330
4	0.316
4	0.018
4	0.192
4	0.535
4	0.001
4	0.018
4	0.229
4	0.000
4	0.530
4	0.159
4	0.091
4	0.086
4	0.002
4	0.000
4	0.337
4	0.123
4	0.003
4	0.001
4	0.459
4	0.009
4	0.077
4	0.001
4	0.326
4	0.001
4	0.496
4	0.042
4	0.290
4	0.065
4	0.090
4	0.078
4	0.540
4	0.016
4	0.226
4	0.006
4	0.290
4	0.008
4	0.001
4	0.206
4	0.000
4	0.469
4	0.013
4	0.006
4	0.251
4	0.194
4	0.001
4	0.374
4	0.001
4	0.400
4	0.058
4	0.055
4	0.213
4	0.000
4	0.078
4	0.023
4	0.019
4	0.200
4	0.242
4	0.004
4	0.001
4	0.048
4	0.000
4	0.646
4	0.051
4	0.072
4	0.138
4	0.000
4	0.476
4	0.023
4	0.011
4	0.219
4	0.077
4	0.025
4	0.035
4	0.001
4	0.220
4	0.014
4	0.063
4	0.006
4	0.090
5	0.013
5	0.164
5	0.122
5	0.001
5	0.000
5	0.056
5	0.040
5	0.019
5	0.267
5	0.001
5	0.014
5	0.012
5	0.163
5	0.025
5	0.001
5	0.027
5	0.006
5	0.003
5	0.009
5	0.704
5	0.068
5	0.266
5	0.008
5	0.471
5	0.007
5	0.035
5	0.001
5	0.130
5	0.166
5	0.004
5	0.188
5	0.001
5	0.067
5	0.077
5	0.001
5	0.764
5	0.042
5	0.011
5	0.015
5	0.571
5	0.390
5	0.040
5	0.131
5	0.026
5	0.012
5	0.002
5	0.264
5	0.073
5	0.018
5	0.207
5	0.027
5	0.165
5	0.211
5	0.201
5	0.069
5	0.153
5	0.085
5	0.057
5	0.065
5	0.001
5	0.077
5	0.005
5	0.004
5	0.003
5	0.001
5	0.071
5	0.001
5	0.007
5	0.004
5	0.016
5	0.020
5	0.000
5	0.117
5	0.286
5	0.022
5	0.017
5	0.582
5	0.024
5	0.014
5	0.310
5	0.001
5	0.215
5	0.281
5	0.463
5	0.001
5	0.022
5	0.385
5	0.036
5	0.006
5	0.131
5	0.003
5	0.264
5	0.015
5	0.520
5	0.018
5	0.004
5	0.186
5	0.164
5	0.001
5	0.012
6	0.004
6	0.182
6	0.001
6	0.027
6	0.566
6	0.002
6	0.014
6	0.364
6	0.160
6	0.002
6	0.414
6	0.053
6	0.478
6	0.000
6	0.013
6	0.357
6	0.165
6	0.094
6	0.388
6	0.126
6	0.246
6	0.000
6	0.014
6	0.123
6	0.009
6	0.780
6	0.196
6	0.461
6	0.144
6	0.234
6	0.016
6	0.003
6	0.306
6	0.392
6	0.173
6	0.002
6	0.384
6	0.311
6	0.387
6	0.049
6	0.033
6	0.347
6	0.383
6	0.003
6	0.002
6	0.158
6	0.325
6	0.534
6	0.456
6	0.344
6	0.010
6	0.005
6	0.058
6	0.222
6	0.069
6	0.005
6	0.164
6	0.002
6	0.019
6	0.422
6	0.024
6	0.007
6	0.002
6	0.299
6	0.700
6	0.044
6	0.162
6	0.014
6	0.098
6	0.000
6	0.226
6	0.151
6	0.063
6	0.063
6	0.073
6	0.017
6	0.697
6	0.191
6	0.002
6	0.000
6	0.457
6	0.396
6	0.126
6	0.346
6	0.008
6	0.013
6	0.001
6	0.227
6	0.344
6	0.131
6	0.000
6	0.055
6	0.332
6	0.017
6	0.013
6	0.012
6	0.235
6	0.276
6	0.280
6	0.123
7	0.088
7	0.284
7	0.191
7	0.197
7	0.363
7	0.103
7	0.298
7	0.108
7	0.239
7	0.005
7	0.374
7	0.208
7	0.001
7	0.291
7	0.494
7	0.262
7	0.002
7	0.151
7	0.031
7	0.235
7	0.081
7	0.390
7	0.178
7	0.236
7	0.060
7	0.512
7	0.206
7	0.278
7	0.051
7	0.002
7	0.182
7	0.052
7	0.354
7	0.015
7	0.276
7	0.073
7	0.188
7	0.505
7	0.488
7	0.319
7	0.007
7	0.097
7	0.303
7	0.144
7	0.437
7	0.158
7	0.412
7	0.065
7	0.183
7	0.250
7	0.166
7	0.196
7	0.362
7	0.056
7	0.092
7	0.669
7	0.396
7	0.053
7	0.154
7	0.376
7	0.003
7	0.127
7	0.283
7	0.001
7	0.081
7	0.131
7	0.049
7	0.192
7	0.000
7	0.000
7	0.091
7	0.024
7	0.016
7	0.202
7	0.009
7	0.182
7	0.441
7	0.138
7	0.016
7	0.018
7	0.150
7	0.258
7	0.155
7	0.447
7	0.195
7	0.474
7	0.008
7	0.016
7	0.294
7	0.111
7	0.062
7	0.176
7	0.059
7	0.094
7	0.648
7	0.325
7	0.003
7	0.047
7	0.329
7	0.851
8	0.015
8	0.238
8	0.007
8	0.324
8	0.102
8	0.501
8	0.460
8	0.243
8	0.041
8	0.326
8	0.386
8	0.328
8	0.337
8	0.517
8	0.210
8	0.000
8	0.063
8	0.182
8	0.010
8	0.442
8	0.200
8	0.014
8	0.260
8	0.267
8	0.145
8	0.542
8	0.306
8	0.495
8	0.229
8	0.161
8	0.095
8	0.003
8	0.446
8	0.089
8	0.118
8	0.109
8	0.114
8	0.042
8	0.015
8	0.238
8	0.023
8	0.170
8	0.149
8	0.178
8	0.198
8	0.824
8	0.229
8	0.514
8	0.013
8	0.029
8	0.036
8	0.340
8	0.169
8	0.340
8	0.014
8	0.671
8	0.014
8	0.084
8	0.085
8	0.331
8	0.217
8	0.216
8	0.247
8	0.004
8	0.006
8	0.048
8	0.002
8	0.103
8	0.342
8	0.440
8	0.005
8	0.584
8	0.062
8	0.034
8	0.498
8	0.253
8	0.259
8	0.021
8	0.137
8	0.039
8	0.113
8	0.382
8	0.173
8	0.243
8	0.001
8	0.013
8	0.400
8	0.034
8	0.133
8	0.089
8	0.481
8	0.532
8	0.494
8	0.525
8	0.327
8	0.273
8	0.333
8	0.264
8	0.506
8	0.352
9	0.240
9	0.166
9	0.261
9	0.331
9	0.494
9	0.274
9	0.234
9	0.031
9	0.127
9	0.358
9	0.020
9	0.182
9	0.013
9	0.001
9	0.241
9	0.277
9	0.305
9	0.221
9	0.326
9	0.245
9	0.103
9	0.650
9	0.220
9	0.559
9	0.172
9	0.009
9	0.399
9	0.128
9	0.247
9	0.503
9	0.382
9	0.303
9	0.295
9	0.387
9	0.027
9	0.394
9	0.600
9	0.243
9	0.270
9	0.240
9	0.289
9	0.403
9	0.188
9	0.145
9	0.399
9	0.358
9	0.254
9	0.137
9	0.390
9	0.126
9	0.078
9	0.076
9	0.001
9	0.284
9	0.133
9	0.075
9	0.409
9	0.275
9	0.174
9	0.397
9	0.306
9	0.338
9	0.546
9	0.029
9	0.121
9	0.553
9	0.411
9	0.154
9	0.191
9	0.242
9	0.398
9	0.444
9	0.222
9	0.684
9	0.613
9	0.139
9	0.281
9	0.379
9	0.467
9	0.236
9	0.244
9	0.074
9	0.104
9	0.153
9	0.214
9	0.043
9	0.624
9	0.391
9	0.287
9	0.466
9	0.250
9	0.456
9	0.184
9	0.312
9	0.073
9	0.454
9	0.520
9	0.000
9	0.266
9	0.392
10	0.386
10	0.385
10	0.130
10	0.473
10	0.379
10	0.429
10	0.228
10	0.263
10	0.097
10	0.134
10	0.097
10	0.157
10	0.539
10	0.198
10	0.341
10	0.465
10	0.016
10	0.073
10	0.160
10	0.232
10	0.354
10	0.231
10	0.199
10	0.446
10	0.270
10	0.109
10	0.337
10	0.494
10	0.576
10	0.502
10	0.438
10	0.374
10	0.002
10	0.326
10	0.051
10	0.323
10	0.237
10	0.419
10	0.428
10	0.125
10	0.046
10	0.290
10	0.578
10	0.464
10	0.517
10	0.222
10	0.055
10	0.245
10	0.239
10	0.524
10	0.364
10	0.147
10	0.311
10	0.375
10	0.431
10	0.059
10	0.272
10	0.241
10	0.360
10	0.250
10	0.255
10	0.149
10	0.150
10	0.490
10	0.455
10	0.429
10	0.295
10	0.215
10	0.176
10	0.398
10	0.007
10	0.140
10	0.079
10	0.130
10	0.119
10	0.008
10	0.351
10	0.146
10	0.240
10	0.585
10	0.626
10	0.502
10	0.274
10	0.093
10	0.007
10	0.209
10	0.475
10	0.169
10	0.522
10	0.291
10	0.308
10	0.195
10	0.220
10	0.100
10	0.308
10	0.036
10	0.579
10	0.397
10	0.161
10	0.267
11	0.194
11	0.226
11	0.149
11	0.410
11	0.438
11	0.509
11	0.369
11	0.588
11	0.122
11	0.297
11	0.044
11	0.220
11	0.069
11	0.176
11	0.254
11	0.515
11	0.218
11	0.523
11	0.292
11	0.234
11	0.840
11	0.455
11	0.092
11	0.537
11	0.525
11	0.211
11	0.433
11	0.214
11	0.206
11	0.165
11	0.417
11	0.349
11	0.415
11	0.164
11	0.541
11	0.108
11	0.308
11	0.391
11	0.147
11	0.114
11	0.182
11	0.437
11	0.491
11	0.315
11	0.234
11	0.613
11	0.052
11	0.412
11	0.334
11	0.227
11	0.336
11	0.190
11	0.295
11	0.231
11	0.328
11	0.540
11	0.242
11	0.281
11	0.522
11	0.216
11	0.646
11	0.182
11	0.261
11	0.409
11	0.340
11	0.134
11	0.163
11	0.516
11	0.073
11	0.061
11	0.604
11	0.222
11	0.248
11	0.200
11	0.183
11	0.526
11	0.301
11	0.087
11	0.322
11	0.474
11	0.312
11	0.261
11	0.409
11	0.323
11	0.497
11	0.235
11	0.769
11	0.383
11	0.178
11	0.213
11	0.310
11	0.199
11	0.108
11	0.423
11	0.342
11	0.269
11	0.206
11	0.253
11	0.292
11	0.332
12	0.042
12	0.329
12	0.204
12	0.517
12	0.095
12	0.148
12	0.359
12	0.284
12	0.399
12	0.407
12	0.670
12	0.378
12	0.363
12	0.495
12	0.377
12	0.550
12	0.090
12	0.508
12	0.722
12	0.119
12	0.218
12	0.160
12	0.613
12	0.444
12	0.342
12	0.536
12	0.331
12	0.422
12	0.452
12	0.149
12	0.303
12	0.234
12	0.103
12	0.389
12	0.216
12	0.018
12	0.401
12	0.101
12	0.539
12	0.301
12	0.165
12	0.113
12	0.213
12	0.203
12	0.207
12	0.322
12	0.343
12	0.147
12	0.393
12	0.426
12	0.488
12	0.589
12	0.567
12	0.190
12	0.574
12	0.352
12	0.646
12	0.461
12	0.477
12	0.579
12	0.331
12	0.610
12	0.304
12	0.673
12	0.586
12	0.454
12	0.282
12	0.451
12	0.556
12	0.108
12	0.248
12	0.561
12	0.568
12	0.180
12	0.376
12	0.399
12	0.591
12	0.096
12	0.377
12	0.420
12	0.365
12	0.353
12	0.692
12	0.334
12	0.281
12	0.473
12	0.103
12	0.345
12	0.285
12	0.416
12	0.536
12	0.154
12	0.335
12	0.195
12	0.267
12	0.378
12	0.171
12	0.556
12	0.016
12	0.268
13	0.461
13	0.326
13	0.477
13	0.383
13	0.431
13	0.372
13	0.479
13	0.411
13	0.447
13	0.457
13	0.341
13	0.634
13	0.650
13	0.515
13	0.340
13	0.667
13	0.490
13	0.483
13	0.617
13	0.347
13	0.744
13	0.592
13	0.470
13	0.213
13	0.345
13	0.423
13	0.606
13	0.254
13	0.309
13	0.570
13	0.219
13	0.526
13	0.386
13	0.079
13	0.233
13	0.146
13	0.591
13	0.694
13	0.223
13	0.494
13	0.257
13	0.499
13	0.360
13	0.654
13	0.393
13	0.594
13	0.413
13	0.452
13	0.195
13	0.193
13	0.464
13	0.388
13	0.262
13	0.452
13	0.549
13	0.637
13	0.227
13	0.699
13	0.265
13	0.574
13	0.266
13	0.374
13	0.328
13	0.234
13	0.616
13	0.245
13	0.237
13	0.416
13	0.497
13	0.309
13	0.554
13	0.457
13	0.368
13	0.211
13	0.183
13	0.434
13	0.095
13	0.253
13	0.513
13	0.132
13	0.339
13	0.549
13	0.449
13	0.178
13	0.455
13	0.498
13	0.273
13	0.165
13	0.784
13	0.421
13	0.355
13	0.640
13	0.362
13	0.259
13	0.451
13	0.381
13	0.641
13	0.442
13	0.304
13	0.179
14	0.557
14	0.448
14	0.282
14	0.245
14	0.534
14	0.450
14	0.530
14	0.317
14	0.175
14	0.524
14	0.220
14	0.608
14	0.501
14	0.677
14	0.656
14	0.456
14	0.348
14	0.417
14	0.456
14	0.345
14	0.395
14	0.369
14	0.540
14	0.460
14	0.366
14	0.486
14	0.529
14	0.445
14	0.762
14	0.245
14	0.590
14	0.499
14	0.612
14	0.433
14	0.583
14	0.348
14	0.265
14	0.515
14	0.454
14	0.432
14	0.592
14	0.577
14	0.742
14	0.193
14	0.582
14	0.344
14	0.011
14	0.567
14	0.343
14	0.492
14	0.593
14	0.455
14	0.679
14	0.238
14	0.214
14	0.487
14	0.392
14	0.349
14	0.429
14	0.316
14	0.437
14	0.440
14	0.342
14	0.535
14	0.450
14	0.413
14	0.748
14	0.341
14	0.510
14	0.472
14	0.464
14	0.486
14	0.397
14	0.652
14	0.414
14	0.438
14	0.239
14	0.350
14	0.629
14	0.519
14	0.507
14	0.700
14	0.708
14	0.373
14	0.559
14	0.193
14	0.616
14	0.319
14	0.513
14	0.126
14	0.531
14	0.461
14	0.565
14	0.359
14	0.128
14	0.568
14	0.130
14	0.471
14	0.131
14	0.528
15	0.800
15	0.695
15	0.224
15	0.443
15	0.280
15	0.071
15	0.170
15	0.272
15	0.597
15	0.732
15	0.563
15	0.534
15	0.324
15	0.267
15	0.155
15	0.532
15	0.396
15	0.240
15	0.373
15	0.265
15	0.538
15	0.367
15	0.275
15	0.532
15	0.227
15	0.499
15	0.291
15	0.425
15	0.280
15	0.292
15	0.222
15	0.468
15	0.685
15	0.385
15	0.823
15	0.344
15	0.328
15	0.386
15	0.310
15	0.654
15	0.611
15	0.196
15	0.454
15	0.375
15	0.390
15	0.207
15	0.546
15	0.437
15	0.461
15	0.505
15	0.463
15	0.411
15	0.530
15	0.445
15	0.208
15	0.398
15	0.387
15	0.397
15	0.356
15	0.348
15	0.475
15	0.459
15	0.326
15	0.403
15	0.400
15	0.397
15	0.283
15	0.394
15	0.228
15	0.445
15	0.580
15	0.368
15	0.368
15	0.525
15	0.496
15	0.411
15	0.321
15	0.467
15	0.540
15	0.483
15	0.500
15	0.667
15	0.353
15	0.542
15	0.753
15	0.176
15	0.335
15	0.349
15	0.456
15	0.603
15	0.710
15	0.385
15	0.424
15	0.713
15	0.551
15	0.425
15	0.327
15	0.366
15	0.597
15	0.528
16	0.407
16	0.603
16	0.442
16	0.447
16	0.672
16	0.123
16	0.386
16	0.424
16	0.541
16	0.370
16	0.336
16	0.563
16	0.334
16	0.428
16	0.407
16	0.234
16	0.444
16	0.271
16	0.356
16	0.571
16	0.539
16	0.432
16	0.364
16	0.499
16	0.706
16	0.438
16	0.783
16	0.454
16	0.572
16	0.565
16	0.442
16	0.421
16	0.544
16	0.439
16	0.165
16	0.420
16	0.439
16	0.177
16	0.684
16	0.237
16	0.342
16	0.443
16	0.714
16	0.188
16	0.231
16	0.765
16	0.667
16	0.640
16	0.586
16	0.661
16	0.562
16	0.384
16	0.474
16	0.465
16	0.485
16	0.572
16	0.580
16	0.626
16	0.171
16	0.595
16	0.437
16	0.485
16	0.413
16	0.554
16	0.472
16	0.506
16	0.586
16	0.626
16	0.357
16	0.595
16	0.507
16	0.510
16	0.259
16	0.594
16	0.361
16	0.191
16	0.704
16	0.535
16	0.332
16	0.534
16	0.351
16	0.490
16	0.683
16	0.685
16	0.515
16	0.274
16	0.460
16	0.550
16	0.488
16	0.322
16	0.716
16	0.155
16	0.531
16	0.495
16	0.602
16	0.507
16	0.200
16	0.472
16	0.698
16	0.560
17	0.512
17	0.631
17	0.456
17	0.324
17	0.248
17	0.671
17	0.632
17	0.613
17	0.699
17	0.564
17	0.482
17	0.587
17	0.278
17	0.720
17	0.680
17	0.690
17	0.627
17	0.608
17	0.374
17	0.227
17	0.580
17	0.551
17	0.672
17	0.331
17	0.421
17	0.424
17	0.612
17	0.434
17	0.391
17	0.567
17	0.354
17	0.507
17	0.454
17	0.405
17	0.505
17	0.417
17	0.500
17	0.596
17	0.594
17	0.304
17	0.392
17	0.789
17	0.629
17	0.196
17	0.301
17	0.523
17	0.329
17	0.588
17	0.685
17	0.556
17	0.439
17	0.523
17	0.337
17	0.473
17	0.507
17	0.709
17	0.512
17	0.566
17	0.205
17	0.574
17	0.616
17	0.392
17	0.527
17	0.712
17	0.435
17	0.282
17	0.373
17	0.499
17	0.514
17	0.838
17	0.592
17	0.727
17	0.554
17	0.673
17	0.428
17	0.601
17	0.480
17	0.307
17	0.364
17	0.474
17	0.326
17	0.497
17	0.639
17	0.582
17	0.295
17	0.465
17	0.497
17	0.436
17	0.485
17	0.641
17	0.384
17	0.631
17	0.838
17	0.321
17	0.510
17	0.461
17	0.311
17	0.256
17	0.558
17	0.480
18	0.535
18	0.538
18	0.555
18	0.785
18	0.796
18	0.371
18	0.431
18	0.823
18	0.592
18	0.484
18	0.353
18	0.527
18	0.422
18	0.396
18	0.286
18	0.421
18	0.554
18	0.296
18	0.352
18	0.659
18	0.492
18	0.333
18	0.434
18	0.582
18	0.360
18	0.358
18	0.483
18	0.442
18	0.370
18	0.608
18	0.611
18	0.451
18	0.470
18	0.621
18	0.444
18	0.558
18	0.443
18	0.511
18	0.684
18	0.543
18	0.573
18	0.724
18	0.700
18	0.456
18	0.270
18	0.888
18	0.672
18	0.681
18	0.702
18	0.519
18	0.359
18	0.350
18	0.407
18	0.527
18	0.608
18	0.300
18	0.318
18	0.405
18	0.630
18	0.563
18	0.470
18	0.392
18	0.577
18	0.531
18	0.484
18	0.635
18	0.538
18	0.594
18	0.472
18	0.707
18	0.362
18	0.476
18	0.453
18	0.293
18	0.602
18	0.458
18	0.457
18	0.398
18	0.398
18	0.391
18	0.451
18	0.574
18	0.353
18	0.726
18	0.617
18	0.507
18	0.450
18	0.579
18	0.254
18	0.220
18	0.277
18	0.362
18	0.582
18	0.594
18	0.547
18	0.388
18	0.548
18	0.609
18	0.595
18	0.530
19	0.470
19	0.608
19	0.551
19	0.543
19	0.376
19	0.539
19	0.339
19	0.543
19	0.656
19	0.472
19	0.216
19	0.491
19	0.653
19	0.463
19	0.577
19	0.582
19	0.599
19	0.518
19	0.521
19	0.642
19	0.647
19	0.654
19	0.635
19	0.575
19	0.578
19	0.720
19	0.640
19	0.536
19	0.639
19	0.339
19	0.562
19	0.262
19	0.574
19	0.493
19	0.554
19	0.436
19	0.261
19	0.642
19	0.646
19	0.328
19	0.347
19	0.412
19	0.555
19	0.334
19	0.697
19	0.735
19	0.505
19	0.766
19	0.545
19	0.671
19	0.448
19	0.615
19	0.129
19	0.459
19	0.714
19	0.475
19	0.769
19	0.571
19	0.799
19	0.487
19	0.301
19	0.633
19	0.680
19	0.537
19	0.580
19	0.825
19	0.616
19	0.375
19	0.677
19	0.530
19	0.753
19	0.806
19	0.302
19	0.415
19	0.493
19	0.394
19	0.648
19	0.463
19	0.576
19	0.582
19	0.742
19	0.667
19	0.534
19	0.662
19	0.454
19	0.268
19	0.667
19	0.479
19	0.659
19	0.315
19	0.460
19	0.856
19	0.447
19	0.432
19	0.356
19	0.356
19	0.463
19	0.412
19	0.745
19	0.611
20	0.596
20	0.738
20	0.375
20	0.539
20	0.789
20	0.654
20	0.481
20	0.480
20	0.383
20	0.308
20	0.494
20	0.277
20	0.339
20	0.446
20	0.409
20	0.712
20	0.370
20	0.490
20	0.385
20	0.527
20	0.526
20	0.480
20	0.680
20	0.572
20	0.553
20	0.685
20	0.684
20	0.659
20	0.248
20	0.561
20	0.707
20	0.577
20	0.716
20	0.769
20	0.546
20	0.512
20	0.683
20	0.676
20	0.682
20	0.571
20	0.665
20	0.579
20	0.791
20	0.594
20	0.610
20	0.640
20	0.470
20	0.556
20	0.552
20	0.362
20	0.555
20	0.539
20	0.636
20	0.698
20	0.642
20	0.640
20	0.622
20	0.549
20	0.736
20	0.709
20	0.712
20	0.489
20	0.329
20	0.283
20	0.492
20	0.536
20	0.663
20	0.578
20	0.424
20	0.555
20	0.541
20	0.385
20	0.385
20	0.427
20	0.419
20	0.560
20	0.511
20	0.577
20	0.667
20	0.788
20	0.651
20	0.455
20	0.399
20	0.541
20	0.365
20	0.566
20	0.598
20	0.618
20	0.156
20	0.462
20	0.749
20	0.500
20	0.616
20	0.485
20	0.778
20	0.435
20	0.568
20	0.690
20	0.395
20	0.414
21	0.598
21	0.398
21	0.441
21	0.531
21	0.431
21	0.592
21	0.590
21	0.472
21	0.830
21	0.651
21	0.510
21	0.588
21	0.744
21	0.603
21	0.603
21	0.581
21	0.816
21	0.478
21	0.606
21	0.664
21	0.783
21	0.539
21	0.601
21	0.693
21	0.546
21	0.519
21	0.362
21	0.624
21	0.579
21	0.681
21	0.547
21	0.669
21	0.535
21	0.514
21	0.580
21	0.503
21	0.444
21	0.639
21	0.626
21	0.577
21	0.490
21	0.780
21	0.485
21	0.470
21	0.390
21	0.846
21	0.710
21	0.631
21	0.601
21	0.582
21	0.667
21	0.755
21	0.414
21	0.640
21	0.734
21	0.326
21	0.489
21	0.354
21	0.586
21	0.500
21	0.755
21	0.656
21	0.592
21	0.558
21	0.575
21	0.614
21	0.487
21	0.428
21	0.639
21	0.393
21	0.529
21	0.596
21	0.514
21	0.460
21	0.589
21	0.516
21	0.722
21	0.638
21	0.569
21	0.586
21	0.419
21	0.565
21	0.629
21	0.563
21	0.451
21	0.424
21	0.502
21	0.665
21	0.770
21	0.745
21	0.554
21	0.393
21	0.710
21	0.678
21	0.735
21	0.549
21	0.679
21	0.367
21	0.600
21	0.438
22	0.425
22	0.485
22	0.652
22	0.433
22	0.549
22	0.710
22	0.559
22	0.436
22	0.524
22	0.487
22	0.324
22	0.720
22	0.507
22	0.468
22	0.738
22	0.396
22	0.628
22	0.571
22	0.651
22	0.690
22	0.691
22	0.464
22	0.676
22	0.776
22	0.683
22	0.768
22	0.645
22	0.685
22	0.603
22	0.671
22	0.683
22	0.789
22	0.799
22	0.590
22	0.360
22	0.548
22	0.579
22	0.500
22	0.492
22	0.632
22	0.641
22	0.612
22	0.498
22	0.667
22	0.708
22	0.662
22	0.447
22	0.569
22	0.567
22	0.625
22	0.511
22	0.617
22	0.667
22	0.601
22	0.741
22	0.571
22	0.541
22	0.379
22	0.733
22	0.415
22	0.512
22	0.525
22	0.758
22	0.625
22	0.647
22	0.529
22	0.516
22	0.584
22	0.638
22	0.470
22	0.697
22	0.533
22	0.430
22	0.654
22	0.734
22	0.377
22	0.508
22	0.327
22	0.663
22	0.541
22	0.805
22	0.422
22	0.740
22	0.701
22	0.831
22	0.648
22	0.626
22	0.612
22	0.420
22	0.766
22	0.602
22	0.703
22	0.711
22	0.747
22	0.458
22	0.410
22	0.415
22	0.468
22	0.429
22	0.606
23	0.685
23	0.561
23	0.468
23	0.648
23	0.458
23	0.508
23	0.605
23	0.569
23	0.719
23	0.584
23	0.598
23	0.658
23	0.565
23	0.677
23	0.368
23	0.528
23	0.583
23	0.626
23	0.334
23	0.718
23	0.698
23	0.630
23	0.744
23	0.800
23	0.501
23	0.688
23	0.590
23	0.549
23	0.691
23	0.733
23	0.754
23	0.857
23	0.543
23	0.562
23	0.581
23	0.539
23	0.576
23	0.425
23	0.698
23	0.664
23	0.599
23	0.562
23	0.700
23	0.736
23	0.654
23	0.527
23	0.601
23	0.638
23	0.494
23	0.668
23	0.515
23	0.704
23	0.389
23	0.722
23	0.362
23	0.643
23	0.800
23	0.807
23	0.539
23	0.561
23	0.601
23	0.446
23	0.575
23	0.608
23	0.715
23	0.381
23	0.386
23	0.631
23	0.459
23	0.668
23	0.560
23	0.738
23	0.591
23	0.601
23	0.670
23	0.667
23	0.631
23	0.629
23	0.690
23	0.635
23	0.640
23	0.726
23	0.492
23	0.791
23	0.539
23	0.741
23	0.724
23	0.802
23	0.573
23	0.442
23	0.537
23	0.445
23	0.599
23	0.742
23	0.462
23	0.699
23	0.425
23	0.567
23	0.536
23	0.697
24	0.731
24	0.713
24	0.419
24	0.666
24	0.658
24	0.658
24	0.602
24	0.354
24	0.642
24	0.708
24	0.541
24	0.457
24	0.558
24	0.565
24	0.635
24	0.641
24	0.732
24	0.659
24	0.796
24	0.488
24	0.564
24	0.445
24	0.559
24	0.781
24	0.560
24	0.815
24	0.811
24	0.587
24	0.561
24	0.567
24	0.535
24	0.663
24	0.661
24	0.702
24	0.683
24	0.466
24	0.578
24	0.603
24	0.568
24	0.556
24	0.690
24	0.513
24	0.780
24	0.548
24	0.588
24	0.717
24	0.773
24	0.541
24	0.615
24	0.559
24	0.782
24	0.656
24	0.677
24	0.660
24	0.333
24	0.337
24	0.724
24	0.448
24	0.728
24	0.619
24	0.414
24	0.627
24	0.419
24	0.613
24	0.511
24	0.686
24	0.682
24	0.697
24	0.746
24	0.625
24	0.607
24	0.582
24	0.553
24	0.548
24	0.581
24	0.533
24	0.589
24	0.764
24	0.588
24	0.537
24	0.708
24	0.484
24	0.609
24	0.653
24	0.433
24	0.725
24	0.606
24	0.667
24	0.617
24	0.710
24	0.620
24	0.784
24	0.746
24	0.617
24	0.695
24	0.845
24	0.603
24	0.375
24	0.597
24	0.646
25	0.542
25	0.542
25	0.616
25	0.561
25	0.668
25	0.751
25	0.572
25	0.647
25	0.684
25	0.650
25	0.495
25	0.707
25	0.628
25	0.645
25	0.382
25	0.534
25	0.531
25	0.395
25	0.615
25	0.731
25	0.672
25	0.548
25	0.383
25	0.750
25	0.626
25	0.559
25	0.664
25	0.708
25	0.602
25	0.532
25	0.515
25	0.694
25	0.644
25	0.670
25	0.626
25	0.629
25	0.684
25	0.563
25	0.889
25	0.522
25	0.599
25	0.630
25	0.715
25	0.610
25	0.688
25	0.607
25	0.624
25	0.689
25	0.608
25	0.776
25	0.471
25	0.545
25	0.679
25	0.423
25	0.599
25	0.612
25	0.521
25	0.664
25	0.596
25	0.578
25	0.590
25	0.490
25	0.767
25	0.719
25	0.561
25	0.632
25	0.548
25	0.723
25	0.756
25	0.722
25	0.705
25	0.416
25	0.723
25	0.791
25	0.578
25	0.461
25	0.585
25	0.522
25	0.690
25	0.703
25	0.646
25	0.548
25	0.667
25	0.704
25	0.497
25	0.564
25	0.675
25	0.632
25	0.652
25	0.738
25	0.457
25	0.718
25	0.532
25	0.550
25	0.481
25	0.629
25	0.565
25	0.608
25	0.685
25	0.653
26	0.757
26	0.575
26	0.771
26	0.461
26	0.678
26	0.409
26	0.547
26	0.336
26	0.624
26	0.630
26	0.665
26	0.488
26	0.557
26	0.629
26	0.615
26	0.637
26	0.644
26	0.621
26	0.679
26	0.543
26	0.550
26	0.472
26	0.836
26	0.574
26	0.482
26	0.648
26	0.721
26	0.624
26	0.629
26	0.677
26	0.415
26	0.615
26	0.680
26	0.527
26	0.748
26	0.688
26	0.650
26	0.891
26	0.630
26	0.594
26	0.799
26	0.661
26	0.468
26	0.444
26	0.607
26	0.637
26	0.881
26	0.568
26	0.666
26	0.686
26	0.636
26	0.616
26	0.461
26	0.616
26	0.592
26	0.652
26	0.661
26	0.663
26	0.660
26	0.669
26	0.659
26	0.619
26	0.576
26	0.618
26	0.759
26	0.649
26	0.767
26	0.573
26	0.613
26	0.794
26	0.617
26	0.649
26	0.712
26	0.601
26	0.587
26	0.770
26	0.665
26	0.651
26	0.650
26	0.780
26	0.748
26	0.745
26	0.535
26	0.688
26	0.505
26	0.562
26	0.478
26	0.678
26	0.719
26	0.841
26	0.638
26	0.668
26	0.642
26	0.479
26	0.763
26	0.688
26	0.652
26	0.748
26	0.624
26	0.496
27	0.558
27	0.651
27	0.499
27	0.706
27	0.745
27	0.717
27	0.715
27	0.760
27	0.670
27	0.659
27	0.729
27	0.329
27	0.652
27	0.757
27	0.686
27	0.634
27	0.673
27	0.663
27	0.660
27	0.643
27	0.706
27	0.689
27	0.548
27	0.513
27	0.727
27	0.677
27	0.785
27	0.519
27	0.724
27	0.569
27	0.637
27	0.657
27	0.688
27	0.689
27	0.470
27	0.669
27	0.715
27	0.664
27	0.718
27	0.489
27	0.695
27	0.677
27	0.653
27	0.621
27	0.763
27	0.560
27	0.675
27	0.549
27	0.707
27	0.769
27	0.362
27	0.624
27	0.684
27	0.642
27	0.593
27	0.510
27	0.680
27	0.858
27	0.454
27	0.629
27	0.532
27	0.675
27	0.618
27	0.703
27	0.738
27	0.652
27	0.522
27	0.593
27	0.362
27	0.695
27	0.851
27	0.780
27	0.428
27	0.665
27	0.637
27	0.758
27	0.615
27	0.712
27	0.662
27	0.572
27	0.508
27	0.631
27	0.709
27	0.585
27	0.660
27	0.789
27	0.760
27	0.625
27	0.485
27	0.597
27	0.646
27	0.848
27	0.710
27	0.784
27	0.633
27	0.692
27	0.679
27	0.751
27	0.721
27	0.632
28	0.756
28	0.398
28	0.616
28	0.713
28	0.621
28	0.634
28	0.775
28	0.820
28	0.472
28	0.650
28	0.593
28	0.631
28	0.730
28	0.489
28	0.764
28	0.760
28	0.764
28	0.445
28	0.731
28	0.644
28	0.616
28	0.503
28	0.727
28	0.716
28	0.688
28	0.884
28	0.656
28	0.806
28	0.538
28	0.491
28	0.629
28	0.875
28	0.753
28	0.778
28	0.813
28	0.803
28	0.680
28	0.719
28	0.703
28	0.638
28	0.618
28	0.541
28	0.823
28	0.709
28	0.712
28	0.721
28	0.708
28	0.719
28	0.823
28	0.560
28	0.555
28	0.687
28	0.645
28	0.644
28	0.666
28	0.606
28	0.706
28	0.651
28	0.612
28	0.688
28	0.582
28	0.733
28	0.449
28	0.695
28	0.650
28	0.782
28	0.701
28	0.736
28	0.814
28	0.643
28	0.754
28	0.612
28	0.625
28	0.729
28	0.624
28	0.684
28	0.823
28	0.699
28	0.646
28	0.457
28	0.602
28	0.663
28	0.823
28	0.645
28	0.702
28	0.746
28	0.677
28	0.787
28	0.613
28	0.613
28	0.749
28	0.564
28	0.733
28	0.569
28	0.636
28	0.644
28	0.693
28	0.424
28	0.860
28	0.712
29	0.578
29	0.771
29	0.711
29	0.693
29	0.578
29	0.792
29	0.863
29	0.557
29	0.622
29	0.627
29	0.502
29	0.467
29	0.624
29	0.706
29	0.638
29	0.673
29	0.516
29	0.710
29	0.754
29	0.719
29	0.721
29	0.695
29	0.456
29	0.753
29	0.604
29	0.744
29	0.573
29	0.739
29	0.578
29	0.578
29	0.659
29	0.730
29	0.733
29	0.758
29	0.657
29	0.786
29	0.447
29	0.684
29	0.614
29	0.602
29	0.651
29	0.491
29	0.769
29	0.480
29	0.629
29	0.696
29	0.598
29	0.702
29	0.535
29	0.731
29	0.570
29	0.727
29	0.518
29	0.790
29	0.869
29	0.678
29	0.584
29	0.630
29	0.780
29	0.703
29	0.685
29	0.800
29	0.695
29	0.808
29	0.482
29	0.611
29	0.799
29	0.583
29	0.815
29	0.715
29	0.735
29	0.707
29	0.823
29	0.684
29	0.616
29	0.735
29	0.580
29	0.745
29	0.741
29	0.647
29	0.567
29	0.699
29	0.547
29	0.789
29	0.670
29	0.714
29	0.671
29	0.663
29	0.509
29	0.681
29	0.758
29	0.831
29	0.720
29	0.737
29	0.493
29	0.577
29	0.545
29	0.700
29	0.817
29	0.591
30	0.744
30	0.775
30	0.713
30	0.820
30	0.725
30	0.661
30	0.898
30	0.668
30	0.590
30	0.786
30	0.881
30	0.589
30	0.662
30	0.609
30	0.782
30	0.759
30	0.600
30	0.745
30	0.605
30	0.734
30	0.728
30	0.854
30	0.690
30	0.825
30	0.659
30	0.624
30	0.739
30	0.880
30	0.821
30	0.755
30	0.578
30	0.695
30	0.734
30	0.740
30	0.564
30	0.676
30	0.671
30	0.633
30	0.633
30	0.652
30	0.749
30	0.722
30	0.572
30	0.685
30	0.804
30	0.700
30	0.619
30	0.642
30	0.508
30	0.733
30	0.527
30	0.814
30	0.630
30	0.569
30	0.868
30	0.726
30	0.557
30	0.710
30	0.665
30	0.826
30	0.748
30	0.707
30	0.813
30	0.611
30	0.696
30	0.674
30	0.691
30	0.741
30	0.569
30	0.737
30	0.630
30	0.496
30	0.719
30	0.692
30	0.376
30	0.617
30	0.693
30	0.764
30	0.702
30	0.772
30	0.621
30	0.706
30	0.736
30	0.764
30	0.836
30	0.814
30	0.699
30	0.718
30	0.680
30	0.809
30	0.674
30	0.761
30	0.735
30	0.719
30	0.699
30	0.579
30	0.644
30	0.726
30	0.617
30	0.880
