1	0.000
1	0.000
1	1.000
1	0.000
1	0.799
1	0.000
1	0.000
1	0.000
1	0.000
1	0.000
1	0.000
1	0.000
1	0.000
1	0.000
1	0.000
1	0.000
1	1.000
1	0.000
1	0.000
1	0.000
1	0.000
1	0.000
1	0.000
1	0.000
1	0.000
1	1.000
1	0.832
1	0.000
1	0.338
1	0.000
1	0.000
1	0.000
1	0.000
1	1.000
1	0.259
1	0.025
1	0.000
1	0.000
1	0.000
1	0.000
1	0.000
1	0.000
1	0.000
1	0.000
1	0.429
1	0.000
1	0.000
1	0.000
1	0.000
1	0.000
1	1.000
1	0.000
1	0.000
1	0.000
1	0.000
1	0.157
1	0.000
1	0.000
1	1.000
1	0.000
1	0.000
1	0.000
1	0.000
1	0.000
1	0.000
1	0.000
1	0.000
1	0.000
1	0.000
1	0.000
1	0.000
1	0.000
1	0.000
1	0.000
1	0.000
1	1.000
1	0.000
1	0.000
1	0.000
1	0.000
1	0.000
1	0.000
1	0.000
1	0.000
1	0.000
1	0.000
1	0.000
1	0.000
1	0.000
1	0.379
1	0.000
1	0.000
1	0.000
1	0.000
1	0.000
1	0.000
1	0.000
1	0.000
1	0.355
1	0.000
2	0.000
2	0.000
2	0.549
2	0.455
2	0.000
2	1.000
2	0.006
2	0.502
2	0.003
2	0.000
2	0.000
2	0.232
2	0.310
2	0.000
2	0.000
2	0.000
2	0.514
2	0.000
2	0.000
2	0.101
2	0.000
2	0.000
2	0.121
2	0.000
2	0.000
2	0.007
2	0.000
2	0.000
2	0.000
2	0.000
2	0.000
2	0.000
2	0.000
2	0.000
2	0.278
2	0.000
2	0.184
2	0.000
2	0.296
2	0.109
2	0.196
2	0.000
2	0.349
2	0.000
2	0.000
2	0.112
2	0.381
2	0.000
2	0.563
2	0.014
2	0.000
2	0.000
2	0.000
2	0.551
2	0.014
2	0.000
2	0.867
2	0.118
2	0.000
2	0.641
2	0.283
2	0.000
2	0.009
2	0.000
2	0.500
2	0.027
2	0.137
2	0.000
2	0.002
2	0.000
2	0.328
2	0.000
2	0.000
2	0.065
2	0.285
2	0.619
2	0.260
2	0.000
2	0.495
2	0.000
2	0.370
2	0.163
2	0.889
2	0.793
2	0.109
2	0.112
2	0.076
2	0.317
2	0.000
2	0.015
2	0.019
2	0.000
2	0.000
2	0.343
2	0.000
2	0.110
2	0.000
2	0.000
2	0.000
2	0.000
3	0.236
3	0.830
3	0.000
3	0.290
3	0.129
3	0.000
3	0.565
3	0.222
3	0.278
3	0.685
3	0.702
3	0.435
3	0.006
3	0.000
3	0.640
3	0.415
3	0.725
3	0.235
3	0.000
3	0.000
3	0.008
3	0.352
3	0.149
3	0.986
3	0.003
3	0.456
3	0.998
3	0.242
3	0.002
3	0.000
3	0.000
3	0.499
3	0.000
3	0.447
3	0.195
3	0.000
3	0.936
3	0.495
3	0.004
3	0.154
3	0.318
3	0.469
3	0.239
3	0.083
3	0.141
3	0.000
3	0.623
3	0.858
3	0.534
3	0.005
3	0.000
3	0.829
3	0.000
3	0.000
3	0.090
3	0.691
3	0.000
3	0.015
3	0.000
3	0.010
3	0.008
3	0.000
3	0.684
3	0.004
3	0.212
3	0.000
3	0.321
3	0.070
3	0.109
3	0.000
3	0.000
3	0.000
3	0.192
3	0.000
3	0.001
3	0.258
3	0.097
3	0.241
3	0.611
3	0.126
3	0.003
3	0.009
3	0.451
3	0.000
3	0.012
3	0.239
3	0.050
3	0.325
3	0.249
3	0.440
3	0.077
3	0.676
3	0.000
3	0.853
3	0.412
3	0.057
3	0.624
3	0.231
3	0.757
3	0.001
4	0.684
4	0.253
4	0.047
4	0.216
4	0.002
4	0.613
4	0.490
4	0.394
4	0.000
4	0.281
4	0.280
4	0.599
4	0.388
4	0.077
4	0.193
4	0.359
4	0.078
4	0.437
4	0.352
4	0.344
4	0.094
4	0.427
4	0.097
4	0.394
4	0.062
4	0.054
4	0.186
4	0.515
4	0.311
4	0.560
4	0.385
4	0.356
4	0.353
4	0.004
4	0.000
4	0.026
4	0.000
4	0.319
4	0.390
4	0.246
4	0.008
4	0.162
4	0.601
4	0.045
4	0.577
4	0.109
4	0.007
4	0.053
4	0.479
4	0.504
4	0.048
4	0.049
4	0.005
4	0.410
4	0.590
4	0.104
4	0.000
4	0.327
4	0.587
4	0.392
4	0.240
4	0.195
4	0.550
4	0.000
4	0.217
4	0.481
4	0.149
4	0.057
4	0.021
4	0.005
4	0.121
4	0.073
4	0.242
4	0.259
4	0.289
4	0.001
4	0.036
4	0.191
4	0.292
4	0.000
4	0.283
4	0.654
4	0.535
4	0.233
4	0.000
4	0.543
4	0.507
4	0.624
4	0.304
4	0.002
4	0.313
4	0.418
4	0.574
4	0.000
4	0.520
4	0.175
4	0.000
4	0.221
4	0.515
4	0.750
5	0.352
5	0.891
5	0.035
5	0.029
5	0.040
5	0.176
5	0.466
5	0.351
5	0.481
5	0.190
5	0.154
5	0.138
5	0.059
5	0.004
5	0.233
5	0.108
5	0.229
5	0.443
5	0.517
5	0.026
5	0.371
5	0.142
5	0.718
5	0.414
5	0.412
5	0.078
5	0.602
5	0.401
5	0.293
5	0.504
5	0.006
5	0.488
5	0.700
5	0.313
5	0.500
5	0.367
5	0.749
5	0.653
5	0.122
5	0.535
5	0.582
5	0.126
5	0.185
5	0.001
5	0.272
5	0.026
5	0.119
5	0.167
5	0.405
5	0.276
5	0.228
5	0.006
5	0.213
5	0.262
5	0.205
5	0.196
5	0.340
5	0.487
5	0.118
5	0.197
5	0.425
5	0.137
5	0.389
5	0.339
5	0.008
5	0.220
5	0.448
5	0.025
5	0.490
5	0.058
5	0.155
5	0.558
5	0.200
5	0.000
5	0.320
5	0.013
5	0.252
5	0.004
5	0.208
5	0.249
5	0.003
5	0.634
5	0.303
5	0.230
5	0.308
5	0.362
5	0.315
5	0.594
5	0.224
5	0.520
5	0.319
5	0.002
5	0.398
5	0.068
5	0.441
5	0.451
5	0.276
5	0.403
5	0.248
5	0.436
6	0.392
6	0.964
6	0.457
6	0.744
6	0.290
6	0.481
6	0.769
6	0.220
6	0.445
6	0.705
6	0.620
6	0.266
6	0.301
6	0.182
6	0.216
6	0.104
6	0.328
6	0.364
6	0.615
6	0.486
6	0.475
6	0.008
6	0.246
6	0.475
6	0.471
6	0.519
6	0.085
6	0.478
6	0.445
6	0.521
6	0.490
6	0.600
6	0.529
6	0.122
6	0.361
6	0.476
6	0.275
6	0.528
6	0.577
6	0.126
6	0.402
6	0.276
6	0.537
6	0.789
6	0.405
6	0.338
6	0.248
6	0.266
6	0.006
6	0.658
6	0.648
6	0.967
6	0.279
6	0.407
6	0.394
6	0.013
6	0.586
6	0.499
6	0.491
6	0.152
6	0.081
6	0.227
6	0.597
6	0.681
6	0.174
6	0.553
6	0.498
6	0.670
6	0.477
6	0.223
6	0.243
6	0.003
6	0.530
6	0.435
6	0.274
6	0.786
6	0.586
6	0.313
6	0.325
6	0.707
6	0.240
6	0.222
6	0.528
6	0.345
6	0.796
6	0.461
6	0.322
6	0.429
6	0.401
6	0.261
6	0.333
6	0.178
6	0.391
6	0.284
6	0.455
6	0.281
6	0.370
6	0.261
6	0.463
6	0.026
7	0.273
7	0.548
7	0.470
7	0.499
7	0.360
7	0.489
7	0.065
7	0.556
7	0.427
7	0.313
7	0.428
7	0.356
7	0.460
7	0.395
7	0.634
7	0.294
7	0.270
7	0.080
7	0.394
7	0.265
7	0.272
7	0.549
7	0.562
7	0.691
7	0.314
7	0.356
7	0.553
7	0.158
7	0.101
7	0.611
7	0.584
7	0.202
7	0.245
7	0.374
7	0.562
7	0.012
7	0.229
7	0.410
7	0.720
7	0.364
7	0.415
7	0.542
7	0.481
7	0.646
7	0.671
7	0.361
7	0.160
7	0.136
7	0.549
7	0.045
7	0.384
7	0.431
7	0.480
7	0.384
7	0.790
7	0.204
7	0.750
7	0.608
7	0.555
7	0.495
7	0.204
7	0.541
7	0.581
7	0.597
7	0.392
7	0.614
7	0.548
7	0.762
7	0.581
7	0.332
7	0.331
7	0.265
7	0.711
7	0.649
7	0.518
7	0.799
7	0.394
7	0.561
7	0.377
7	0.583
7	0.003
7	0.668
7	0.015
7	0.308
7	0.210
7	0.264
7	0.242
7	0.470
7	0.236
7	0.267
7	0.234
7	0.424
7	0.196
7	0.406
7	0.346
7	0.313
7	0.531
7	0.610
7	0.879
7	0.442
8	0.363
8	0.087
8	0.652
8	0.168
8	0.355
8	0.142
8	0.516
8	0.491
8	0.400
8	0.571
8	0.856
8	0.538
8	0.292
8	0.337
8	0.707
8	0.443
8	0.378
8	0.580
8	0.678
8	0.436
8	0.536
8	0.107
8	0.557
8	0.587
8	0.227
8	0.521
8	0.469
8	0.445
8	0.432
8	0.511
8	0.431
8	0.692
8	0.491
8	0.426
8	0.451
8	0.403
8	0.370
8	0.212
8	0.323
8	0.585
8	0.363
8	0.617
8	0.474
8	0.447
8	0.484
8	0.482
8	0.521
8	0.525
8	0.676
8	0.705
8	0.688
8	0.241
8	0.149
8	0.656
8	0.446
8	0.375
8	0.696
8	0.536
8	0.689
8	0.369
8	0.464
8	0.458
8	0.364
8	0.675
8	0.796
8	0.775
8	0.107
8	0.815
8	0.328
8	0.482
8	0.790
8	0.485
8	0.682
8	0.407
8	0.263
8	0.374
8	0.401
8	0.564
8	0.372
8	0.107
8	0.557
8	0.453
8	0.306
8	0.463
8	0.490
8	0.400
8	0.489
8	0.283
8	0.599
8	0.587
8	0.336
8	0.502
8	0.438
8	0.393
8	0.533
8	0.396
8	0.156
8	0.970
8	0.310
8	0.649
9	0.675
9	0.628
9	0.348
9	0.366
9	0.247
9	0.591
9	0.661
9	0.607
9	0.354
9	0.353
9	0.762
9	0.460
9	0.158
9	0.707
9	0.474
9	0.686
9	0.600
9	0.242
9	0.829
9	0.434
9	0.625
9	0.237
9	0.498
9	0.497
9	0.198
9	0.446
9	0.266
9	0.496
9	0.222
9	0.388
9	0.272
9	0.479
9	0.514
9	0.220
9	0.667
9	0.606
9	0.411
9	0.440
9	0.539
9	0.505
9	0.304
9	0.447
9	0.500
9	0.689
9	0.281
9	0.357
9	0.559
9	0.608
9	0.734
9	0.242
9	0.342
9	0.475
9	0.716
9	0.560
9	0.391
9	0.194
9	0.250
9	0.740
9	0.458
9	0.187
9	0.279
9	0.764
9	0.641
9	0.511
9	0.497
9	0.762
9	0.407
9	0.419
9	0.498
9	0.664
9	0.557
9	0.275
9	0.329
9	0.537
9	0.714
9	0.353
9	0.424
9	0.284
9	0.676
9	0.504
9	0.527
9	0.812
9	0.717
9	0.849
9	0.508
9	0.623
9	0.652
9	0.966
9	0.491
9	0.514
9	0.013
9	0.880
9	0.703
9	0.520
9	0.636
9	0.660
9	0.409
9	0.375
9	0.316
9	0.491
10	0.635
10	0.435
10	0.587
10	0.435
10	0.871
10	0.371
10	0.494
10	0.601
10	0.622
10	0.340
10	0.714
10	0.316
10	0.490
10	0.571
10	0.401
10	0.426
10	0.725
10	0.531
10	0.470
10	0.584
10	0.602
10	0.676
10	0.286
10	0.613
10	0.586
10	0.474
10	0.417
10	0.667
10	0.788
10	0.512
10	0.382
10	0.361
10	0.464
10	0.771
10	0.323
10	0.479
10	0.508
10	0.402
10	0.446
10	0.538
10	0.531
10	0.398
10	0.789
10	0.723
10	0.486
10	0.631
10	0.417
10	0.651
10	0.568
10	0.453
10	0.502
10	0.569
10	0.483
10	0.649
10	0.614
10	0.368
10	0.802
10	0.626
10	0.316
10	0.696
10	0.230
10	0.390
10	0.148
10	0.748
10	0.760
10	0.333
10	0.674
10	0.733
10	0.544
10	0.428
10	0.340
10	0.438
10	0.494
10	0.612
10	0.475
10	0.534
10	0.381
10	0.681
10	0.510
10	0.607
10	0.527
10	0.501
10	0.374
10	0.351
10	0.470
10	0.788
10	0.444
10	0.512
10	0.365
10	0.810
10	0.456
10	0.479
10	0.767
10	0.607
10	0.521
10	0.527
10	0.541
10	0.852
10	0.391
10	0.417
11	0.524
11	0.736
11	0.533
11	0.692
11	0.589
11	0.639
11	0.561
11	0.578
11	0.551
11	0.630
11	0.624
11	0.220
11	0.665
11	0.789
11	0.301
11	0.664
11	0.365
11	0.332
11	0.647
11	0.846
11	0.855
11	0.535
11	0.791
11	0.747
11	0.400
11	0.669
11	0.645
11	0.383
11	0.644
11	0.740
11	0.596
11	0.290
11	0.538
11	0.601
11	0.539
11	0.841
11	0.686
11	0.601
11	0.631
11	0.561
11	0.628
11	0.650
11	0.275
11	0.483
11	0.503
11	0.850
11	0.669
11	0.619
11	0.522
11	0.207
11	0.523
11	0.570
11	0.395
11	0.450
11	0.762
11	0.711
11	0.519
11	0.586
11	0.485
11	0.648
11	0.657
11	0.910
11	0.648
11	0.699
11	0.557
11	0.706
11	0.483
11	0.524
11	0.745
11	0.540
11	0.548
11	0.680
11	0.661
11	0.621
11	0.661
11	0.371
11	0.720
11	0.538
11	0.419
11	0.251
11	0.790
11	0.359
11	0.498
11	0.215
11	0.616
11	0.599
11	0.425
11	0.559
11	0.513
11	0.529
11	0.591
11	0.497
11	0.806
11	0.736
11	0.476
11	0.614
11	0.663
11	0.608
11	0.637
11	0.509
12	0.518
12	0.500
12	0.725
12	0.629
12	0.620
12	0.656
12	0.654
12	0.662
12	0.672
12	0.835
12	0.298
12	0.827
12	0.845
12	0.623
12	0.841
12	0.667
12	0.769
12	0.628
12	0.317
12	0.792
12	0.684
12	0.367
12	0.638
12	0.761
12	0.472
12	0.758
12	0.652
12	0.573
12	0.362
12	0.470
12	0.716
12	0.658
12	0.741
12	0.435
12	0.515
12	0.576
12	0.656
12	0.663
12	0.530
12	0.727
12	0.550
12	0.644
12	0.566
12	0.642
12	0.589
12	0.426
12	0.554
12	0.563
12	0.422
12	0.478
12	0.852
12	0.453
12	0.634
12	0.730
12	0.512
12	0.634
12	0.775
12	0.594
12	0.322
12	0.302
12	0.560
12	0.868
12	0.744
12	0.628
12	0.464
12	0.468
12	0.399
12	0.518
12	0.527
12	0.474
12	0.615
12	0.673
12	0.513
12	0.559
12	0.406
12	0.610
12	0.580
12	0.736
12	0.792
12	0.539
12	0.833
12	0.283
12	0.457
12	0.462
12	0.501
12	0.323
12	0.491
12	0.407
12	0.560
12	0.417
12	0.418
12	0.350
12	0.433
12	0.492
12	0.583
12	0.584
12	0.451
12	0.317
12	0.541
12	0.619
13	0.768
13	0.552
13	0.387
13	0.738
13	0.667
13	0.789
13	0.741
13	0.871
13	0.333
13	0.466
13	0.839
13	0.526
13	0.807
13	0.740
13	0.651
13	0.677
13	0.679
13	0.312
13	0.600
13	0.722
13	0.488
13	0.702
13	0.668
13	0.515
13	0.627
13	0.813
13	0.762
13	0.349
13	0.367
13	0.457
13	0.657
13	0.492
13	0.662
13	0.523
13	0.508
13	0.560
13	0.574
13	0.874
13	0.381
13	0.460
13	0.484
13	0.499
13	0.777
13	0.574
13	0.804
13	0.523
13	0.778
13	0.541
13	0.552
13	0.686
13	0.735
13	0.766
13	0.377
13	0.550
13	0.600
13	0.570
13	0.663
13	0.705
13	0.424
13	0.633
13	0.630
13	0.642
13	0.761
13	0.642
13	0.506
13	0.562
13	0.567
13	0.846
13	0.631
13	0.529
13	0.499
13	0.643
13	0.664
13	0.682
13	0.716
13	0.599
13	0.609
13	0.509
13	0.735
13	0.615
13	0.769
13	0.620
13	0.443
13	0.708
13	0.673
13	0.512
13	0.638
13	0.516
13	0.710
13	0.643
13	0.598
13	0.674
13	0.530
13	0.652
13	0.824
13	0.445
13	0.336
13	0.425
13	0.557
13	0.572
14	0.670
14	0.496
14	0.748
14	0.392
14	0.570
14	0.573
14	0.662
14	0.731
14	0.421
14	0.800
14	0.571
14	0.466
14	0.534
14	0.707
14	0.583
14	0.491
14	0.291
14	0.553
14	0.457
14	0.810
14	0.834
14	0.798
14	0.626
14	0.633
14	0.808
14	0.703
14	0.791
14	0.799
14	0.744
14	0.575
14	0.644
14	0.687
14	0.602
14	0.648
14	0.827
14	0.511
14	0.567
14	0.582
14	0.485
14	0.582
14	0.474
14	0.734
14	0.716
14	0.449
14	0.842
14	0.582
14	0.520
14	0.889
14	0.586
14	0.604
14	0.675
14	0.778
14	0.493
14	0.530
14	0.735
14	0.517
14	0.769
14	0.541
14	0.774
14	0.511
14	0.843
14	0.473
14	0.826
14	0.490
14	0.695
14	0.636
14	0.790
14	0.746
14	0.543
14	0.540
14	0.697
14	0.667
14	0.756
14	0.579
14	0.695
14	0.687
14	0.606
14	0.744
14	0.659
14	0.563
14	0.300
14	0.804
14	0.563
14	0.505
14	0.438
14	0.437
14	0.501
14	0.559
14	0.645
14	0.662
14	0.484
14	0.772
14	0.585
14	0.556
14	0.717
14	0.599
14	0.848
14	0.708
14	0.435
14	0.768
15	0.555
15	0.767
15	0.788
15	0.757
15	0.609
15	0.701
15	0.747
15	0.524
15	0.735
15	0.514
15	0.705
15	0.542
15	0.619
15	0.403
15	0.399
15	0.752
15	0.545
15	0.727
15	0.613
15	0.695
15	0.418
15	0.814
15	0.592
15	0.425
15	0.640
15	0.643
15	0.938
15	0.711
15	0.773
15	0.841
15	0.565
15	0.234
15	0.600
15	0.393
15	0.658
15	0.602
15	0.681
15	0.576
15	0.590
15	0.523
15	0.624
15	0.724
15	0.508
15	0.762
15	0.661
15	0.708
15	0.726
15	0.842
15	0.543
15	0.723
15	0.824
15	0.578
15	0.760
15	0.667
15	0.669
15	0.483
15	0.514
15	0.795
15	0.682
15	0.640
15	0.602
15	0.550
15	0.756
15	0.665
15	0.762
15	0.746
15	0.691
15	0.549
15	0.513
15	0.561
15	0.561
15	0.430
15	0.702
15	0.647
15	0.618
15	0.756
15	0.654
15	0.871
15	0.693
15	0.798
15	0.632
15	0.765
15	0.583
15	0.812
15	0.520
15	0.619
15	0.525
15	0.542
15	0.740
15	0.706
15	0.840
15	0.608
15	0.480
15	0.731
15	0.672
15	0.782
15	0.764
15	0.777
15	0.565
15	0.734
16	0.621
16	0.654
16	0.708
16	0.600
16	0.445
16	0.507
16	0.798
16	0.746
16	0.851
16	0.766
16	0.755
16	0.648
16	0.731
16	0.407
16	0.787
16	0.857
16	0.681
16	0.691
16	0.665
16	0.470
16	0.508
16	0.651
16	0.810
16	0.760
16	0.637
16	0.680
16	0.565
16	0.540
16	0.570
16	0.625
16	0.800
16	0.593
16	0.436
16	0.538
16	0.781
16	0.804
16	0.795
16	0.518
16	0.678
16	0.660
16	0.738
16	0.587
16	0.814
16	0.705
16	0.662
16	0.529
16	0.510
16	0.631
16	0.646
16	0.327
16	0.764
16	0.486
16	0.701
16	0.672
16	0.477
16	0.693
16	0.661
16	0.681
16	0.499
16	0.615
16	0.758
16	0.762
16	0.769
16	0.681
16	0.575
16	0.841
16	0.695
16	0.707
16	0.323
16	0.680
16	0.699
16	0.498
16	0.753
16	0.580
16	0.914
16	0.812
16	0.550
16	0.770
16	0.739
16	0.781
16	0.626
16	0.640
16	0.496
16	0.571
16	0.530
16	0.605
16	0.406
16	0.852
16	0.597
16	0.744
16	0.570
16	0.801
16	0.658
16	0.809
16	0.674
16	0.783
16	0.870
16	0.558
16	0.664
16	0.583
17	0.923
17	0.654
17	0.720
17	0.695
17	0.516
17	0.665
17	0.784
17	0.582
17	0.692
17	0.698
17	0.751
17	0.813
17	0.712
17	0.564
17	0.475
17	0.651
17	0.432
17	0.878
17	0.582
17	0.760
17	0.702
17	0.822
17	0.662
17	0.736
17	0.412
17	0.640
17	0.713
17	0.761
17	0.771
17	0.553
17	0.737
17	0.616
17	0.551
17	0.605
17	0.501
17	0.780
17	0.532
17	0.640
17	0.721
17	0.808
17	0.737
17	0.702
17	0.724
17	0.690
17	0.533
17	0.757
17	0.684
17	0.745
17	0.832
17	0.587
17	0.799
17	0.487
17	0.812
17	0.774
17	0.532
17	0.893
17	0.572
17	0.561
17	0.813
17	0.365
17	0.757
17	0.708
17	0.756
17	0.727
17	0.474
17	0.581
17	0.700
17	0.545
17	0.893
17	0.414
17	0.724
17	0.854
17	0.679
17	0.603
17	0.522
17	0.563
17	0.734
17	0.721
17	0.733
17	0.656
17	0.695
17	0.848
17	0.735
17	0.710
17	0.670
17	0.941
17	0.670
17	0.602
17	0.664
17	0.699
17	0.668
17	0.669
17	0.752
17	0.716
17	0.729
17	0.630
17	0.626
17	0.685
17	0.604
17	0.592
18	0.779
18	0.639
18	0.766
18	0.590
18	0.803
18	0.624
18	0.484
18	0.718
18	0.552
18	0.721
18	0.427
18	0.617
18	0.600
18	0.726
18	0.451
18	0.556
18	0.757
18	0.566
18	0.810
18	0.681
18	0.525
18	0.656
18	0.607
18	0.727
18	0.771
18	0.573
18	0.835
18	0.311
18	0.759
18	0.723
18	0.747
18	0.550
18	0.694
18	0.768
18	0.707
18	0.421
18	0.711
18	0.680
18	0.746
18	0.668
18	0.580
18	0.313
18	0.662
18	0.741
18	0.458
18	0.741
18	0.640
18	0.875
18	0.620
18	0.865
18	0.724
18	0.742
18	0.823
18	0.682
18	0.769
18	0.706
18	0.669
18	0.605
18	0.770
18	0.554
18	0.666
18	0.555
18	0.738
18	0.840
18	0.634
18	0.726
18	0.567
18	0.532
18	0.613
18	0.743
18	0.568
18	0.640
18	0.408
18	0.791
18	0.746
18	0.474
18	0.712
18	0.792
18	0.960
18	0.702
18	0.591
18	0.848
18	0.637
18	0.771
18	0.660
18	0.638
18	0.556
18	0.633
18	0.649
18	0.876
18	0.645
18	0.850
18	0.640
18	0.593
18	0.583
18	0.577
18	0.771
18	0.818
18	0.790
18	0.552
19	0.564
19	0.782
19	0.754
19	0.653
19	0.819
19	0.556
19	0.803
19	0.773
19	0.839
19	0.798
19	0.671
19	0.680
19	0.821
19	0.481
19	0.727
19	0.828
19	0.541
19	0.533
19	0.810
19	0.800
19	0.638
19	0.617
19	0.640
19	0.559
19	0.732
19	0.459
19	0.692
19	0.638
19	0.893
19	0.712
19	0.675
19	0.900
19	0.645
19	0.740
19	0.730
19	0.793
19	0.649
19	0.859
19	0.589
19	0.670
19	0.835
19	0.696
19	0.647
19	0.734
19	0.691
19	0.834
19	0.735
19	0.893
19	0.633
19	0.785
19	0.616
19	0.767
19	0.656
19	0.606
19	0.832
19	0.553
19	0.924
19	0.646
19	0.701
19	0.748
19	0.674
19	0.767
19	0.596
19	0.507
19	0.565
19	0.630
19	0.815
19	0.676
19	0.775
19	0.669
19	0.750
19	0.798
19	0.550
19	0.701
19	0.431
19	0.571
19	0.775
19	0.719
19	0.428
19	0.723
19	0.758
19	0.644
19	0.623
19	0.770
19	0.656
19	0.771
19	0.747
19	0.819
19	0.602
19	0.622
19	0.699
19	0.669
19	0.458
19	0.705
19	0.641
19	0.586
19	0.655
19	0.833
19	0.748
19	0.738
20	0.739
20	0.612
20	0.603
20	0.765
20	0.774
20	0.738
20	0.515
20	0.673
20	0.691
20	0.735
20	0.786
20	0.713
20	0.562
20	0.662
20	0.766
20	0.614
20	0.848
20	0.831
20	0.562
20	0.831
20	0.785
20	0.784
20	0.864
20	0.727
20	0.618
20	0.704
20	0.700
20	0.695
20	0.446
20	0.729
20	0.657
20	0.768
20	0.463
20	0.773
20	0.658
20	0.814
20	0.681
20	0.868
20	0.556
20	0.658
20	0.707
20	0.717
20	0.651
20	0.735
20	0.782
20	0.600
20	0.556
20	0.477
20	0.688
20	0.582
20	0.771
20	0.599
20	0.729
20	0.909
20	0.735
20	0.664
20	0.601
20	0.579
20	0.536
20	0.757
20	0.649
20	0.741
20	0.769
20	0.768
20	0.925
20	0.754
20	0.514
20	0.642
20	0.667
20	0.664
20	0.707
20	0.790
20	0.412
20	0.745
20	0.601
20	0.726
20	0.786
20	0.561
20	0.521
20	0.824
20	0.833
20	0.612
20	0.766
20	0.620
20	0.669
20	0.626
20	0.619
20	0.785
20	0.686
20	0.852
20	0.577
20	0.555
20	0.616
20	0.610
20	0.867
20	0.719
20	0.800
20	0.743
20	0.694
20	0.561
21	0.681
21	0.523
21	0.681
21	0.616
21	0.766
21	0.564
21	0.687
21	0.732
21	0.530
21	0.774
21	0.632
21	0.649
21	0.825
21	0.699
21	0.845
21	0.604
21	0.772
21	0.596
21	0.712
21	0.854
21	0.903
21	0.787
21	0.787
21	0.717
21	0.596
21	0.664
21	0.873
21	0.776
21	0.866
21	0.789
21	0.660
21	0.578
21	0.680
21	0.816
21	0.553
21	0.932
21	0.690
21	0.730
21	0.581
21	0.618
21	0.821
21	0.680
21	0.625
21	0.721
21	0.800
21	0.783
21	0.732
21	0.725
21	0.649
21	0.733
21	0.693
21	0.681
21	0.710
21	0.835
21	0.643
21	0.596
21	0.543
21	0.671
21	0.782
21	0.700
21	0.751
21	0.843
21	0.716
21	0.649
21	0.588
21	0.704
21	0.809
21	0.803
21	0.613
21	0.758
21	0.889
21	0.848
21	0.451
21	0.540
21	0.709
21	0.681
21	0.797
21	0.647
21	0.760
21	0.759
21	0.708
21	0.787
21	0.650
21	0.786
21	0.788
21	0.724
21	0.750
21	0.727
21	0.711
21	0.534
21	0.763
21	0.650
21	0.783
21	0.816
21	0.705
21	0.679
21	0.583
21	0.791
21	0.684
21	0.637
22	0.609
22	0.821
22	0.629
22	0.866
22	0.687
22	0.771
22	0.688
22	0.608
22	0.810
22	0.771
22	0.895
22	0.590
22	0.575
22	0.719
22	0.721
22	0.627
22	0.770
22	0.698
22	0.801
22	0.669
22	0.714
22	0.630
22	0.775
22	0.797
22	0.588
22	0.741
22	0.575
22	0.782
22	0.743
22	0.729
22	0.829
22	0.725
22	0.835
22	0.880
22	0.931
22	0.659
22	0.682
22	0.664
22	0.807
22	0.892
22	0.653
22	0.653
22	0.766
22	0.726
22	0.794
22	0.895
22	0.501
22	0.837
22	0.490
22	0.640
22	0.564
22	0.645
22	0.616
22	0.662
22	0.780
22	0.772
22	0.749
22	0.811
22	0.665
22	0.746
22	0.650
22	0.622
22	0.834
22	0.597
22	0.728
22	0.780
22	0.781
22	0.690
22	0.813
22	0.716
22	0.697
22	0.725
22	0.697
22	0.635
22	0.693
22	0.640
22	0.674
22	0.710
22	0.614
22	0.794
22	0.698
22	0.664
22	0.800
22	0.711
22	0.625
22	0.683
22	0.880
22	0.633
22	0.781
22	0.733
22	0.730
22	0.698
22	0.643
22	0.797
22	0.783
22	0.750
22	0.744
22	0.854
22	0.634
22	0.943
23	0.698
23	0.803
23	0.498
23	0.766
23	0.679
23	0.702
23	0.821
23	0.836
23	0.821
23	0.682
23	0.786
23	0.861
23	0.851
23	0.762
23	0.513
23	0.682
23	0.685
23	0.800
23	0.529
23	0.752
23	0.750
23	0.758
23	0.783
23	0.854
23	0.780
23	0.774
23	0.707
23	0.930
23	0.683
23	0.616
23	0.802
23	0.857
23	0.669
23	0.823
23	0.751
23	0.808
23	0.737
23	0.716
23	0.799
23	0.467
23	0.796
23	0.593
23	0.796
23	0.775
23	0.804
23	0.710
23	0.776
23	0.636
23	0.900
23	0.502
23	0.740
23	0.767
23	0.768
23	0.554
23	0.765
23	0.787
23	0.627
23	0.668
23	0.663
23	0.653
23	0.898
23	0.795
23	0.742
23	0.689
23	0.799
23	0.690
23	0.798
23	0.705
23	0.781
23	0.579
23	0.760
23	0.813
23	0.766
23	0.628
23	0.859
23	0.703
23	0.767
23	0.849
23	0.750
23	0.776
23	0.840
23	0.663
23	0.681
23	0.880
23	0.742
23	0.739
23	0.700
23	0.575
23	0.622
23	0.773
23	0.756
23	0.812
23	0.766
23	0.675
23	0.720
23	0.785
23	0.731
23	0.785
23	0.738
23	0.775
24	0.839
24	0.712
24	0.779
24	0.789
24	0.649
24	0.814
24	0.838
24	0.763
24	0.689
24	0.753
24	0.814
24	0.727
24	0.843
24	0.625
24	0.861
24	0.836
24	0.657
24	0.956
24	0.781
24	0.787
24	0.731
24	0.747
24	0.766
24	0.772
24	0.660
24	0.897
24	0.639
24	0.844
24	0.653
24	0.709
24	0.753
24	0.535
24	0.704
24	0.739
24	0.788
24	0.857
24	0.746
24	0.840
24	0.779
24	0.750
24	0.701
24	0.848
24	0.452
24	0.655
24	0.573
24	0.659
24	0.763
24	0.740
24	0.821
24	0.781
24	0.681
24	0.582
24	0.791
24	0.496
24	0.728
24	0.745
24	0.914
24	0.796
24	0.803
24	0.640
24	0.802
24	0.755
24	0.721
24	0.651
24	0.717
24	0.802
24	0.684
24	0.728
24	0.685
24	0.715
24	0.755
24	0.846
24	0.661
24	0.813
24	0.815
24	0.709
24	0.792
24	0.735
24	0.891
24	0.822
24	0.803
24	0.882
24	0.722
24	0.711
24	0.845
24	0.701
24	0.793
24	0.885
24	0.707
24	0.660
24	0.682
24	0.711
24	0.873
24	0.787
24	0.851
24	0.707
24	0.687
24	0.786
24	0.616
24	0.941
25	0.835
25	0.920
25	0.708
25	0.649
25	0.663
25	0.887
25	0.758
25	0.634
25	0.655
25	0.762
25	0.611
25	0.654
25	0.696
25	0.897
25	0.811
25	0.779
25	0.672
25	0.723
25	0.699
25	0.700
25	0.750
25	0.657
25	0.781
25	0.769
25	0.774
25	0.757
25	0.619
25	0.655
25	0.751
25	0.798
25	0.754
25	0.793
25	0.703
25	0.733
25	0.732
25	0.835
25	0.800
25	0.760
25	0.789
25	0.892
25	0.652
25	0.758
25	0.780
25	0.713
25	0.662
25	0.706
25	0.681
25	0.763
25	0.733
25	0.771
25	0.876
25	0.798
25	0.656
25	0.791
25	0.689
25	0.784
25	0.724
25	0.901
25	0.756
25	0.609
25	0.770
25	0.698
25	0.573
25	0.727
25	0.712
25	0.722
25	0.679
25	0.746
25	0.676
25	0.622
25	0.660
25	0.510
25	0.765
25	0.810
25	0.852
25	0.869
25	0.680
25	0.611
25	0.708
25	0.819
25	0.793
25	0.762
25	0.768
25	0.801
25	0.720
25	0.750
25	0.811
25	0.691
25	0.866
25	0.747
25	0.769
25	0.753
25	0.811
25	0.691
25	0.672
25	0.757
25	0.743
25	0.814
25	0.731
25	0.683
26	0.588
26	0.656
26	0.701
26	0.884
26	0.866
26	0.741
26	0.765
26	0.886
26	0.716
26	0.776
26	0.773
26	0.886
26	0.840
26	0.757
26	0.590
26	0.712
26	0.662
26	0.773
26	0.753
26	0.787
26	0.743
26	0.821
26	0.818
26	0.640
26	0.747
26	0.751
26	0.671
26	0.625
26	0.682
26	0.787
26	0.788
26	0.762
26	0.607
26	0.828
26	0.684
26	0.765
26	0.702
26	0.565
26	0.580
26	0.815
26	0.719
26	0.761
26	0.833
26	0.728
26	0.844
26	0.877
26	0.840
26	0.610
26	0.692
26	0.810
26	0.650
26	0.770
26	0.784
26	0.662
26	0.903
26	0.489
26	0.700
26	0.877
26	0.810
26	0.627
26	0.698
26	0.759
26	0.646
26	0.744
26	0.615
26	0.850
26	0.690
26	0.903
26	0.744
26	0.850
26	0.733
26	0.818
26	0.844
26	0.709
26	0.786
26	0.811
26	0.809
26	0.860
26	0.716
26	0.831
26	0.746
26	0.830
26	0.639
26	0.652
26	0.759
26	0.829
26	0.776
26	0.780
26	0.692
26	0.771
26	0.895
26	0.818
26	0.777
26	0.888
26	0.640
26	0.662
26	0.786
26	0.827
26	0.801
26	0.702
27	0.871
27	0.835
27	0.758
27	0.880
27	0.786
27	0.728
27	0.709
27	0.653
27	0.775
27	0.800
27	0.698
27	0.743
27	0.823
27	0.905
27	0.764
27	0.841
27	0.719
27	0.596
27	0.772
27	0.757
27	0.805
27	0.706
27	0.761
27	0.813
27	0.662
27	0.696
27	0.771
27	0.667
27	0.904
27	0.758
27	0.822
27	0.701
27	0.693
27	0.755
27	0.688
27	0.736
27	0.801
27	0.844
27	0.923
27	0.659
27	0.771
27	0.728
27	0.793
27	0.719
27	0.907
27	0.845
27	0.772
27	0.595
27	0.795
27	0.721
27	0.834
27	0.705
27	0.756
27	0.739
27	0.651
27	0.665
27	0.701
27	0.493
27	0.815
27	0.794
27	0.859
27	0.896
27	0.707
27	0.670
27	0.729
27	0.699
27	0.788
27	0.801
27	0.748
27	0.800
27	0.880
27	0.732
27	0.694
27	0.770
27	0.809
27	0.929
27	0.705
27	0.797
27	0.759
27	0.729
27	0.676
27	0.620
27	0.711
27	0.720
27	0.718
27	0.678
27	0.718
27	0.838
27	0.658
27	0.827
27	0.780
27	0.704
27	0.874
27	0.786
27	0.832
27	0.787
27	0.730
27	0.724
27	0.929
27	0.788
28	0.801
28	0.772
28	0.785
28	0.754
28	0.721
28	0.818
28	0.680
28	0.641
28	0.602
28	0.864
28	0.666
28	0.812
28	0.742
28	0.596
28	0.678
28	0.742
28	0.743
28	0.799
28	0.881
28	0.747
28	0.846
28	0.636
28	0.672
28	0.847
28	0.880
28	0.611
28	0.770
28	0.753
28	0.670
28	0.767
28	0.658
28	0.766
28	0.684
28	0.809
28	0.908
28	0.754
28	0.700
28	0.633
28	0.698
28	0.774
28	0.855
28	0.816
28	0.698
28	0.670
28	0.784
28	0.755
28	0.773
28	0.853
28	0.721
28	0.843
28	0.667
28	0.902
28	0.779
28	0.871
28	0.655
28	0.796
28	0.752
28	0.840
28	0.873
28	0.671
28	0.566
28	0.730
28	0.649
28	0.718
28	0.867
28	0.624
28	0.729
28	0.852
28	0.829
28	0.816
28	0.678
28	0.788
28	0.834
28	0.607
28	0.876
28	0.756
28	0.713
28	0.813
28	0.801
28	0.659
28	0.609
28	0.596
28	0.751
28	0.759
28	0.644
28	0.795
28	0.730
28	0.632
28	0.781
28	0.630
28	0.700
28	0.744
28	0.913
28	0.706
28	0.729
28	0.738
28	0.757
28	0.732
28	0.786
28	0.919
29	0.708
29	0.714
29	0.869
29	0.768
29	0.738
29	0.871
29	0.872
29	0.776
29	0.714
29	0.670
29	0.797
29	0.833
29	0.805
29	0.857
29	0.649
29	0.623
29	0.829
29	0.678
29	0.671
29	0.690
29	0.799
29	0.711
29	0.868
29	0.913
29	0.655
29	0.735
29	0.651
29	0.802
29	0.809
29	0.811
29	0.848
29	0.826
29	0.786
29	0.766
29	0.782
29	0.712
29	0.752
29	0.884
29	0.758
29	0.873
29	0.622
29	0.700
29	0.796
29	0.685
29	0.821
29	0.766
29	0.732
29	0.793
29	0.834
29	0.632
29	0.756
29	0.884
29	0.809
29	0.495
29	0.913
29	0.744
29	0.837
29	0.773
29	0.783
29	0.798
29	0.710
29	0.737
29	0.841
29	0.824
29	0.694
29	0.847
29	0.781
29	0.813
29	0.891
29	0.783
29	0.824
29	0.701
29	0.637
29	0.667
29	0.872
29	0.764
29	0.880
29	0.868
29	0.676
29	0.769
29	0.720
29	0.825
29	0.674
29	0.883
29	0.897
29	0.860
29	0.700
29	0.696
29	0.842
29	0.833
29	0.739
29	0.707
29	0.762
29	0.727
29	0.778
29	0.798
29	0.649
29	0.767
29	0.852
29	0.671
30	0.859
30	0.755
30	0.906
30	0.788
30	0.742
30	0.785
30	0.756
30	0.698
30	0.820
30	0.643
30	0.671
30	0.773
30	0.855
30	0.832
30	0.842
30	0.722
30	0.793
30	0.823
30	0.704
30	0.796
30	0.682
30	0.511
30	0.769
30	0.913
30	0.682
30	0.726
30	0.750
30	0.813
30	0.696
30	0.801
30	0.768
30	0.815
30	0.858
30	0.859
30	0.860
30	0.742
30	0.834
30	0.739
30	0.742
30	0.853
30	0.851
30	0.748
30	0.756
30	0.762
30	0.738
30	0.686
30	0.767
30	0.887
30	0.781
30	0.762
30	0.853
30	0.790
30	0.801
30	0.827
30	0.799
30	0.735
30	0.777
30	0.861
30	0.658
30	0.821
30	0.817
30	0.832
30	0.797
30	0.820
30	0.758
30	0.804
30	0.752
30	0.712
30	0.684
30	0.688
30	0.779
30	0.773
30	0.833
30	0.810
30	0.767
30	0.817
30	0.773
30	0.686
30	0.866
30	0.738
30	0.704
30	0.812
30	0.638
30	0.849
30	0.844
30	0.755
30	0.901
30	0.675
30	0.867
30	0.813
30	0.923
30	0.806
30	0.719
30	0.822
30	0.731
30	0.859
30	0.655
30	0.772
30	0.680
30	0.887
