1	0.000
1	0.000
1	0.000
1	0.000
1	0.000
1	0.868
1	0.000
1	0.045
1	0.000
1	0.000
1	0.000
1	0.000
1	0.000
1	0.000
1	0.000
1	0.000
1	0.000
1	0.000
1	0.000
1	0.000
1	0.000
1	0.000
1	0.090
1	0.042
1	0.000
1	0.000
1	0.000
1	0.000
1	0.062
1	0.019
1	0.000
1	0.527
1	0.000
1	0.000
1	0.000
1	0.000
1	1.000
1	0.000
1	0.000
1	0.000
1	0.025
1	0.000
1	0.000
1	0.000
1	0.247
1	0.033
1	0.000
1	0.000
1	0.000
1	0.044
1	1.000
1	0.000
1	0.000
1	0.000
1	0.000
1	0.000
1	0.122
1	0.000
1	0.000
1	0.000
1	0.000
1	0.000
1	0.146
1	0.028
1	0.000
1	0.000
1	0.000
1	0.000
1	0.000
1	0.513
1	0.000
1	0.000
1	0.000
1	0.000
1	0.781
1	1.000
1	0.000
1	0.000
1	0.000
1	0.000
1	0.000
1	0.000
1	0.000
1	0.000
1	0.000
1	0.000
1	0.000
1	0.000
1	0.000
1	0.000
1	0.000
1	0.000
1	0.000
1	0.000
1	0.000
1	0.000
1	0.000
1	0.000
1	0.000
1	0.000
2	0.022
2	0.000
2	0.000
2	0.001
2	0.108
2	0.000
2	0.000
2	0.000
2	0.998
2	0.000
2	0.000
2	0.000
2	0.000
2	0.002
2	0.000
2	0.000
2	0.011
2	0.000
2	0.000
2	0.095
2	0.000
2	0.000
2	0.032
2	0.000
2	0.000
2	0.027
2	0.000
2	0.000
2	0.073
2	0.000
2	0.089
2	0.000
2	0.001
2	0.000
2	0.000
2	0.000
2	0.000
2	0.000
2	0.000
2	0.000
2	0.023
2	0.000
2	0.491
2	0.000
2	0.800
2	0.000
2	0.021
2	0.000
2	0.270
2	0.000
2	0.000
2	0.000
2	0.507
2	0.010
2	0.475
2	0.002
2	0.000
2	0.000
2	0.095
2	0.034
2	0.000
2	0.016
2	0.000
2	0.000
2	0.000
2	0.114
2	0.000
2	0.000
2	0.000
2	0.000
2	0.000
2	0.009
2	0.002
2	0.343
2	0.089
2	0.000
2	0.004
2	0.009
2	0.036
2	0.000
2	0.000
2	0.000
2	0.000
2	0.000
2	0.825
2	0.001
2	0.000
2	0.556
2	0.000
2	0.024
2	0.000
2	0.000
2	0.056
2	0.000
2	0.000
2	0.486
2	0.000
2	0.000
2	0.106
2	0.000
3	0.009
3	0.000
3	0.001
3	0.000
3	0.000
3	0.076
3	0.035
3	0.015
3	0.215
3	0.025
3	0.001
3	0.304
3	0.259
3	0.015
3	0.031
3	0.011
3	0.438
3	0.019
3	0.063
3	0.323
3	0.033
3	0.295
3	0.000
3	0.000
3	0.000
3	0.031
3	0.643
3	0.375
3	0.001
3	0.400
3	0.442
3	0.003
3	0.003
3	0.000
3	0.003
3	0.001
3	0.346
3	0.000
3	0.000
3	0.017
3	0.028
3	0.000
3	0.568
3	0.019
3	0.009
3	0.069
3	0.000
3	0.000
3	0.176
3	0.613
3	0.000
3	0.001
3	0.000
3	0.862
3	0.000
3	0.000
3	0.026
3	0.354
3	0.000
3	0.020
3	0.033
3	0.699
3	0.015
3	0.004
3	0.000
3	0.000
3	0.319
3	0.058
3	0.003
3	0.002
3	0.023
3	0.061
3	0.016
3	0.271
3	0.000
3	0.013
3	0.000
3	0.393
3	0.279
3	0.000
3	0.001
3	0.687
3	0.002
3	0.083
3	0.002
3	0.542
3	0.163
3	0.000
3	0.166
3	0.002
3	0.002
3	0.000
3	0.003
3	0.087
3	0.000
3	0.000
3	0.104
3	0.000
3	0.000
3	0.021
4	0.310
4	0.001
4	0.012
4	0.003
4	0.006
4	0.178
4	0.000
4	0.106
4	0.089
4	0.001
4	0.003
4	0.062
4	0.017
4	0.025
4	0.038
4	0.336
4	0.000
4	0.001
4	0.002
4	0.003
4	0.047
4	0.221
4	0.004
4	0.508
4	0.219
4	0.006
4	0.029
4	0.003
4	0.021
4	0.061
4	0.011
4	0.017
4	0.000
4	0.046
4	0.477
4	0.015
4	0.009
4	0.000
4	0.171
4	0.252
4	0.001
4	0.285
4	0.418
4	0.001
4	0.055
4	0.217
4	0.000
4	0.352
4	0.246
4	0.000
4	0.223
4	0.475
4	0.013
4	0.336
4	0.020
4	0.435
4	0.282
4	0.007
4	0.505
4	0.001
4	0.473
4	0.007
4	0.001
4	0.012
4	0.007
4	0.019
4	0.000
4	0.104
4	0.056
4	0.499
4	0.004
4	0.536
4	0.001
4	0.001
4	0.055
4	0.036
4	0.001
4	0.009
4	0.000
4	0.492
4	0.001
4	0.499
4	0.009
4	0.016
4	0.000
4	0.002
4	0.484
4	0.003
4	0.001
4	0.078
4	0.229
4	0.432
4	0.056
4	0.025
4	0.002
4	0.031
4	0.109
4	0.013
4	0.188
4	0.000
5	0.013
5	0.045
5	0.037
5	0.132
5	0.005
5	0.015
5	0.287
5	0.026
5	0.003
5	0.233
5	0.246
5	0.153
5	0.085
5	0.431
5	0.001
5	0.431
5	0.335
5	0.024
5	0.016
5	0.021
5	0.257
5	0.012
5	0.396
5	0.166
5	0.065
5	0.141
5	0.464
5	0.172
5	0.144
5	0.002
5	0.327
5	0.166
5	0.000
5	0.173
5	0.000
5	0.135
5	0.059
5	0.022
5	0.408
5	0.171
5	0.023
5	0.006
5	0.245
5	0.424
5	0.175
5	0.165
5	0.002
5	0.001
5	0.015
5	0.011
5	0.008
5	0.296
5	0.001
5	0.582
5	0.601
5	0.009
5	0.014
5	0.373
5	0.181
5	0.422
5	0.009
5	0.020
5	0.014
5	0.000
5	0.218
5	0.000
5	0.270
5	0.001
5	0.000
5	0.117
5	0.169
5	0.007
5	0.001
5	0.003
5	0.013
5	0.598
5	0.001
5	0.210
5	0.015
5	0.236
5	0.232
5	0.001
5	0.023
5	0.159
5	0.000
5	0.001
5	0.000
5	0.009
5	0.610
5	0.009
5	0.154
5	0.178
5	0.240
5	0.298
5	0.019
5	0.163
5	0.264
5	0.144
5	0.157
5	0.663
6	0.001
6	0.034
6	0.322
6	0.009
6	0.565
6	0.120
6	0.002
6	0.316
6	0.193
6	0.000
6	0.002
6	0.039
6	0.279
6	0.073
6	0.640
6	0.019
6	0.096
6	0.632
6	0.001
6	0.508
6	0.164
6	0.276
6	0.117
6	0.039
6	0.062
6	0.007
6	0.200
6	0.042
6	0.007
6	0.425
6	0.084
6	0.002
6	0.428
6	0.001
6	0.065
6	0.096
6	0.143
6	0.016
6	0.000
6	0.001
6	0.009
6	0.202
6	0.207
6	0.001
6	0.011
6	0.001
6	0.001
6	0.176
6	0.203
6	0.395
6	0.053
6	0.404
6	0.152
6	0.257
6	0.515
6	0.605
6	0.018
6	0.134
6	0.014
6	0.182
6	0.214
6	0.016
6	0.007
6	0.272
6	0.213
6	0.042
6	0.020
6	0.130
6	0.002
6	0.364
6	0.000
6	0.013
6	0.145
6	0.031
6	0.295
6	0.228
6	0.129
6	0.035
6	0.001
6	0.059
6	0.002
6	0.028
6	0.024
6	0.398
6	0.014
6	0.057
6	0.077
6	0.396
6	0.229
6	0.011
6	0.313
6	0.027
6	0.000
6	0.660
6	0.007
6	0.009
6	0.211
6	0.202
6	0.000
6	0.239
7	0.129
7	0.155
7	0.241
7	0.016
7	0.039
7	0.187
7	0.310
7	0.283
7	0.017
7	0.194
7	0.096
7	0.623
7	0.200
7	0.019
7	0.369
7	0.241
7	0.006
7	0.393
7	0.057
7	0.043
7	0.063
7	0.005
7	0.339
7	0.208
7	0.011
7	0.249
7	0.019
7	0.016
7	0.241
7	0.001
7	0.190
7	0.236
7	0.368
7	0.155
7	0.194
7	0.134
7	0.000
7	0.001
7	0.028
7	0.252
7	0.270
7	0.035
7	0.210
7	0.467
7	0.016
7	0.012
7	0.012
7	0.001
7	0.003
7	0.175
7	0.002
7	0.251
7	0.759
7	0.430
7	0.290
7	0.385
7	0.004
7	0.135
7	0.305
7	0.213
7	0.015
7	0.173
7	0.017
7	0.002
7	0.060
7	0.066
7	0.035
7	0.281
7	0.012
7	0.192
7	0.012
7	0.004
7	0.042
7	0.285
7	0.506
7	0.206
7	0.009
7	0.242
7	0.023
7	0.080
7	0.203
7	0.585
7	0.128
7	0.814
7	0.002
7	0.061
7	0.209
7	0.348
7	0.191
7	0.282
7	0.296
7	0.015
7	0.011
7	0.055
7	0.240
7	0.005
7	0.019
7	0.268
7	0.015
7	0.268
8	0.533
8	0.029
8	0.008
8	0.135
8	0.064
8	0.160
8	0.282
8	0.088
8	0.119
8	0.338
8	0.043
8	0.311
8	0.001
8	0.064
8	0.075
8	0.197
8	0.265
8	0.019
8	0.172
8	0.161
8	0.084
8	0.179
8	0.239
8	0.438
8	0.024
8	0.453
8	0.298
8	0.202
8	0.011
8	0.273
8	0.117
8	0.270
8	0.031
8	0.399
8	0.014
8	0.149
8	0.711
8	0.704
8	0.219
8	0.374
8	0.528
8	0.197
8	0.225
8	0.095
8	0.008
8	0.225
8	0.419
8	0.444
8	0.623
8	0.046
8	0.690
8	0.292
8	0.119
8	0.184
8	0.330
8	0.295
8	0.100
8	0.209
8	0.145
8	0.205
8	0.426
8	0.162
8	0.123
8	0.001
8	0.004
8	0.391
8	0.318
8	0.536
8	0.048
8	0.079
8	0.134
8	0.287
8	0.426
8	0.286
8	0.023
8	0.654
8	0.182
8	0.469
8	0.570
8	0.114
8	0.005
8	0.302
8	0.608
8	0.103
8	0.215
8	0.241
8	0.415
8	0.125
8	0.359
8	0.048
8	0.081
8	0.276
8	0.336
8	0.489
8	0.483
8	0.044
8	0.290
8	0.187
8	0.181
8	0.164
9	0.143
9	0.123
9	0.583
9	0.052
9	0.213
9	0.375
9	0.056
9	0.214
9	0.261
9	0.129
9	0.493
9	0.158
9	0.395
9	0.044
9	0.336
9	0.159
9	0.326
9	0.202
9	0.275
9	0.208
9	0.304
9	0.593
9	0.031
9	0.275
9	0.346
9	0.390
9	0.018
9	0.216
9	0.007
9	0.026
9	0.409
9	0.275
9	0.569
9	0.353
9	0.162
9	0.001
9	0.055
9	0.002
9	0.144
9	0.042
9	0.153
9	0.005
9	0.025
9	0.397
9	0.105
9	0.216
9	0.085
9	0.108
9	0.009
9	0.183
9	0.253
9	0.125
9	0.258
9	0.033
9	0.365
9	0.110
9	0.384
9	0.281
9	0.280
9	0.410
9	0.131
9	0.122
9	0.247
9	0.013
9	0.453
9	0.033
9	0.422
9	0.148
9	0.296
9	0.182
9	0.111
9	0.404
9	0.252
9	0.007
9	0.315
9	0.128
9	0.008
9	0.228
9	0.357
9	0.043
9	0.055
9	0.059
9	0.072
9	0.061
9	0.670
9	0.257
9	0.243
9	0.036
9	0.153
9	0.443
9	0.110
9	0.082
9	0.033
9	0.404
9	0.181
9	0.255
9	0.045
9	0.534
9	0.214
9	0.335
10	0.332
10	0.274
10	0.425
10	0.226
10	0.227
10	0.307
10	0.015
10	0.395
10	0.365
10	0.282
10	0.357
10	0.261
10	0.253
10	0.121
10	0.412
10	0.503
10	0.176
10	0.119
10	0.090
10	0.411
10	0.246
10	0.259
10	0.297
10	0.384
10	0.220
10	0.001
10	0.503
10	0.006
10	0.256
10	0.173
10	0.055
10	0.160
10	0.121
10	0.165
10	0.507
10	0.156
10	0.260
10	0.640
10	0.276
10	0.006
10	0.028
10	0.421
10	0.411
10	0.318
10	0.240
10	0.800
10	0.080
10	0.425
10	0.376
10	0.237
10	0.173
10	0.444
10	0.244
10	0.171
10	0.160
10	0.403
10	0.454
10	0.303
10	0.230
10	0.242
10	0.542
10	0.218
10	0.580
10	0.164
10	0.197
10	0.654
10	0.144
10	0.232
10	0.134
10	0.215
10	0.274
10	0.135
10	0.119
10	0.088
10	0.089
10	0.440
10	0.045
10	0.603
10	0.110
10	0.440
10	0.452
10	0.201
10	0.405
10	0.094
10	0.180
10	0.289
10	0.310
10	0.146
10	0.049
10	0.012
10	0.295
10	0.238
10	0.205
10	0.336
10	0.690
10	0.010
10	0.399
10	0.407
10	0.527
10	0.094
11	0.307
11	0.200
11	0.089
11	0.169
11	0.357
11	0.025
11	0.067
11	0.130
11	0.417
11	0.293
11	0.244
11	0.120
11	0.360
11	0.001
11	0.266
11	0.193
11	0.389
11	0.068
11	0.054
11	0.008
11	0.128
11	0.179
11	0.542
11	0.255
11	0.298
11	0.104
11	0.264
11	0.482
11	0.290
11	0.323
11	0.137
11	0.410
11	0.122
11	0.211
11	0.485
11	0.756
11	0.395
11	0.562
11	0.147
11	0.542
11	0.364
11	0.299
11	0.138
11	0.112
11	0.271
11	0.282
11	0.289
11	0.475
11	0.078
11	0.091
11	0.281
11	0.117
11	0.262
11	0.227
11	0.495
11	0.310
11	0.363
11	0.699
11	0.223
11	0.107
11	0.326
11	0.180
11	0.248
11	0.468
11	0.283
11	0.409
11	0.377
11	0.206
11	0.444
11	0.564
11	0.659
11	0.349
11	0.217
11	0.118
11	0.293
11	0.392
11	0.100
11	0.213
11	0.350
11	0.504
11	0.528
11	0.442
11	0.294
11	0.159
11	0.698
11	0.255
11	0.352
11	0.429
11	0.151
11	0.188
11	0.029
11	0.181
11	0.319
11	0.282
11	0.332
11	0.055
11	0.335
11	0.664
11	0.278
11	0.220
12	0.010
12	0.614
12	0.444
12	0.450
12	0.382
12	0.407
12	0.281
12	0.204
12	0.011
12	0.383
12	0.382
12	0.085
12	0.226
12	0.160
12	0.017
12	0.607
12	0.406
12	0.413
12	0.212
12	0.427
12	0.481
12	0.468
12	0.423
12	0.650
12	0.332
12	0.269
12	0.347
12	0.306
12	0.132
12	0.496
12	0.509
12	0.640
12	0.487
12	0.102
12	0.173
12	0.465
12	0.398
12	0.419
12	0.449
12	0.168
12	0.311
12	0.295
12	0.079
12	0.296
12	0.162
12	0.273
12	0.032
12	0.284
12	0.200
12	0.149
12	0.480
12	0.101
12	0.069
12	0.420
12	0.627
12	0.105
12	0.405
12	0.327
12	0.134
12	0.088
12	0.358
12	0.105
12	0.364
12	0.528
12	0.381
12	0.308
12	0.450
12	0.124
12	0.701
12	0.376
12	0.458
12	0.227
12	0.235
12	0.280
12	0.263
12	0.281
12	0.424
12	0.112
12	0.397
12	0.140
12	0.170
12	0.490
12	0.280
12	0.401
12	0.372
12	0.108
12	0.355
12	0.177
12	0.128
12	0.219
12	0.072
12	0.273
12	0.370
12	0.417
12	0.283
12	0.442
12	0.354
12	0.555
12	0.305
12	0.413
13	0.395
13	0.297
13	0.337
13	0.214
13	0.145
13	0.313
13	0.179
13	0.222
13	0.483
13	0.178
13	0.710
13	0.405
13	0.423
13	0.474
13	0.483
13	0.487
13	0.450
13	0.185
13	0.738
13	0.373
13	0.508
13	0.295
13	0.425
13	0.474
13	0.225
13	0.143
13	0.203
13	0.600
13	0.316
13	0.273
13	0.641
13	0.450
13	0.318
13	0.301
13	0.405
13	0.565
13	0.637
13	0.134
13	0.429
13	0.256
13	0.563
13	0.357
13	0.514
13	0.508
13	0.577
13	0.422
13	0.372
13	0.147
13	0.405
13	0.267
13	0.287
13	0.541
13	0.444
13	0.189
13	0.393
13	0.245
13	0.043
13	0.285
13	0.277
13	0.459
13	0.225
13	0.344
13	0.249
13	0.162
13	0.197
13	0.442
13	0.232
13	0.113
13	0.336
13	0.121
13	0.515
13	0.581
13	0.384
13	0.582
13	0.436
13	0.468
13	0.498
13	0.287
13	0.544
13	0.451
13	0.250
13	0.313
13	0.161
13	0.405
13	0.322
13	0.222
13	0.160
13	0.428
13	0.174
13	0.172
13	0.552
13	0.669
13	0.418
13	0.304
13	0.407
13	0.453
13	0.288
13	0.162
13	0.228
13	0.198
14	0.401
14	0.428
14	0.548
14	0.376
14	0.258
14	0.417
14	0.487
14	0.432
14	0.279
14	0.209
14	0.234
14	0.410
14	0.636
14	0.506
14	0.236
14	0.355
14	0.238
14	0.514
14	0.480
14	0.703
14	0.545
14	0.137
14	0.323
14	0.266
14	0.426
14	0.246
14	0.211
14	0.249
14	0.191
14	0.367
14	0.342
14	0.124
14	0.296
14	0.680
14	0.259
14	0.330
14	0.295
14	0.562
14	0.280
14	0.688
14	0.398
14	0.295
14	0.245
14	0.457
14	0.499
14	0.127
14	0.334
14	0.202
14	0.271
14	0.442
14	0.527
14	0.308
14	0.154
14	0.431
14	0.330
14	0.085
14	0.376
14	0.087
14	0.445
14	0.191
14	0.282
14	0.182
14	0.482
14	0.385
14	0.402
14	0.641
14	0.150
14	0.154
14	0.179
14	0.653
14	0.326
14	0.454
14	0.682
14	0.744
14	0.299
14	0.090
14	0.419
14	0.367
14	0.343
14	0.311
14	0.546
14	0.579
14	0.405
14	0.072
14	0.517
14	0.262
14	0.653
14	0.305
14	0.348
14	0.106
14	0.421
14	0.308
14	0.507
14	0.181
14	0.316
14	0.509
14	0.225
14	0.509
14	0.482
14	0.211
15	0.139
15	0.366
15	0.449
15	0.315
15	0.095
15	0.436
15	0.324
15	0.235
15	0.260
15	0.357
15	0.605
15	0.333
15	0.289
15	0.198
15	0.192
15	0.640
15	0.527
15	0.389
15	0.496
15	0.423
15	0.680
15	0.576
15	0.619
15	0.557
15	0.219
15	0.374
15	0.246
15	0.460
15	0.425
15	0.151
15	0.477
15	0.358
15	0.490
15	0.329
15	0.204
15	0.317
15	0.722
15	0.546
15	0.546
15	0.250
15	0.336
15	0.397
15	0.802
15	0.149
15	0.387
15	0.200
15	0.688
15	0.478
15	0.530
15	0.065
15	0.429
15	0.459
15	0.296
15	0.525
15	0.182
15	0.463
15	0.429
15	0.475
15	0.423
15	0.371
15	0.334
15	0.587
15	0.250
15	0.395
15	0.479
15	0.238
15	0.283
15	0.379
15	0.321
15	0.571
15	0.238
15	0.174
15	0.541
15	0.538
15	0.246
15	0.149
15	0.485
15	0.363
15	0.517
15	0.274
15	0.337
15	0.524
15	0.606
15	0.503
15	0.465
15	0.246
15	0.147
15	0.235
15	0.568
15	0.375
15	0.625
15	0.510
15	0.529
15	0.455
15	0.401
15	0.378
15	0.227
15	0.417
15	0.281
15	0.314
16	0.464
16	0.353
16	0.303
16	0.658
16	0.596
16	0.449
16	0.410
16	0.498
16	0.217
16	0.566
16	0.568
16	0.303
16	0.407
16	0.339
16	0.517
16	0.569
16	0.488
16	0.485
16	0.585
16	0.419
16	0.299
16	0.576
16	0.481
16	0.592
16	0.431
16	0.288
16	0.188
16	0.412
16	0.559
16	0.401
16	0.566
16	0.501
16	0.362
16	0.594
16	0.498
16	0.274
16	0.396
16	0.246
16	0.367
16	0.715
16	0.348
16	0.300
16	0.454
16	0.240
16	0.528
16	0.661
16	0.318
16	0.315
16	0.408
16	0.428
16	0.553
16	0.461
16	0.561
16	0.670
16	0.370
16	0.547
16	0.210
16	0.527
16	0.389
16	0.473
16	0.353
16	0.237
16	0.655
16	0.429
16	0.477
16	0.339
16	0.291
16	0.336
16	0.388
16	0.751
16	0.437
16	0.473
16	0.589
16	0.381
16	0.891
16	0.429
16	0.489
16	0.426
16	0.367
16	0.505
16	0.270
16	0.423
16	0.230
16	0.319
16	0.446
16	0.564
16	0.586
16	0.417
16	0.433
16	0.814
16	0.227
16	0.500
16	0.497
16	0.740
16	0.478
16	0.325
16	0.197
16	0.590
16	0.660
16	0.433
17	0.658
17	0.449
17	0.682
17	0.740
17	0.328
17	0.381
17	0.372
17	0.698
17	0.357
17	0.564
17	0.391
17	0.299
17	0.430
17	0.416
17	0.618
17	0.422
17	0.478
17	0.590
17	0.613
17	0.590
17	0.500
17	0.425
17	0.571
17	0.307
17	0.317
17	0.404
17	0.405
17	0.483
17	0.596
17	0.742
17	0.452
17	0.714
17	0.644
17	0.072
17	0.336
17	0.576
17	0.738
17	0.607
17	0.537
17	0.573
17	0.514
17	0.494
17	0.421
17	0.671
17	0.489
17	0.469
17	0.481
17	0.452
17	0.429
17	0.570
17	0.595
17	0.731
17	0.405
17	0.353
17	0.410
17	0.660
17	0.393
17	0.257
17	0.291
17	0.177
17	0.709
17	0.383
17	0.425
17	0.470
17	0.714
17	0.560
17	0.602
17	0.328
17	0.621
17	0.406
17	0.478
17	0.481
17	0.215
17	0.418
17	0.397
17	0.442
17	0.344
17	0.427
17	0.431
17	0.523
17	0.362
17	0.577
17	0.586
17	0.474
17	0.488
17	0.404
17	0.357
17	0.478
17	0.449
17	0.475
17	0.617
17	0.539
17	0.407
17	0.616
17	0.593
17	0.213
17	0.483
17	0.440
17	0.448
17	0.218
18	0.400
18	0.625
18	0.641
18	0.828
18	0.778
18	0.495
18	0.623
18	0.791
18	0.300
18	0.533
18	0.304
18	0.477
18	0.438
18	0.520
18	0.780
18	0.571
18	0.403
18	0.705
18	0.474
18	0.427
18	0.622
18	0.457
18	0.673
18	0.437
18	0.586
18	0.528
18	0.474
18	0.618
18	0.138
18	0.560
18	0.655
18	0.473
18	0.505
18	0.603
18	0.179
18	0.511
18	0.183
18	0.591
18	0.488
18	0.247
18	0.652
18	0.514
18	0.451
18	0.389
18	0.666
18	0.546
18	0.478
18	0.777
18	0.593
18	0.520
18	0.473
18	0.425
18	0.554
18	0.582
18	0.755
18	0.418
18	0.598
18	0.446
18	0.487
18	0.329
18	0.445
18	0.597
18	0.545
18	0.297
18	0.549
18	0.606
18	0.338
18	0.351
18	0.635
18	0.222
18	0.623
18	0.578
18	0.482
18	0.332
18	0.499
18	0.286
18	0.511
18	0.633
18	0.662
18	0.614
18	0.473
18	0.660
18	0.534
18	0.476
18	0.497
18	0.460
18	0.468
18	0.646
18	0.446
18	0.672
18	0.439
18	0.647
18	0.343
18	0.599
18	0.627
18	0.624
18	0.459
18	0.571
18	0.554
18	0.375
19	0.272
19	0.645
19	0.623
19	0.392
19	0.368
19	0.513
19	0.582
19	0.494
19	0.569
19	0.417
19	0.332
19	0.707
19	0.364
19	0.506
19	0.417
19	0.457
19	0.407
19	0.663
19	0.508
19	0.688
19	0.309
19	0.434
19	0.462
19	0.221
19	0.293
19	0.291
19	0.511
19	0.256
19	0.430
19	0.757
19	0.681
19	0.657
19	0.246
19	0.627
19	0.471
19	0.648
19	0.396
19	0.541
19	0.456
19	0.629
19	0.198
19	0.580
19	0.454
19	0.342
19	0.649
19	0.466
19	0.308
19	0.442
19	0.323
19	0.289
19	0.435
19	0.656
19	0.566
19	0.364
19	0.460
19	0.322
19	0.338
19	0.378
19	0.563
19	0.436
19	0.569
19	0.420
19	0.390
19	0.559
19	0.553
19	0.707
19	0.369
19	0.612
19	0.449
19	0.538
19	0.346
19	0.652
19	0.364
19	0.385
19	0.549
19	0.713
19	0.682
19	0.509
19	0.286
19	0.777
19	0.467
19	0.688
19	0.504
19	0.632
19	0.548
19	0.487
19	0.332
19	0.553
19	0.703
19	0.228
19	0.430
19	0.359
19	0.399
19	0.490
19	0.492
19	0.607
19	0.226
19	0.526
19	0.452
19	0.507
20	0.601
20	0.634
20	0.552
20	0.483
20	0.345
20	0.770
20	0.597
20	0.145
20	0.742
20	0.594
20	0.573
20	0.437
20	0.427
20	0.658
20	0.545
20	0.548
20	0.389
20	0.497
20	0.423
20	0.464
20	0.611
20	0.612
20	0.360
20	0.764
20	0.474
20	0.537
20	0.469
20	0.547
20	0.662
20	0.739
20	0.699
20	0.593
20	0.610
20	0.682
20	0.560
20	0.492
20	0.500
20	0.548
20	0.637
20	0.488
20	0.459
20	0.570
20	0.483
20	0.457
20	0.433
20	0.754
20	0.649
20	0.615
20	0.380
20	0.230
20	0.471
20	0.571
20	0.600
20	0.702
20	0.585
20	0.596
20	0.611
20	0.416
20	0.757
20	0.422
20	0.600
20	0.534
20	0.548
20	0.518
20	0.535
20	0.749
20	0.748
20	0.649
20	0.826
20	0.580
20	0.208
20	0.493
20	0.515
20	0.476
20	0.493
20	0.398
20	0.508
20	0.335
20	0.638
20	0.567
20	0.858
20	0.459
20	0.708
20	0.438
20	0.505
20	0.544
20	0.611
20	0.664
20	0.609
20	0.409
20	0.469
20	0.529
20	0.425
20	0.568
20	0.389
20	0.308
20	0.506
20	0.612
20	0.544
20	0.732
21	0.463
21	0.590
21	0.660
21	0.556
21	0.529
21	0.524
21	0.714
21	0.632
21	0.498
21	0.579
21	0.733
21	0.719
21	0.620
21	0.631
21	0.499
21	0.462
21	0.362
21	0.629
21	0.658
21	0.503
21	0.370
21	0.568
21	0.636
21	0.528
21	0.327
21	0.604
21	0.408
21	0.466
21	0.659
21	0.766
21	0.550
21	0.736
21	0.589
21	0.829
21	0.582
21	0.541
21	0.668
21	0.448
21	0.616
21	0.706
21	0.495
21	0.462
21	0.386
21	0.671
21	0.741
21	0.501
21	0.380
21	0.652
21	0.500
21	0.605
21	0.435
21	0.377
21	0.547
21	0.595
21	0.541
21	0.508
21	0.559
21	0.522
21	0.752
21	0.355
21	0.577
21	0.570
21	0.546
21	0.659
21	0.776
21	0.499
21	0.427
21	0.805
21	0.601
21	0.582
21	0.611
21	0.572
21	0.398
21	0.302
21	0.723
21	0.455
21	0.247
21	0.434
21	0.563
21	0.880
21	0.391
21	0.631
21	0.591
21	0.547
21	0.322
21	0.732
21	0.549
21	0.641
21	0.563
21	0.687
21	0.452
21	0.424
21	0.360
21	0.557
21	0.652
21	0.566
21	0.373
21	0.426
21	0.410
21	0.449
22	0.714
22	0.676
22	0.573
22	0.750
22	0.466
22	0.399
22	0.737
22	0.711
22	0.621
22	0.530
22	0.752
22	0.479
22	0.487
22	0.691
22	0.748
22	0.621
22	0.784
22	0.690
22	0.772
22	0.643
22	0.474
22	0.755
22	0.486
22	0.464
22	0.830
22	0.553
22	0.438
22	0.417
22	0.584
22	0.373
22	0.564
22	0.725
22	0.565
22	0.378
22	0.578
22	0.438
22	0.645
22	0.443
22	0.515
22	0.520
22	0.480
22	0.670
22	0.857
22	0.722
22	0.534
22	0.474
22	0.722
22	0.649
22	0.463
22	0.567
22	0.744
22	0.450
22	0.800
22	0.580
22	0.715
22	0.697
22	0.564
22	0.584
22	0.666
22	0.470
22	0.739
22	0.677
22	0.746
22	0.502
22	0.534
22	0.548
22	0.544
22	0.644
22	0.592
22	0.742
22	0.632
22	0.662
22	0.625
22	0.610
22	0.691
22	0.650
22	0.386
22	0.808
22	0.281
22	0.377
22	0.616
22	0.601
22	0.581
22	0.257
22	0.535
22	0.465
22	0.555
22	0.559
22	0.604
22	0.379
22	0.749
22	0.277
22	0.460
22	0.524
22	0.538
22	0.430
22	0.423
22	0.602
22	0.641
22	0.561
23	0.400
23	0.556
23	0.498
23	0.425
23	0.653
23	0.594
23	0.638
23	0.761
23	0.469
23	0.516
23	0.575
23	0.712
23	0.617
23	0.443
23	0.506
23	0.429
23	0.797
23	0.679
23	0.691
23	0.823
23	0.464
23	0.280
23	0.639
23	0.280
23	0.616
23	0.681
23	0.418
23	0.593
23	0.552
23	0.533
23	0.592
23	0.534
23	0.343
23	0.653
23	0.776
23	0.653
23	0.685
23	0.548
23	0.458
23	0.649
23	0.384
23	0.619
23	0.319
23	0.586
23	0.690
23	0.747
23	0.754
23	0.413
23	0.616
23	0.578
23	0.401
23	0.449
23	0.279
23	0.518
23	0.499
23	0.577
23	0.520
23	0.555
23	0.612
23	0.562
23	0.698
23	0.544
23	0.397
23	0.583
23	0.542
23	0.609
23	0.543
23	0.691
23	0.556
23	0.390
23	0.714
23	0.514
23	0.691
23	0.527
23	0.700
23	0.253
23	0.588
23	0.596
23	0.613
23	0.717
23	0.536
23	0.751
23	0.576
23	0.618
23	0.698
23	0.345
23	0.571
23	0.453
23	0.618
23	0.747
23	0.491
23	0.433
23	0.358
23	0.701
23	0.731
23	0.579
23	0.451
23	0.315
23	0.354
23	0.471
24	0.630
24	0.712
24	0.640
24	0.741
24	0.760
24	0.559
24	0.604
24	0.706
24	0.532
24	0.726
24	0.638
24	0.836
24	0.467
24	0.437
24	0.584
24	0.611
24	0.771
24	0.687
24	0.622
24	0.481
24	0.724
24	0.602
24	0.764
24	0.761
24	0.395
24	0.549
24	0.614
24	0.598
24	0.686
24	0.571
24	0.483
24	0.725
24	0.763
24	0.778
24	0.442
24	0.640
24	0.342
24	0.389
24	0.833
24	0.578
24	0.615
24	0.724
24	0.602
24	0.464
24	0.577
24	0.663
24	0.539
24	0.710
24	0.469
24	0.625
24	0.590
24	0.640
24	0.490
24	0.528
24	0.800
24	0.695
24	0.562
24	0.426
24	0.431
24	0.461
24	0.596
24	0.644
24	0.644
24	0.697
24	0.406
24	0.676
24	0.651
24	0.737
24	0.497
24	0.522
24	0.545
24	0.713
24	0.603
24	0.564
24	0.464
24	0.444
24	0.583
24	0.617
24	0.684
24	0.565
24	0.667
24	0.302
24	0.314
24	0.724
24	0.558
24	0.820
24	0.437
24	0.770
24	0.521
24	0.511
24	0.552
24	0.580
24	0.620
24	0.484
24	0.431
24	0.515
24	0.543
24	0.530
24	0.483
24	0.478
25	0.789
25	0.674
25	0.648
25	0.443
25	0.581
25	0.499
25	0.520
25	0.688
25	0.618
25	0.510
25	0.752
25	0.420
25	0.511
25	0.487
25	0.690
25	0.598
25	0.591
25	0.634
25	0.389
25	0.470
25	0.832
25	0.597
25	0.540
25	0.268
25	0.748
25	0.689
25	0.574
25	0.640
25	0.477
25	0.580
25	0.586
25	0.548
25	0.606
25	0.854
25	0.778
25	0.586
25	0.558
25	0.613
25	0.608
25	0.724
25	0.430
25	0.558
25	0.632
25	0.477
25	0.602
25	0.781
25	0.717
25	0.513
25	0.696
25	0.388
25	0.641
25	0.739
25	0.564
25	0.582
25	0.724
25	0.700
25	0.711
25	0.728
25	0.439
25	0.550
25	0.533
25	0.495
25	0.646
25	0.667
25	0.794
25	0.382
25	0.791
25	0.665
25	0.525
25	0.754
25	0.582
25	0.690
25	0.499
25	0.557
25	0.520
25	0.768
25	0.538
25	0.647
25	0.683
25	0.777
25	0.682
25	0.598
25	0.501
25	0.609
25	0.720
25	0.557
25	0.736
25	0.622
25	0.556
25	0.772
25	0.648
25	0.612
25	0.674
25	0.772
25	0.555
25	0.742
25	0.309
25	0.606
25	0.715
25	0.492
26	0.435
26	0.620
26	0.485
26	0.247
26	0.478
26	0.729
26	0.600
26	0.516
26	0.576
26	0.365
26	0.571
26	0.621
26	0.687
26	0.539
26	0.650
26	0.522
26	0.544
26	0.485
26	0.661
26	0.578
26	0.767
26	0.692
26	0.342
26	0.775
26	0.340
26	0.631
26	0.642
26	0.616
26	0.764
26	0.515
26	0.427
26	0.666
26	0.599
26	0.542
26	0.354
26	0.561
26	0.591
26	0.614
26	0.741
26	0.684
26	0.744
26	0.744
26	0.653
26	0.631
26	0.752
26	0.819
26	0.646
26	0.657
26	0.668
26	0.608
26	0.630
26	0.601
26	0.658
26	0.804
26	0.585
26	0.442
26	0.570
26	0.544
26	0.525
26	0.707
26	0.618
26	0.543
26	0.683
26	0.719
26	0.742
26	0.526
26	0.726
26	0.631
26	0.686
26	0.507
26	0.767
26	0.626
26	0.657
26	0.728
26	0.670
26	0.690
26	0.447
26	0.854
26	0.551
26	0.592
26	0.425
26	0.589
26	0.672
26	0.633
26	0.679
26	0.521
26	0.563
26	0.610
26	0.750
26	0.725
26	0.638
26	0.555
26	0.619
26	0.646
26	0.704
26	0.554
26	0.657
26	0.585
26	0.748
26	0.753
27	0.707
27	0.669
27	0.689
27	0.812
27	0.646
27	0.514
27	0.596
27	0.485
27	0.618
27	0.649
27	0.579
27	0.680
27	0.704
27	0.748
27	0.626
27	0.638
27	0.795
27	0.727
27	0.498
27	0.713
27	0.667
27	0.594
27	0.741
27	0.570
27	0.566
27	0.712
27	0.627
27	0.513
27	0.793
27	0.679
27	0.832
27	0.844
27	0.555
27	0.614
27	0.510
27	0.584
27	0.850
27	0.749
27	0.748
27	0.746
27	0.538
27	0.600
27	0.724
27	0.715
27	0.556
27	0.629
27	0.672
27	0.661
27	0.578
27	0.744
27	0.801
27	0.704
27	0.632
27	0.558
27	0.827
27	0.625
27	0.495
27	0.504
27	0.639
27	0.585
27	0.657
27	0.715
27	0.370
27	0.828
27	0.558
27	0.697
27	0.616
27	0.582
27	0.659
27	0.660
27	0.490
27	0.709
27	0.654
27	0.455
27	0.604
27	0.597
27	0.686
27	0.389
27	0.725
27	0.780
27	0.782
27	0.457
27	0.664
27	0.573
27	0.660
27	0.529
27	0.497
27	0.549
27	0.616
27	0.738
27	0.739
27	0.667
27	0.680
27	0.626
27	0.551
27	0.633
27	0.551
27	0.620
27	0.628
27	0.488
28	0.499
28	0.721
28	0.613
28	0.687
28	0.641
28	0.562
28	0.637
28	0.648
28	0.657
28	0.741
28	0.692
28	0.788
28	0.767
28	0.553
28	0.754
28	0.704
28	0.644
28	0.610
28	0.709
28	0.700
28	0.797
28	0.550
28	0.660
28	0.779
28	0.850
28	0.592
28	0.640
28	0.582
28	0.787
28	0.706
28	0.650
28	0.572
28	0.659
28	0.628
28	0.617
28	0.592
28	0.418
28	0.781
28	0.690
28	0.656
28	0.513
28	0.649
28	0.676
28	0.681
28	0.640
28	0.596
28	0.793
28	0.808
28	0.811
28	0.706
28	0.753
28	0.616
28	0.697
28	0.540
28	0.692
28	0.669
28	0.504
28	0.567
28	0.569
28	0.570
28	0.689
28	0.590
28	0.648
28	0.807
28	0.747
28	0.571
28	0.522
28	0.757
28	0.525
28	0.459
28	0.480
28	0.611
28	0.722
28	0.718
28	0.691
28	0.523
28	0.641
28	0.575
28	0.751
28	0.487
28	0.508
28	0.534
28	0.762
28	0.617
28	0.848
28	0.431
28	0.696
28	0.680
28	0.472
28	0.492
28	0.586
28	0.730
28	0.569
28	0.644
28	0.734
28	0.714
28	0.551
28	0.681
28	0.496
28	0.462
29	0.614
29	0.504
29	0.507
29	0.569
29	0.716
29	0.672
29	0.541
29	0.734
29	0.455
29	0.575
29	0.763
29	0.703
29	0.656
29	0.671
29	0.708
29	0.488
29	0.786
29	0.612
29	0.692
29	0.697
29	0.599
29	0.657
29	0.789
29	0.518
29	0.570
29	0.816
29	0.744
29	0.547
29	0.541
29	0.498
29	0.833
29	0.715
29	0.595
29	0.637
29	0.755
29	0.703
29	0.694
29	0.781
29	0.591
29	0.411
29	0.610
29	0.577
29	0.546
29	0.682
29	0.830
29	0.641
29	0.754
29	0.652
29	0.659
29	0.655
29	0.707
29	0.665
29	0.728
29	0.639
29	0.648
29	0.633
29	0.544
29	0.714
29	0.638
29	0.699
29	0.788
29	0.764
29	0.602
29	0.696
29	0.596
29	0.799
29	0.575
29	0.460
29	0.810
29	0.737
29	0.799
29	0.599
29	0.720
29	0.810
29	0.641
29	0.773
29	0.700
29	0.779
29	0.721
29	0.671
29	0.619
29	0.633
29	0.606
29	0.871
29	0.794
29	0.647
29	0.829
29	0.643
29	0.634
29	0.636
29	0.524
29	0.676
29	0.666
29	0.496
29	0.726
29	0.608
29	0.701
29	0.562
29	0.634
29	0.783
30	0.622
30	0.660
30	0.642
30	0.635
30	0.865
30	0.900
30	0.677
30	0.754
30	0.688
30	0.564
30	0.650
30	0.541
30	0.744
30	0.838
30	0.775
30	0.758
30	0.524
30	0.562
30	0.705
30	0.733
30	0.555
30	0.835
30	0.388
30	0.707
30	0.686
30	0.640
30	0.796
30	0.660
30	0.542
30	0.784
30	0.669
30	0.746
30	0.747
30	0.636
30	0.704
30	0.713
30	0.706
30	0.645
30	0.802
30	0.677
30	0.695
30	0.504
30	0.562
30	0.646
30	0.679
30	0.835
30	0.671
30	0.710
30	0.773
30	0.584
30	0.661
30	0.828
30	0.739
30	0.743
30	0.714
30	0.797
30	0.443
30	0.409
30	0.527
30	0.549
30	0.641
30	0.843
30	0.544
30	0.712
30	0.596
30	0.641
30	0.624
30	0.516
30	0.500
30	0.693
30	0.764
30	0.609
30	0.701
30	0.542
30	0.670
30	0.827
30	0.825
30	0.602
30	0.813
30	0.799
30	0.689
30	0.809
30	0.696
30	0.552
30	0.716
30	0.663
30	0.732
30	0.827
30	0.518
30	0.714
30	0.624
30	0.586
30	0.715
30	0.743
30	0.659
30	0.548
30	0.535
30	0.516
30	0.688
30	0.510
