1	0.000
1	0.000
1	0.000
1	1.000
1	0.188
1	0.000
1	0.000
1	0.000
1	0.000
1	0.000
1	1.000
1	0.000
1	0.000
1	0.000
1	0.000
1	0.000
1	0.000
1	0.000
1	0.000
1	0.000
1	0.000
1	0.040
1	0.000
1	0.000
1	0.000
1	0.000
1	0.000
1	0.156
1	0.000
1	0.000
1	0.000
1	0.000
1	0.000
1	0.000
1	0.000
1	0.290
1	0.000
1	0.000
1	0.000
1	0.000
1	0.000
1	0.000
1	0.000
1	0.000
1	0.071
1	0.266
1	0.010
1	0.000
1	0.000
1	0.823
1	0.000
1	1.000
1	0.000
1	0.000
1	0.000
1	0.000
1	0.000
1	0.000
1	0.829
1	0.000
1	0.056
1	0.804
1	0.000
1	0.094
1	0.000
1	0.000
1	0.015
1	0.000
1	0.000
1	0.000
1	0.140
1	0.000
1	0.000
1	0.000
1	0.000
1	0.000
1	0.000
1	0.000
1	0.000
1	0.000
1	0.809
1	0.000
1	1.000
1	0.016
1	0.000
1	0.000
1	0.000
1	0.000
1	0.000
1	0.000
1	0.002
1	0.000
1	0.119
1	0.000
1	0.000
1	0.197
1	0.000
1	0.000
1	0.000
1	0.000
2	0.000
2	0.005
2	0.200
2	0.025
2	0.003
2	0.005
2	0.447
2	0.000
2	0.491
2	0.395
2	0.036
2	0.000
2	0.093
2	0.007
2	0.006
2	0.002
2	0.000
2	0.182
2	0.031
2	0.051
2	0.057
2	0.471
2	0.478
2	0.061
2	0.003
2	0.377
2	0.000
2	0.076
2	0.000
2	0.005
2	0.007
2	0.002
2	0.000
2	0.500
2	0.310
2	0.346
2	0.000
2	0.104
2	0.000
2	0.024
2	0.104
2	0.000
2	0.009
2	0.071
2	0.195
2	0.000
2	0.004
2	0.000
2	0.035
2	0.029
2	0.000
2	0.003
2	0.050
2	0.061
2	0.000
2	0.000
2	0.001
2	0.000
2	0.274
2	0.000
2	0.101
2	0.000
2	0.000
2	0.056
2	0.000
2	0.047
2	0.018
2	0.000
2	0.516
2	0.004
2	0.284
2	0.073
2	0.000
2	0.000
2	0.025
2	0.394
2	0.000
2	0.000
2	0.000
2	0.000
2	0.000
2	0.007
2	0.179
2	0.000
2	0.000
2	0.454
2	0.027
2	0.000
2	0.003
2	0.020
2	0.000
2	0.002
2	0.056
2	0.410
2	0.448
2	0.018
2	0.000
2	0.000
2	0.000
2	0.002
3	0.004
3	0.572
3	0.067
3	0.001
3	0.176
3	0.001
3	0.205
3	0.002
3	0.027
3	0.036
3	0.000
3	0.000
3	0.000
3	0.003
3	0.000
3	0.029
3	0.032
3	0.000
3	0.001
3	0.252
3	0.001
3	0.000
3	0.239
3	0.112
3	0.058
3	0.147
3	0.036
3	0.064
3	0.000
3	0.018
3	0.019
3	0.000
3	0.200
3	0.604
3	0.056
3	0.006
3	0.057
3	0.844
3	0.047
3	0.193
3	0.583
3	0.046
3	0.000
3	0.371
3	0.155
3	0.000
3	0.104
3	0.002
3	0.779
3	0.002
3	0.410
3	0.465
3	0.000
3	0.000
3	0.040
3	0.257
3	0.020
3	0.000
3	0.000
3	0.248
3	0.019
3	0.326
3	0.000
3	0.028
3	0.000
3	0.000
3	0.456
3	0.000
3	0.082
3	0.000
3	0.286
3	0.440
3	0.008
3	0.000
3	0.000
3	0.006
3	0.023
3	0.028
3	0.018
3	0.002
3	0.000
3	0.001
3	0.030
3	0.000
3	0.846
3	0.093
3	0.000
3	0.003
3	0.216
3	0.021
3	0.000
3	0.000
3	0.047
3	0.000
3	0.027
3	0.003
3	0.010
3	0.016
3	0.018
3	0.001
4	0.004
4	0.000
4	0.091
4	0.033
4	0.127
4	0.000
4	0.108
4	0.153
4	0.198
4	0.393
4	0.000
4	0.017
4	0.003
4	0.019
4	0.161
4	0.038
4	0.063
4	0.005
4	0.001
4	0.216
4	0.040
4	0.000
4	0.000
4	0.297
4	0.222
4	0.041
4	0.002
4	0.000
4	0.180
4	0.025
4	0.095
4	0.020
4	0.067
4	0.000
4	0.015
4	0.021
4	0.000
4	0.216
4	0.091
4	0.009
4	0.058
4	0.119
4	0.232
4	0.084
4	0.052
4	0.473
4	0.402
4	0.013
4	0.324
4	0.220
4	0.000
4	0.026
4	0.108
4	0.000
4	0.036
4	0.018
4	0.039
4	0.269
4	0.242
4	0.524
4	0.001
4	0.132
4	0.078
4	0.072
4	0.065
4	0.151
4	0.362
4	0.743
4	0.032
4	0.034
4	0.000
4	0.039
4	0.099
4	0.023
4	0.167
4	0.000
4	0.000
4	0.000
4	0.051
4	0.000
4	0.054
4	0.004
4	0.023
4	0.004
4	0.002
4	0.024
4	0.002
4	0.448
4	0.077
4	0.027
4	0.395
4	0.198
4	0.022
4	0.033
4	0.032
4	0.658
4	0.002
4	0.012
4	0.000
4	0.001
5	0.136
5	0.001
5	0.159
5	0.284
5	0.001
5	0.068
5	0.185
5	0.001
5	0.000
5	0.093
5	0.022
5	0.000
5	0.006
5	0.041
5	0.099
5	0.703
5	0.023
5	0.180
5	0.001
5	0.005
5	0.059
5	0.286
5	0.711
5	0.665
5	0.252
5	0.212
5	0.057
5	0.273
5	0.033
5	0.173
5	0.027
5	0.091
5	0.033
5	0.199
5	0.426
5	0.046
5	0.070
5	0.208
5	0.097
5	0.054
5	0.186
5	0.306
5	0.063
5	0.218
5	0.071
5	0.013
5	0.001
5	0.188
5	0.000
5	0.051
5	0.025
5	0.180
5	0.012
5	0.000
5	0.021
5	0.162
5	0.023
5	0.000
5	0.012
5	0.004
5	0.482
5	0.041
5	0.327
5	0.460
5	0.015
5	0.037
5	0.000
5	0.023
5	0.008
5	0.031
5	0.521
5	0.026
5	0.086
5	0.001
5	0.401
5	0.167
5	0.001
5	0.002
5	0.028
5	0.062
5	0.024
5	0.207
5	0.009
5	0.023
5	0.048
5	0.034
5	0.064
5	0.391
5	0.001
5	0.034
5	0.053
5	0.041
5	0.067
5	0.084
5	0.005
5	0.011
5	0.226
5	0.224
5	0.329
5	0.167
6	0.087
6	0.019
6	0.069
6	0.322
6	0.241
6	0.033
6	0.057
6	0.240
6	0.489
6	0.038
6	0.204
6	0.034
6	0.026
6	0.238
6	0.265
6	0.599
6	0.312
6	0.243
6	0.215
6	0.348
6	0.451
6	0.000
6	0.002
6	0.051
6	0.041
6	0.059
6	0.249
6	0.003
6	0.124
6	0.010
6	0.049
6	0.256
6	0.264
6	0.053
6	0.073
6	0.000
6	0.011
6	0.305
6	0.038
6	0.012
6	0.027
6	0.017
6	0.017
6	0.166
6	0.249
6	0.071
6	0.002
6	0.003
6	0.331
6	0.150
6	0.066
6	0.104
6	0.067
6	0.163
6	0.276
6	0.265
6	0.188
6	0.279
6	0.066
6	0.005
6	0.065
6	0.001
6	0.294
6	0.208
6	0.200
6	0.001
6	0.014
6	0.006
6	0.034
6	0.019
6	0.064
6	0.005
6	0.634
6	0.415
6	0.140
6	0.131
6	0.610
6	0.171
6	0.024
6	0.045
6	0.236
6	0.023
6	0.354
6	0.204
6	0.001
6	0.176
6	0.309
6	0.034
6	0.057
6	0.070
6	0.243
6	0.047
6	0.266
6	0.345
6	0.432
6	0.000
6	0.088
6	0.038
6	0.151
6	0.088
7	0.102
7	0.418
7	0.210
7	0.128
7	0.061
7	0.060
7	0.131
7	0.229
7	0.387
7	0.543
7	0.212
7	0.352
7	0.190
7	0.331
7	0.547
7	0.337
7	0.270
7	0.216
7	0.112
7	0.023
7	0.239
7	0.042
7	0.050
7	0.034
7	0.033
7	0.080
7	0.300
7	0.467
7	0.042
7	0.411
7	0.392
7	0.382
7	0.063
7	0.016
7	0.538
7	0.365
7	0.014
7	0.049
7	0.031
7	0.019
7	0.296
7	0.221
7	0.023
7	0.222
7	0.306
7	0.367
7	0.183
7	0.140
7	0.228
7	0.025
7	0.141
7	0.276
7	0.272
7	0.017
7	0.295
7	0.016
7	0.193
7	0.096
7	0.029
7	0.199
7	0.033
7	0.024
7	0.358
7	0.093
7	0.294
7	0.189
7	0.019
7	0.365
7	0.017
7	0.163
7	0.431
7	0.032
7	0.169
7	0.428
7	0.138
7	0.272
7	0.067
7	0.224
7	0.387
7	0.079
7	0.199
7	0.012
7	0.136
7	0.205
7	0.337
7	0.128
7	0.258
7	0.131
7	0.684
7	0.086
7	0.253
7	0.267
7	0.001
7	0.230
7	0.180
7	0.219
7	0.001
7	0.172
7	0.173
7	0.128
8	0.126
8	0.181
8	0.351
8	0.142
8	0.406
8	0.370
8	0.324
8	0.255
8	0.472
8	0.136
8	0.005
8	0.040
8	0.099
8	0.236
8	0.406
8	0.060
8	0.067
8	0.089
8	0.017
8	0.166
8	0.047
8	0.081
8	0.255
8	0.035
8	0.172
8	0.554
8	0.254
8	0.087
8	0.570
8	0.161
8	0.030
8	0.150
8	0.057
8	0.054
8	0.107
8	0.509
8	0.242
8	0.391
8	0.051
8	0.104
8	0.116
8	0.064
8	0.396
8	0.009
8	0.005
8	0.132
8	0.543
8	0.068
8	0.036
8	0.001
8	0.314
8	0.614
8	0.430
8	0.070
8	0.111
8	0.178
8	0.190
8	0.258
8	0.160
8	0.142
8	0.413
8	0.153
8	0.123
8	0.255
8	0.014
8	0.101
8	0.283
8	0.034
8	0.168
8	0.268
8	0.354
8	0.202
8	0.091
8	0.306
8	0.055
8	0.259
8	0.145
8	0.070
8	0.122
8	0.000
8	0.015
8	0.363
8	0.248
8	0.114
8	0.197
8	0.175
8	0.174
8	0.011
8	0.267
8	0.146
8	0.056
8	0.001
8	0.210
8	0.519
8	0.057
8	0.237
8	0.057
8	0.018
8	0.249
8	0.120
9	0.021
9	0.194
9	0.060
9	0.478
9	0.344
9	0.326
9	0.218
9	0.145
9	0.316
9	0.235
9	0.024
9	0.344
9	0.087
9	0.152
9	0.508
9	0.177
9	0.231
9	0.609
9	0.041
9	0.229
9	0.059
9	0.348
9	0.218
9	0.034
9	0.129
9	0.469
9	0.511
9	0.414
9	0.241
9	0.092
9	0.019
9	0.064
9	0.333
9	0.111
9	0.103
9	0.095
9	0.231
9	0.032
9	0.105
9	0.081
9	0.223
9	0.168
9	0.610
9	0.034
9	0.031
9	0.054
9	0.152
9	0.526
9	0.013
9	0.287
9	0.188
9	0.045
9	0.317
9	0.024
9	0.021
9	0.056
9	0.246
9	0.270
9	0.034
9	0.045
9	0.028
9	0.455
9	0.137
9	0.103
9	0.196
9	0.245
9	0.280
9	0.072
9	0.134
9	0.256
9	0.130
9	0.070
9	0.282
9	0.209
9	0.021
9	0.042
9	0.016
9	0.410
9	0.077
9	0.452
9	0.020
9	0.118
9	0.147
9	0.236
9	0.002
9	0.191
9	0.136
9	0.006
9	0.108
9	0.234
9	0.435
9	0.045
9	0.192
9	0.373
9	0.212
9	0.253
9	0.176
9	0.090
9	0.015
9	0.481
10	0.144
10	0.174
10	0.157
10	0.079
10	0.018
10	0.450
10	0.299
10	0.401
10	0.140
10	0.108
10	0.416
10	0.205
10	0.339
10	0.348
10	0.627
10	0.076
10	0.167
10	0.094
10	0.183
10	0.118
10	0.120
10	0.087
10	0.066
10	0.155
10	0.059
10	0.093
10	0.144
10	0.193
10	0.317
10	0.022
10	0.229
10	0.072
10	0.208
10	0.231
10	0.416
10	0.147
10	0.374
10	0.070
10	0.115
10	0.024
10	0.256
10	0.085
10	0.196
10	0.112
10	0.385
10	0.296
10	0.521
10	0.533
10	0.172
10	0.225
10	0.063
10	0.273
10	0.325
10	0.266
10	0.128
10	0.073
10	0.326
10	0.050
10	0.517
10	0.098
10	0.283
10	0.099
10	0.176
10	0.035
10	0.114
10	0.299
10	0.004
10	0.046
10	0.128
10	0.519
10	0.150
10	0.393
10	0.174
10	0.178
10	0.553
10	0.374
10	0.478
10	0.091
10	0.279
10	0.203
10	0.274
10	0.070
10	0.362
10	0.219
10	0.277
10	0.049
10	0.332
10	0.044
10	0.486
10	0.099
10	0.362
10	0.192
10	0.458
10	0.120
10	0.195
10	0.180
10	0.107
10	0.446
10	0.112
10	0.373
11	0.475
11	0.568
11	0.310
11	0.203
11	0.011
11	0.114
11	0.395
11	0.509
11	0.252
11	0.455
11	0.295
11	0.497
11	0.126
11	0.096
11	0.150
11	0.174
11	0.324
11	0.356
11	0.230
11	0.002
11	0.067
11	0.042
11	0.150
11	0.041
11	0.298
11	0.417
11	0.302
11	0.018
11	0.315
11	0.222
11	0.233
11	0.085
11	0.406
11	0.053
11	0.555
11	0.000
11	0.069
11	0.309
11	0.139
11	0.308
11	0.342
11	0.239
11	0.453
11	0.372
11	0.325
11	0.280
11	0.082
11	0.312
11	0.156
11	0.031
11	0.220
11	0.614
11	0.171
11	0.121
11	0.318
11	0.260
11	0.264
11	0.374
11	0.124
11	0.077
11	0.209
11	0.307
11	0.445
11	0.330
11	0.362
11	0.407
11	0.565
11	0.262
11	0.041
11	0.491
11	0.110
11	0.118
11	0.059
11	0.142
11	0.021
11	0.169
11	0.163
11	0.516
11	0.481
11	0.193
11	0.170
11	0.336
11	0.003
11	0.015
11	0.366
11	0.059
11	0.293
11	0.818
11	0.080
11	0.083
11	0.562
11	0.518
11	0.003
11	0.321
11	0.219
11	0.086
11	0.203
11	0.336
11	0.429
11	0.366
12	0.392
12	0.481
12	0.097
12	0.280
12	0.201
12	0.265
12	0.220
12	0.205
12	0.363
12	0.258
12	0.298
12	0.373
12	0.249
12	0.484
12	0.371
12	0.313
12	0.608
12	0.148
12	0.306
12	0.203
12	0.190
12	0.136
12	0.186
12	0.422
12	0.381
12	0.456
12	0.177
12	0.218
12	0.317
12	0.052
12	0.391
12	0.461
12	0.244
12	0.087
12	0.114
12	0.000
12	0.192
12	0.489
12	0.359
12	0.522
12	0.369
12	0.551
12	0.135
12	0.144
12	0.073
12	0.316
12	0.314
12	0.245
12	0.147
12	0.196
12	0.316
12	0.045
12	0.117
12	0.207
12	0.425
12	0.295
12	0.102
12	0.372
12	0.759
12	0.028
12	0.214
12	0.497
12	0.242
12	0.095
12	0.520
12	0.077
12	0.566
12	0.225
12	0.068
12	0.154
12	0.324
12	0.387
12	0.091
12	0.325
12	0.457
12	0.146
12	0.366
12	0.136
12	0.185
12	0.100
12	0.248
12	0.304
12	0.271
12	0.321
12	0.113
12	0.400
12	0.339
12	0.420
12	0.261
12	0.344
12	0.142
12	0.386
12	0.119
12	0.127
12	0.126
12	0.529
12	0.502
12	0.238
12	0.148
12	0.178
13	0.102
13	0.446
13	0.311
13	0.385
13	0.120
13	0.466
13	0.163
13	0.369
13	0.347
13	0.352
13	0.175
13	0.537
13	0.276
13	0.245
13	0.166
13	0.069
13	0.399
13	0.437
13	0.596
13	0.047
13	0.153
13	0.297
13	0.071
13	0.289
13	0.050
13	0.412
13	0.350
13	0.689
13	0.277
13	0.245
13	0.450
13	0.295
13	0.351
13	0.438
13	0.094
13	0.024
13	0.550
13	0.474
13	0.190
13	0.421
13	0.344
13	0.250
13	0.076
13	0.302
13	0.269
13	0.204
13	0.702
13	0.212
13	0.224
13	0.184
13	0.223
13	0.457
13	0.521
13	0.209
13	0.043
13	0.212
13	0.215
13	0.278
13	0.051
13	0.077
13	0.223
13	0.420
13	0.252
13	0.237
13	0.217
13	0.490
13	0.367
13	0.608
13	0.536
13	0.545
13	0.576
13	0.687
13	0.428
13	0.369
13	0.514
13	0.254
13	0.284
13	0.353
13	0.427
13	0.567
13	0.651
13	0.260
13	0.499
13	0.050
13	0.303
13	0.031
13	0.169
13	0.520
13	0.285
13	0.364
13	0.248
13	0.351
13	0.183
13	0.241
13	0.465
13	0.305
13	0.223
13	0.197
13	0.289
13	0.162
14	0.156
14	0.310
14	0.370
14	0.284
14	0.045
14	0.205
14	0.028
14	0.154
14	0.368
14	0.291
14	0.023
14	0.162
14	0.443
14	0.255
14	0.176
14	0.322
14	0.397
14	0.487
14	0.458
14	0.305
14	0.344
14	0.287
14	0.105
14	0.678
14	0.299
14	0.316
14	0.166
14	0.333
14	0.170
14	0.120
14	0.127
14	0.160
14	0.320
14	0.343
14	0.278
14	0.373
14	0.277
14	0.231
14	0.277
14	0.334
14	0.413
14	0.340
14	0.448
14	0.196
14	0.443
14	0.528
14	0.182
14	0.336
14	0.498
14	0.423
14	0.353
14	0.233
14	0.130
14	0.194
14	0.009
14	0.387
14	0.229
14	0.101
14	0.286
14	0.662
14	0.482
14	0.127
14	0.289
14	0.215
14	0.376
14	0.404
14	0.319
14	0.450
14	0.368
14	0.210
14	0.383
14	0.154
14	0.462
14	0.273
14	0.299
14	0.419
14	0.621
14	0.308
14	0.456
14	0.605
14	0.459
14	0.274
14	0.431
14	0.390
14	0.238
14	0.209
14	0.594
14	0.369
14	0.542
14	0.088
14	0.502
14	0.355
14	0.648
14	0.227
14	0.293
14	0.614
14	0.066
14	0.410
14	0.288
14	0.358
15	0.476
15	0.307
15	0.349
15	0.303
15	0.299
15	0.323
15	0.497
15	0.100
15	0.440
15	0.383
15	0.172
15	0.430
15	0.562
15	0.145
15	0.261
15	0.454
15	0.276
15	0.370
15	0.284
15	0.326
15	0.391
15	0.444
15	0.276
15	0.500
15	0.097
15	0.159
15	0.197
15	0.448
15	0.278
15	0.256
15	0.212
15	0.340
15	0.384
15	0.231
15	0.157
15	0.355
15	0.071
15	0.400
15	0.272
15	0.194
15	0.129
15	0.414
15	0.281
15	0.297
15	0.303
15	0.238
15	0.616
15	0.270
15	0.448
15	0.270
15	0.329
15	0.289
15	0.425
15	0.227
15	0.458
15	0.293
15	0.449
15	0.305
15	0.391
15	0.385
15	0.112
15	0.100
15	0.363
15	0.284
15	0.480
15	0.207
15	0.341
15	0.432
15	0.571
15	0.392
15	0.475
15	0.385
15	0.195
15	0.233
15	0.156
15	0.243
15	0.415
15	0.270
15	0.305
15	0.086
15	0.432
15	0.132
15	0.510
15	0.550
15	0.226
15	0.302
15	0.373
15	0.104
15	0.280
15	0.517
15	0.291
15	0.486
15	0.234
15	0.437
15	0.371
15	0.225
15	0.417
15	0.422
15	0.334
15	0.434
16	0.404
16	0.269
16	0.542
16	0.551
16	0.431
16	0.682
16	0.251
16	0.605
16	0.116
16	0.610
16	0.568
16	0.469
16	0.241
16	0.233
16	0.345
16	0.431
16	0.359
16	0.253
16	0.438
16	0.519
16	0.272
16	0.304
16	0.596
16	0.469
16	0.580
16	0.491
16	0.328
16	0.168
16	0.176
16	0.323
16	0.501
16	0.604
16	0.441
16	0.301
16	0.415
16	0.608
16	0.308
16	0.670
16	0.279
16	0.303
16	0.197
16	0.216
16	0.163
16	0.540
16	0.461
16	0.325
16	0.306
16	0.382
16	0.217
16	0.607
16	0.527
16	0.444
16	0.196
16	0.167
16	0.280
16	0.327
16	0.335
16	0.452
16	0.570
16	0.197
16	0.676
16	0.455
16	0.318
16	0.282
16	0.530
16	0.395
16	0.226
16	0.286
16	0.134
16	0.587
16	0.038
16	0.224
16	0.515
16	0.129
16	0.298
16	0.636
16	0.262
16	0.275
16	0.448
16	0.542
16	0.392
16	0.134
16	0.304
16	0.212
16	0.465
16	0.134
16	0.649
16	0.249
16	0.353
16	0.471
16	0.344
16	0.361
16	0.499
16	0.416
16	0.305
16	0.394
16	0.431
16	0.359
16	0.526
16	0.610
17	0.403
17	0.202
17	0.419
17	0.387
17	0.144
17	0.202
17	0.338
17	0.552
17	0.133
17	0.523
17	0.223
17	0.337
17	0.692
17	0.610
17	0.271
17	0.295
17	0.299
17	0.348
17	0.269
17	0.404
17	0.268
17	0.415
17	0.270
17	0.427
17	0.503
17	0.075
17	0.317
17	0.508
17	0.310
17	0.478
17	0.411
17	0.101
17	0.301
17	0.493
17	0.290
17	0.385
17	0.553
17	0.349
17	0.709
17	0.527
17	0.337
17	0.622
17	0.430
17	0.200
17	0.515
17	0.480
17	0.533
17	0.136
17	0.379
17	0.150
17	0.505
17	0.504
17	0.169
17	0.272
17	0.331
17	0.623
17	0.321
17	0.446
17	0.155
17	0.447
17	0.447
17	0.503
17	0.326
17	0.107
17	0.381
17	0.495
17	0.466
17	0.175
17	0.431
17	0.282
17	0.296
17	0.548
17	0.452
17	0.364
17	0.446
17	0.456
17	0.314
17	0.369
17	0.543
17	0.305
17	0.265
17	0.176
17	0.407
17	0.458
17	0.353
17	0.118
17	0.304
17	0.363
17	0.529
17	0.295
17	0.315
17	0.457
17	0.287
17	0.420
17	0.540
17	0.647
17	0.494
17	0.452
17	0.287
17	0.361
18	0.538
18	0.729
18	0.374
18	0.290
18	0.576
18	0.264
18	0.379
18	0.522
18	0.473
18	0.670
18	0.475
18	0.203
18	0.468
18	0.191
18	0.468
18	0.438
18	0.386
18	0.424
18	0.197
18	0.259
18	0.348
18	0.619
18	0.384
18	0.351
18	0.432
18	0.398
18	0.643
18	0.191
18	0.672
18	0.158
18	0.262
18	0.236
18	0.481
18	0.386
18	0.534
18	0.461
18	0.251
18	0.330
18	0.342
18	0.326
18	0.568
18	0.451
18	0.585
18	0.396
18	0.476
18	0.447
18	0.537
18	0.510
18	0.437
18	0.618
18	0.662
18	0.538
18	0.319
18	0.602
18	0.391
18	0.411
18	0.172
18	0.535
18	0.410
18	0.602
18	0.451
18	0.283
18	0.260
18	0.354
18	0.056
18	0.341
18	0.363
18	0.464
18	0.354
18	0.510
18	0.601
18	0.215
18	0.524
18	0.483
18	0.587
18	0.514
18	0.183
18	0.568
18	0.615
18	0.179
18	0.407
18	0.438
18	0.447
18	0.245
18	0.185
18	0.374
18	0.365
18	0.320
18	0.222
18	0.231
18	0.122
18	0.262
18	0.479
18	0.482
18	0.527
18	0.359
18	0.399
18	0.469
18	0.085
18	0.627
19	0.202
19	0.619
19	0.365
19	0.305
19	0.316
19	0.392
19	0.529
19	0.437
19	0.538
19	0.365
19	0.496
19	0.619
19	0.396
19	0.125
19	0.188
19	0.673
19	0.548
19	0.479
19	0.247
19	0.238
19	0.334
19	0.325
19	0.441
19	0.512
19	0.269
19	0.590
19	0.385
19	0.346
19	0.577
19	0.214
19	0.374
19	0.253
19	0.451
19	0.296
19	0.713
19	0.516
19	0.521
19	0.484
19	0.451
19	0.430
19	0.384
19	0.318
19	0.459
19	0.617
19	0.549
19	0.355
19	0.556
19	0.379
19	0.178
19	0.356
19	0.421
19	0.483
19	0.344
19	0.292
19	0.325
19	0.314
19	0.589
19	0.287
19	0.528
19	0.254
19	0.602
19	0.219
19	0.427
19	0.257
19	0.274
19	0.263
19	0.294
19	0.281
19	0.472
19	0.401
19	0.523
19	0.548
19	0.552
19	0.623
19	0.095
19	0.334
19	0.397
19	0.521
19	0.716
19	0.349
19	0.481
19	0.466
19	0.417
19	0.275
19	0.322
19	0.385
19	0.452
19	0.418
19	0.499
19	0.331
19	0.397
19	0.575
19	0.553
19	0.456
19	0.643
19	0.433
19	0.282
19	0.462
19	0.535
19	0.548
20	0.333
20	0.431
20	0.601
20	0.635
20	0.244
20	0.321
20	0.624
20	0.686
20	0.336
20	0.371
20	0.627
20	0.434
20	0.374
20	0.398
20	0.535
20	0.226
20	0.381
20	0.289
20	0.393
20	0.539
20	0.443
20	0.479
20	0.330
20	0.298
20	0.515
20	0.616
20	0.759
20	0.705
20	0.216
20	0.685
20	0.342
20	0.597
20	0.326
20	0.660
20	0.488
20	0.422
20	0.623
20	0.474
20	0.565
20	0.334
20	0.594
20	0.490
20	0.506
20	0.341
20	0.202
20	0.538
20	0.352
20	0.350
20	0.476
20	0.251
20	0.590
20	0.571
20	0.727
20	0.422
20	0.438
20	0.534
20	0.518
20	0.621
20	0.623
20	0.593
20	0.475
20	0.273
20	0.660
20	0.603
20	0.514
20	0.567
20	0.349
20	0.416
20	0.705
20	0.483
20	0.541
20	0.452
20	0.452
20	0.707
20	0.263
20	0.391
20	0.213
20	0.422
20	0.697
20	0.230
20	0.522
20	0.500
20	0.442
20	0.452
20	0.424
20	0.380
20	0.514
20	0.267
20	0.581
20	0.408
20	0.541
20	0.545
20	0.716
20	0.477
20	0.534
20	0.549
20	0.686
20	0.492
20	0.358
20	0.082
21	0.424
21	0.481
21	0.492
21	0.511
21	0.490
21	0.842
21	0.403
21	0.556
21	0.564
21	0.268
21	0.565
21	0.454
21	0.430
21	0.606
21	0.435
21	0.424
21	0.308
21	0.360
21	0.355
21	0.532
21	0.465
21	0.450
21	0.539
21	0.530
21	0.378
21	0.209
21	0.636
21	0.417
21	0.330
21	0.448
21	0.547
21	0.315
21	0.414
21	0.806
21	0.528
21	0.647
21	0.520
21	0.493
21	0.425
21	0.664
21	0.312
21	0.437
21	0.611
21	0.586
21	0.373
21	0.506
21	0.505
21	0.545
21	0.265
21	0.598
21	0.578
21	0.613
21	0.435
21	0.360
21	0.347
21	0.670
21	0.206
21	0.656
21	0.565
21	0.279
21	0.272
21	0.555
21	0.244
21	0.280
21	0.584
21	0.241
21	0.363
21	0.482
21	0.532
21	0.481
21	0.247
21	0.537
21	0.423
21	0.515
21	0.538
21	0.659
21	0.615
21	0.503
21	0.600
21	0.442
21	0.451
21	0.413
21	0.305
21	0.491
21	0.667
21	0.449
21	0.620
21	0.493
21	0.435
21	0.540
21	0.633
21	0.581
21	0.242
21	0.560
21	0.510
21	0.567
21	0.598
21	0.417
21	0.513
21	0.545
22	0.378
22	0.176
22	0.614
22	0.582
22	0.628
22	0.306
22	0.626
22	0.498
22	0.509
22	0.428
22	0.543
22	0.490
22	0.450
22	0.611
22	0.661
22	0.347
22	0.209
22	0.657
22	0.553
22	0.510
22	0.354
22	0.516
22	0.467
22	0.454
22	0.401
22	0.285
22	0.603
22	0.396
22	0.294
22	0.381
22	0.475
22	0.612
22	0.630
22	0.385
22	0.581
22	0.514
22	0.387
22	0.415
22	0.316
22	0.357
22	0.478
22	0.437
22	0.339
22	0.351
22	0.446
22	0.320
22	0.463
22	0.669
22	0.699
22	0.690
22	0.730
22	0.539
22	0.612
22	0.325
22	0.525
22	0.327
22	0.398
22	0.574
22	0.724
22	0.282
22	0.491
22	0.807
22	0.384
22	0.565
22	0.741
22	0.438
22	0.410
22	0.592
22	0.691
22	0.504
22	0.567
22	0.509
22	0.645
22	0.279
22	0.498
22	0.530
22	0.541
22	0.473
22	0.466
22	0.584
22	0.474
22	0.418
22	0.635
22	0.513
22	0.406
22	0.506
22	0.515
22	0.399
22	0.510
22	0.526
22	0.313
22	0.159
22	0.597
22	0.578
22	0.250
22	0.560
22	0.457
22	0.564
22	0.256
22	0.423
23	0.588
23	0.281
23	0.496
23	0.456
23	0.685
23	0.455
23	0.454
23	0.380
23	0.546
23	0.151
23	0.537
23	0.496
23	0.543
23	0.717
23	0.563
23	0.383
23	0.427
23	0.669
23	0.507
23	0.410
23	0.433
23	0.450
23	0.437
23	0.625
23	0.629
23	0.569
23	0.551
23	0.491
23	0.500
23	0.384
23	0.770
23	0.379
23	0.529
23	0.261
23	0.479
23	0.598
23	0.282
23	0.318
23	0.469
23	0.599
23	0.529
23	0.254
23	0.752
23	0.743
23	0.595
23	0.484
23	0.223
23	0.511
23	0.478
23	0.420
23	0.438
23	0.287
23	0.568
23	0.547
23	0.774
23	0.590
23	0.597
23	0.280
23	0.355
23	0.450
23	0.675
23	0.377
23	0.320
23	0.507
23	0.690
23	0.682
23	0.520
23	0.506
23	0.576
23	0.465
23	0.859
23	0.602
23	0.453
23	0.700
23	0.628
23	0.519
23	0.398
23	0.540
23	0.655
23	0.465
23	0.563
23	0.583
23	0.464
23	0.352
23	0.708
23	0.670
23	0.613
23	0.694
23	0.648
23	0.520
23	0.438
23	0.526
23	0.681
23	0.699
23	0.539
23	0.535
23	0.312
23	0.534
23	0.595
23	0.409
24	0.503
24	0.509
24	0.802
24	0.723
24	0.362
24	0.589
24	0.333
24	0.393
24	0.493
24	0.368
24	0.663
24	0.383
24	0.397
24	0.738
24	0.694
24	0.287
24	0.727
24	0.403
24	0.585
24	0.612
24	0.599
24	0.604
24	0.555
24	0.287
24	0.634
24	0.353
24	0.777
24	0.709
24	0.628
24	0.524
24	0.636
24	0.363
24	0.341
24	0.428
24	0.473
24	0.471
24	0.459
24	0.457
24	0.421
24	0.619
24	0.817
24	0.351
24	0.578
24	0.394
24	0.525
24	0.432
24	0.573
24	0.504
24	0.657
24	0.592
24	0.321
24	0.548
24	0.427
24	0.491
24	0.398
24	0.486
24	0.476
24	0.568
24	0.495
24	0.550
24	0.401
24	0.608
24	0.511
24	0.727
24	0.534
24	0.489
24	0.669
24	0.731
24	0.558
24	0.518
24	0.242
24	0.490
24	0.718
24	0.554
24	0.415
24	0.551
24	0.551
24	0.527
24	0.537
24	0.544
24	0.407
24	0.447
24	0.491
24	0.521
24	0.721
24	0.505
24	0.557
24	0.513
24	0.596
24	0.476
24	0.749
24	0.286
24	0.517
24	0.453
24	0.646
24	0.490
24	0.596
24	0.479
24	0.441
24	0.459
25	0.654
25	0.616
25	0.544
25	0.553
25	0.544
25	0.611
25	0.452
25	0.607
25	0.353
25	0.646
25	0.655
25	0.568
25	0.472
25	0.488
25	0.661
25	0.748
25	0.599
25	0.548
25	0.334
25	0.471
25	0.593
25	0.578
25	0.613
25	0.641
25	0.450
25	0.643
25	0.457
25	0.540
25	0.690
25	0.543
25	0.390
25	0.509
25	0.726
25	0.602
25	0.540
25	0.456
25	0.424
25	0.634
25	0.628
25	0.546
25	0.515
25	0.817
25	0.503
25	0.694
25	0.600
25	0.390
25	0.647
25	0.686
25	0.393
25	0.684
25	0.515
25	0.657
25	0.587
25	0.788
25	0.683
25	0.694
25	0.367
25	0.482
25	0.582
25	0.588
25	0.460
25	0.453
25	0.717
25	0.531
25	0.425
25	0.516
25	0.659
25	0.437
25	0.519
25	0.568
25	0.388
25	0.463
25	0.408
25	0.515
25	0.590
25	0.773
25	0.569
25	0.503
25	0.468
25	0.676
25	0.212
25	0.479
25	0.424
25	0.383
25	0.612
25	0.481
25	0.594
25	0.697
25	0.697
25	0.249
25	0.526
25	0.762
25	0.546
25	0.480
25	0.743
25	0.535
25	0.721
25	0.651
25	0.480
25	0.680
26	0.633
26	0.598
26	0.570
26	0.691
26	0.593
26	0.611
26	0.475
26	0.555
26	0.620
26	0.487
26	0.600
26	0.517
26	0.553
26	0.509
26	0.438
26	0.652
26	0.505
26	0.387
26	0.693
26	0.357
26	0.361
26	0.541
26	0.612
26	0.773
26	0.480
26	0.668
26	0.627
26	0.442
26	0.709
26	0.473
26	0.498
26	0.580
26	0.635
26	0.558
26	0.573
26	0.619
26	0.724
26	0.664
26	0.412
26	0.477
26	0.467
26	0.227
26	0.542
26	0.529
26	0.551
26	0.428
26	0.510
26	0.521
26	0.496
26	0.696
26	0.462
26	0.424
26	0.817
26	0.619
26	0.624
26	0.434
26	0.343
26	0.711
26	0.679
26	0.528
26	0.491
26	0.552
26	0.793
26	0.603
26	0.741
26	0.576
26	0.580
26	0.430
26	0.686
26	0.320
26	0.785
26	0.526
26	0.716
26	0.416
26	0.567
26	0.329
26	0.832
26	0.609
26	0.393
26	0.465
26	0.612
26	0.370
26	0.690
26	0.591
26	0.655
26	0.651
26	0.489
26	0.620
26	0.538
26	0.662
26	0.519
26	0.572
26	0.601
26	0.390
26	0.707
26	0.654
26	0.615
26	0.602
26	0.746
26	0.736
27	0.636
27	0.704
27	0.437
27	0.682
27	0.674
27	0.534
27	0.807
27	0.440
27	0.637
27	0.603
27	0.600
27	0.587
27	0.856
27	0.481
27	0.742
27	0.624
27	0.795
27	0.536
27	0.671
27	0.526
27	0.366
27	0.547
27	0.479
27	0.579
27	0.522
27	0.474
27	0.605
27	0.565
27	0.636
27	0.565
27	0.704
27	0.391
27	0.635
27	0.622
27	0.690
27	0.640
27	0.593
27	0.439
27	0.530
27	0.438
27	0.686
27	0.533
27	0.518
27	0.667
27	0.409
27	0.502
27	0.403
27	0.628
27	0.548
27	0.655
27	0.530
27	0.636
27	0.570
27	0.541
27	0.768
27	0.531
27	0.531
27	0.579
27	0.671
27	0.547
27	0.397
27	0.386
27	0.618
27	0.504
27	0.469
27	0.440
27	0.574
27	0.603
27	0.569
27	0.493
27	0.546
27	0.485
27	0.715
27	0.409
27	0.702
27	0.528
27	0.481
27	0.596
27	0.562
27	0.551
27	0.508
27	0.758
27	0.565
27	0.357
27	0.553
27	0.596
27	0.478
27	0.790
27	0.698
27	0.352
27	0.556
27	0.348
27	0.742
27	0.582
27	0.457
27	0.521
27	0.631
27	0.727
27	0.742
27	0.708
28	0.700
28	0.775
28	0.447
28	0.574
28	0.614
28	0.730
28	0.523
28	0.456
28	0.622
28	0.564
28	0.583
28	0.719
28	0.666
28	0.585
28	0.359
28	0.454
28	0.563
28	0.691
28	0.786
28	0.525
28	0.573
28	0.547
28	0.560
28	0.635
28	0.625
28	0.368
28	0.733
28	0.698
28	0.641
28	0.219
28	0.748
28	0.796
28	0.668
28	0.386
28	0.625
28	0.587
28	0.592
28	0.520
28	0.686
28	0.535
28	0.563
28	0.642
28	0.838
28	0.515
28	0.709
28	0.639
28	0.615
28	0.681
28	0.654
28	0.663
28	0.611
28	0.683
28	0.664
28	0.651
28	0.595
28	0.497
28	0.488
28	0.718
28	0.410
28	0.510
28	0.788
28	0.391
28	0.550
28	0.441
28	0.512
28	0.649
28	0.747
28	0.527
28	0.371
28	0.614
28	0.651
28	0.565
28	0.644
28	0.436
28	0.733
28	0.668
28	0.552
28	0.637
28	0.659
28	0.633
28	0.663
28	0.582
28	0.627
28	0.656
28	0.454
28	0.639
28	0.397
28	0.862
28	0.769
28	0.697
28	0.568
28	0.656
28	0.693
28	0.499
28	0.538
28	0.519
28	0.585
28	0.428
28	0.539
28	0.606
29	0.687
29	0.651
29	0.532
29	0.560
29	0.769
29	0.578
29	0.683
29	0.547
29	0.497
29	0.412
29	0.557
29	0.610
29	0.726
29	0.444
29	0.519
29	0.756
29	0.547
29	0.649
29	0.686
29	0.626
29	0.635
29	0.503
29	0.728
29	0.470
29	0.581
29	0.625
29	0.633
29	0.539
29	0.773
29	0.578
29	0.642
29	0.745
29	0.610
29	0.699
29	0.512
29	0.615
29	0.571
29	0.755
29	0.646
29	0.659
29	0.725
29	0.480
29	0.487
29	0.732
29	0.506
29	0.654
29	0.510
29	0.645
29	0.629
29	0.514
29	0.718
29	0.607
29	0.644
29	0.735
29	0.465
29	0.364
29	0.506
29	0.537
29	0.689
29	0.718
29	0.819
29	0.545
29	0.556
29	0.667
29	0.659
29	0.542
29	0.654
29	0.603
29	0.632
29	0.447
29	0.520
29	0.586
29	0.472
29	0.511
29	0.794
29	0.742
29	0.489
29	0.733
29	0.662
29	0.715
29	0.699
29	0.554
29	0.728
29	0.677
29	0.570
29	0.738
29	0.600
29	0.641
29	0.704
29	0.481
29	0.699
29	0.578
29	0.641
29	0.505
29	0.753
29	0.326
29	0.334
29	0.465
29	0.386
29	0.683
30	0.667
30	0.774
30	0.623
30	0.598
30	0.471
30	0.602
30	0.764
30	0.598
30	0.545
30	0.480
30	0.571
30	0.520
30	0.803
30	0.626
30	0.881
30	0.652
30	0.697
30	0.584
30	0.656
30	0.760
30	0.627
30	0.497
30	0.538
30	0.486
30	0.614
30	0.756
30	0.552
30	0.700
30	0.661
30	0.707
30	0.751
30	0.610
30	0.531
30	0.482
30	0.695
30	0.452
30	0.511
30	0.672
30	0.620
30	0.619
30	0.703
30	0.675
30	0.591
30	0.414
30	0.482
30	0.799
30	0.559
30	0.643
30	0.647
30	0.616
30	0.723
30	0.671
30	0.568
30	0.611
30	0.619
30	0.642
30	0.388
30	0.717
30	0.567
30	0.627
30	0.737
30	0.370
30	0.743
30	0.684
30	0.755
30	0.374
30	0.601
30	0.631
30	0.708
30	0.794
30	0.549
30	0.836
30	0.629
30	0.711
30	0.505
30	0.545
30	0.542
30	0.641
30	0.683
30	0.678
30	0.776
30	0.750
30	0.766
30	0.575
30	0.519
30	0.685
30	0.623
30	0.532
30	0.538
30	0.725
30	0.609
30	0.526
30	0.680
30	0.588
30	0.653
30	0.587
30	0.540
30	0.615
30	0.693
30	0.780
