1	0.000
1	0.346
1	0.000
1	0.000
1	0.000
1	0.000
1	1.000
1	0.000
1	0.000
1	0.061
1	0.000
1	0.114
1	1.000
1	1.000
1	0.000
1	0.000
1	0.000
1	0.000
1	0.000
1	0.341
1	0.000
1	0.000
1	0.000
1	0.000
1	0.000
1	0.000
1	0.000
1	0.000
1	0.000
1	0.000
1	0.000
1	0.000
1	0.000
1	0.000
1	0.081
1	0.000
1	0.000
1	0.000
1	0.839
1	0.000
1	0.000
1	1.000
1	0.356
1	0.000
1	0.303
1	0.000
1	0.000
1	0.000
1	0.000
1	0.000
1	0.000
1	0.000
1	0.000
1	0.571
1	0.743
1	0.000
1	0.000
1	0.000
1	0.000
1	0.000
1	0.000
1	0.110
1	0.000
1	0.000
1	0.000
1	0.011
1	0.000
1	0.000
1	0.000
1	0.000
1	0.728
1	0.000
1	0.000
1	0.000
1	0.000
1	0.000
1	0.000
1	0.000
1	0.000
1	0.000
1	0.000
1	0.000
1	0.000
1	0.000
1	0.000
1	0.000
1	0.000
1	0.119
1	0.182
1	0.000
1	0.000
1	0.000
1	0.000
1	0.000
1	0.000
1	0.000
1	0.000
1	0.000
1	0.000
1	0.000
2	0.066
2	0.000
2	0.083
2	0.002
2	0.437
2	0.030
2	0.285
2	0.066
2	0.000
2	0.000
2	0.062
2	0.000
2	0.000
2	0.000
2	0.000
2	0.064
2	0.030
2	0.000
2	0.010
2	0.109
2	0.000
2	0.064
2	0.000
2	0.000
2	0.000
2	0.000
2	0.107
2	0.011
2	0.048
2	0.106
2	0.000
2	0.005
2	0.000
2	0.080
2	0.631
2	0.000
2	0.057
2	0.004
2	0.000
2	0.000
2	0.000
2	0.130
2	0.018
2	0.602
2	0.000
2	0.057
2	0.032
2	0.001
2	0.046
2	0.000
2	0.000
2	0.000
2	0.001
2	0.000
2	0.036
2	0.048
2	0.000
2	0.000
2	0.000
2	0.000
2	0.780
2	0.000
2	0.000
2	0.005
2	0.001
2	0.065
2	0.000
2	0.000
2	0.000
2	0.000
2	0.079
2	0.008
2	0.000
2	0.000
2	0.000
2	0.039
2	0.000
2	0.010
2	0.000
2	0.000
2	0.341
2	1.000
2	0.000
2	0.000
2	0.400
2	0.002
2	0.000
2	0.180
2	0.117
2	0.002
2	0.054
2	0.001
2	0.001
2	0.199
2	0.000
2	0.002
2	0.021
2	0.000
2	0.000
2	0.041
3	0.020
3	0.000
3	0.001
3	0.000
3	0.000
3	0.000
3	0.114
3	0.000
3	0.439
3	0.251
3	0.000
3	0.000
3	0.021
3	0.015
3	0.021
3	0.088
3	0.061
3	0.000
3	0.114
3	0.068
3	0.052
3	0.000
3	0.001
3	0.035
3	0.030
3	0.479
3	0.000
3	0.001
3	0.000
3	0.434
3	0.000
3	0.058
3	0.122
3	0.127
3	0.000
3	0.003
3	0.000
3	0.082
3	0.000
3	0.000
3	0.003
3	0.009
3	0.028
3	0.000
3	0.082
3	0.001
3	0.050
3	0.000
3	0.000
3	0.000
3	0.032
3	0.001
3	0.000
3	0.000
3	0.002
3	0.256
3	0.837
3	0.126
3	0.000
3	0.412
3	0.000
3	0.002
3	0.002
3	0.000
3	0.000
3	0.006
3	0.220
3	0.001
3	0.130
3	0.078
3	0.253
3	0.032
3	0.000
3	0.000
3	0.002
3	0.022
3	0.119
3	0.000
3	0.328
3	0.049
3	0.008
3	0.093
3	0.022
3	0.000
3	0.072
3	0.042
3	0.042
3	0.001
3	0.052
3	0.551
3	0.002
3	0.000
3	0.000
3	0.039
3	0.001
3	0.305
3	0.391
3	0.000
3	0.018
3	0.000
4	0.113
4	0.058
4	0.021
4	0.164
4	0.041
4	0.144
4	0.001
4	0.117
4	0.021
4	0.002
4	0.000
4	0.034
4	0.019
4	0.000
4	0.031
4	0.006
4	0.000
4	0.001
4	0.012
4	0.272
4	0.003
4	0.176
4	0.010
4	0.003
4	0.019
4	0.005
4	0.435
4	0.189
4	0.055
4	0.131
4	0.000
4	0.001
4	0.002
4	0.004
4	0.250
4	0.008
4	0.105
4	0.276
4	0.057
4	0.130
4	0.179
4	0.000
4	0.015
4	0.001
4	0.359
4	0.475
4	0.002
4	0.226
4	0.232
4	0.699
4	0.131
4	0.028
4	0.018
4	0.322
4	0.117
4	0.001
4	0.000
4	0.000
4	0.065
4	0.197
4	0.430
4	0.089
4	0.021
4	0.064
4	0.001
4	0.127
4	0.179
4	0.110
4	0.001
4	0.453
4	0.013
4	0.001
4	0.176
4	0.439
4	0.001
4	0.013
4	0.044
4	0.045
4	0.021
4	0.002
4	0.372
4	0.003
4	0.299
4	0.002
4	0.011
4	0.006
4	0.026
4	0.025
4	0.085
4	0.264
4	0.078
4	0.244
4	0.000
4	0.049
4	0.039
4	0.026
4	0.032
4	0.043
4	0.051
4	0.036
5	0.354
5	0.012
5	0.075
5	0.008
5	0.162
5	0.000
5	0.180
5	0.001
5	0.072
5	0.022
5	0.005
5	0.009
5	0.104
5	0.341
5	0.025
5	0.044
5	0.001
5	0.021
5	0.002
5	0.053
5	0.002
5	0.283
5	0.062
5	0.008
5	0.032
5	0.290
5	0.215
5	0.219
5	0.096
5	0.001
5	0.175
5	0.309
5	0.495
5	0.325
5	0.228
5	0.002
5	0.021
5	0.224
5	0.045
5	0.040
5	0.095
5	0.000
5	0.253
5	0.006
5	0.220
5	0.240
5	0.167
5	0.175
5	0.002
5	0.001
5	0.059
5	0.001
5	0.469
5	0.078
5	0.157
5	0.423
5	0.275
5	0.290
5	0.258
5	0.021
5	0.584
5	0.140
5	0.056
5	0.036
5	0.070
5	0.217
5	0.052
5	0.017
5	0.000
5	0.615
5	0.052
5	0.273
5	0.001
5	0.081
5	0.038
5	0.004
5	0.012
5	0.125
5	0.250
5	0.196
5	0.117
5	0.214
5	0.043
5	0.320
5	0.059
5	0.124
5	0.030
5	0.001
5	0.166
5	0.193
5	0.413
5	0.105
5	0.010
5	0.002
5	0.061
5	0.165
5	0.022
5	0.215
5	0.003
5	0.005
6	0.168
6	0.154
6	0.040
6	0.026
6	0.392
6	0.090
6	0.336
6	0.012
6	0.405
6	0.081
6	0.425
6	0.005
6	0.517
6	0.011
6	0.065
6	0.240
6	0.073
6	0.284
6	0.026
6	0.074
6	0.092
6	0.040
6	0.140
6	0.088
6	0.360
6	0.002
6	0.114
6	0.156
6	0.068
6	0.039
6	0.000
6	0.169
6	0.001
6	0.019
6	0.074
6	0.012
6	0.020
6	0.081
6	0.021
6	0.000
6	0.225
6	0.200
6	0.253
6	0.154
6	0.212
6	0.075
6	0.011
6	0.457
6	0.152
6	0.018
6	0.096
6	0.141
6	0.371
6	0.210
6	0.010
6	0.276
6	0.029
6	0.029
6	0.091
6	0.249
6	0.414
6	0.288
6	0.055
6	0.001
6	0.173
6	0.118
6	0.413
6	0.013
6	0.001
6	0.397
6	0.494
6	0.152
6	0.011
6	0.198
6	0.042
6	0.232
6	0.046
6	0.032
6	0.142
6	0.323
6	0.092
6	0.073
6	0.091
6	0.021
6	0.405
6	0.322
6	0.152
6	0.005
6	0.398
6	0.008
6	0.348
6	0.063
6	0.146
6	0.484
6	0.241
6	0.104
6	0.361
6	0.071
6	0.326
6	0.047
7	0.383
7	0.052
7	0.001
7	0.172
7	0.225
7	0.028
7	0.133
7	0.324
7	0.005
7	0.109
7	0.132
7	0.036
7	0.047
7	0.072
7	0.387
7	0.384
7	0.159
7	0.091
7	0.594
7	0.263
7	0.541
7	0.880
7	0.141
7	0.189
7	0.446
7	0.003
7	0.272
7	0.242
7	0.028
7	0.249
7	0.047
7	0.405
7	0.165
7	0.147
7	0.070
7	0.047
7	0.120
7	0.524
7	0.048
7	0.322
7	0.198
7	0.061
7	0.027
7	0.124
7	0.272
7	0.102
7	0.065
7	0.089
7	0.625
7	0.088
7	0.044
7	0.001
7	0.236
7	0.257
7	0.191
7	0.023
7	0.326
7	0.223
7	0.017
7	0.151
7	0.006
7	0.181
7	0.234
7	0.203
7	0.159
7	0.102
7	0.027
7	0.027
7	0.162
7	0.039
7	0.074
7	0.127
7	0.239
7	0.010
7	0.189
7	0.061
7	0.174
7	0.309
7	0.003
7	0.010
7	0.135
7	0.010
7	0.272
7	0.225
7	0.037
7	0.190
7	0.049
7	0.047
7	0.278
7	0.013
7	0.183
7	0.325
7	0.018
7	0.198
7	0.001
7	0.056
7	0.052
7	0.470
7	0.128
7	0.243
8	0.189
8	0.221
8	0.385
8	0.000
8	0.008
8	0.483
8	0.016
8	0.091
8	0.125
8	0.401
8	0.305
8	0.040
8	0.094
8	0.082
8	0.421
8	0.015
8	0.215
8	0.085
8	0.052
8	0.100
8	0.131
8	0.378
8	0.119
8	0.167
8	0.473
8	0.106
8	0.305
8	0.053
8	0.195
8	0.073
8	0.312
8	0.182
8	0.211
8	0.140
8	0.325
8	0.576
8	0.343
8	0.130
8	0.023
8	0.286
8	0.104
8	0.072
8	0.334
8	0.104
8	0.212
8	0.713
8	0.258
8	0.136
8	0.090
8	0.201
8	0.188
8	0.349
8	0.425
8	0.053
8	0.045
8	0.191
8	0.040
8	0.043
8	0.018
8	0.542
8	0.511
8	0.161
8	0.069
8	0.291
8	0.183
8	0.199
8	0.163
8	0.132
8	0.119
8	0.135
8	0.040
8	0.256
8	0.338
8	0.162
8	0.015
8	0.147
8	0.095
8	0.130
8	0.100
8	0.180
8	0.037
8	0.155
8	0.478
8	0.067
8	0.014
8	0.308
8	0.251
8	0.019
8	0.114
8	0.204
8	0.142
8	0.027
8	0.232
8	0.125
8	0.181
8	0.010
8	0.047
8	0.166
8	0.158
8	0.063
9	0.004
9	0.336
9	0.281
9	0.101
9	0.329
9	0.045
9	0.088
9	0.096
9	0.050
9	0.197
9	0.264
9	0.260
9	0.269
9	0.221
9	0.019
9	0.416
9	0.159
9	0.266
9	0.242
9	0.048
9	0.205
9	0.313
9	0.047
9	0.126
9	0.071
9	0.003
9	0.272
9	0.009
9	0.101
9	0.244
9	0.198
9	0.301
9	0.504
9	0.250
9	0.243
9	0.228
9	0.234
9	0.066
9	0.013
9	0.349
9	0.054
9	0.304
9	0.253
9	0.103
9	0.192
9	0.294
9	0.405
9	0.393
9	0.388
9	0.006
9	0.328
9	0.402
9	0.024
9	0.331
9	0.145
9	0.186
9	0.185
9	0.098
9	0.304
9	0.221
9	0.127
9	0.366
9	0.395
9	0.293
9	0.170
9	0.693
9	0.177
9	0.030
9	0.206
9	0.212
9	0.006
9	0.051
9	0.063
9	0.134
9	0.189
9	0.064
9	0.073
9	0.013
9	0.251
9	0.151
9	0.150
9	0.297
9	0.481
9	0.009
9	0.156
9	0.157
9	0.012
9	0.142
9	0.290
9	0.221
9	0.285
9	0.218
9	0.425
9	0.454
9	0.039
9	0.397
9	0.427
9	0.343
9	0.531
9	0.165
10	0.388
10	0.114
10	0.060
10	0.333
10	0.237
10	0.181
10	0.443
10	0.194
10	0.170
10	0.276
10	0.387
10	0.229
10	0.055
10	0.008
10	0.181
10	0.133
10	0.215
10	0.045
10	0.111
10	0.066
10	0.189
10	0.105
10	0.313
10	0.037
10	0.050
10	0.023
10	0.304
10	0.494
10	0.045
10	0.518
10	0.127
10	0.447
10	0.235
10	0.026
10	0.169
10	0.165
10	0.285
10	0.202
10	0.039
10	0.242
10	0.176
10	0.152
10	0.390
10	0.036
10	0.590
10	0.160
10	0.146
10	0.245
10	0.069
10	0.299
10	0.110
10	0.051
10	0.229
10	0.288
10	0.065
10	0.093
10	0.250
10	0.210
10	0.111
10	0.241
10	0.224
10	0.135
10	0.130
10	0.447
10	0.394
10	0.381
10	0.518
10	0.118
10	0.349
10	0.134
10	0.656
10	0.233
10	0.113
10	0.298
10	0.411
10	0.151
10	0.073
10	0.103
10	0.142
10	0.460
10	0.049
10	0.233
10	0.168
10	0.036
10	0.108
10	0.219
10	0.194
10	0.107
10	0.025
10	0.378
10	0.299
10	0.062
10	0.091
10	0.046
10	0.009
10	0.134
10	0.244
10	0.078
10	0.112
10	0.269
11	0.244
11	0.036
11	0.195
11	0.125
11	0.606
11	0.289
11	0.072
11	0.007
11	0.091
11	0.207
11	0.614
11	0.276
11	0.086
11	0.040
11	0.066
11	0.109
11	0.205
11	0.237
11	0.301
11	0.233
11	0.398
11	0.249
11	0.319
11	0.351
11	0.389
11	0.491
11	0.111
11	0.206
11	0.457
11	0.422
11	0.313
11	0.239
11	0.129
11	0.171
11	0.303
11	0.387
11	0.107
11	0.096
11	0.199
11	0.306
11	0.184
11	0.214
11	0.248
11	0.313
11	0.137
11	0.112
11	0.198
11	0.090
11	0.150
11	0.398
11	0.052
11	0.179
11	0.151
11	0.318
11	0.156
11	0.163
11	0.059
11	0.184
11	0.220
11	0.255
11	0.135
11	0.115
11	0.306
11	0.182
11	0.085
11	0.067
11	0.141
11	0.290
11	0.297
11	0.314
11	0.176
11	0.399
11	0.258
11	0.185
11	0.123
11	0.434
11	0.307
11	0.356
11	0.070
11	0.193
11	0.247
11	0.211
11	0.439
11	0.221
11	0.065
11	0.121
11	0.184
11	0.082
11	0.047
11	0.131
11	0.385
11	0.060
11	0.347
11	0.210
11	0.188
11	0.099
11	0.382
11	0.147
11	0.032
11	0.377
12	0.230
12	0.037
12	0.077
12	0.406
12	0.221
12	0.474
12	0.283
12	0.324
12	0.324
12	0.022
12	0.281
12	0.078
12	0.102
12	0.141
12	0.082
12	0.357
12	0.019
12	0.170
12	0.359
12	0.146
12	0.152
12	0.305
12	0.319
12	0.361
12	0.060
12	0.114
12	0.272
12	0.384
12	0.175
12	0.479
12	0.066
12	0.180
12	0.036
12	0.359
12	0.094
12	0.299
12	0.192
12	0.133
12	0.290
12	0.571
12	0.134
12	0.287
12	0.326
12	0.198
12	0.128
12	0.334
12	0.066
12	0.069
12	0.461
12	0.365
12	0.053
12	0.332
12	0.559
12	0.260
12	0.336
12	0.320
12	0.114
12	0.104
12	0.105
12	0.133
12	0.450
12	0.139
12	0.557
12	0.702
12	0.559
12	0.166
12	0.134
12	0.378
12	0.143
12	0.470
12	0.259
12	0.047
12	0.493
12	0.219
12	0.394
12	0.343
12	0.372
12	0.185
12	0.173
12	0.456
12	0.132
12	0.220
12	0.528
12	0.547
12	0.380
12	0.036
12	0.190
12	0.140
12	0.152
12	0.111
12	0.230
12	0.079
12	0.245
12	0.188
12	0.048
12	0.332
12	0.118
12	0.052
12	0.187
12	0.044
13	0.131
13	0.747
13	0.193
13	0.134
13	0.410
13	0.169
13	0.174
13	0.418
13	0.492
13	0.098
13	0.267
13	0.430
13	0.093
13	0.316
13	0.299
13	0.367
13	0.198
13	0.023
13	0.449
13	0.144
13	0.448
13	0.189
13	0.443
13	0.687
13	0.237
13	0.306
13	0.392
13	0.189
13	0.464
13	0.050
13	0.105
13	0.166
13	0.158
13	0.501
13	0.127
13	0.296
13	0.232
13	0.180
13	0.227
13	0.465
13	0.232
13	0.049
13	0.081
13	0.246
13	0.527
13	0.100
13	0.218
13	0.318
13	0.331
13	0.480
13	0.084
13	0.414
13	0.420
13	0.239
13	0.173
13	0.253
13	0.581
13	0.615
13	0.316
13	0.140
13	0.315
13	0.377
13	0.211
13	0.332
13	0.240
13	0.305
13	0.297
13	0.350
13	0.379
13	0.408
13	0.228
13	0.133
13	0.151
13	0.198
13	0.271
13	0.125
13	0.399
13	0.262
13	0.096
13	0.565
13	0.307
13	0.391
13	0.314
13	0.249
13	0.099
13	0.516
13	0.245
13	0.010
13	0.107
13	0.481
13	0.439
13	0.135
13	0.520
13	0.483
13	0.156
13	0.073
13	0.495
13	0.261
13	0.250
13	0.090
14	0.514
14	0.448
14	0.368
14	0.337
14	0.157
14	0.278
14	0.300
14	0.341
14	0.688
14	0.229
14	0.371
14	0.113
14	0.220
14	0.347
14	0.460
14	0.254
14	0.091
14	0.280
14	0.231
14	0.079
14	0.277
14	0.112
14	0.245
14	0.717
14	0.299
14	0.050
14	0.314
14	0.551
14	0.294
14	0.196
14	0.066
14	0.234
14	0.643
14	0.253
14	0.537
14	0.397
14	0.386
14	0.197
14	0.295
14	0.235
14	0.342
14	0.319
14	0.270
14	0.389
14	0.488
14	0.361
14	0.613
14	0.288
14	0.328
14	0.189
14	0.076
14	0.312
14	0.287
14	0.310
14	0.245
14	0.361
14	0.620
14	0.384
14	0.417
14	0.427
14	0.348
14	0.314
14	0.554
14	0.125
14	0.437
14	0.313
14	0.046
14	0.462
14	0.314
14	0.273
14	0.305
14	0.131
14	0.330
14	0.284
14	0.047
14	0.561
14	0.389
14	0.547
14	0.510
14	0.431
14	0.299
14	0.268
14	0.293
14	0.156
14	0.243
14	0.484
14	0.219
14	0.588
14	0.297
14	0.201
14	0.391
14	0.060
14	0.136
14	0.187
14	0.240
14	0.311
14	0.372
14	0.448
14	0.105
14	0.157
15	0.184
15	0.153
15	0.334
15	0.614
15	0.435
15	0.416
15	0.405
15	0.227
15	0.294
15	0.153
15	0.261
15	0.399
15	0.496
15	0.434
15	0.165
15	0.388
15	0.110
15	0.375
15	0.099
15	0.430
15	0.157
15	0.172
15	0.215
15	0.122
15	0.272
15	0.158
15	0.145
15	0.236
15	0.298
15	0.347
15	0.188
15	0.223
15	0.466
15	0.577
15	0.384
15	0.346
15	0.475
15	0.191
15	0.290
15	0.183
15	0.456
15	0.505
15	0.353
15	0.257
15	0.280
15	0.265
15	0.151
15	0.294
15	0.501
15	0.264
15	0.182
15	0.634
15	0.305
15	0.374
15	0.349
15	0.206
15	0.240
15	0.463
15	0.261
15	0.151
15	0.125
15	0.279
15	0.253
15	0.554
15	0.357
15	0.195
15	0.354
15	0.431
15	0.150
15	0.310
15	0.342
15	0.211
15	0.150
15	0.468
15	0.408
15	0.187
15	0.235
15	0.525
15	0.404
15	0.193
15	0.424
15	0.089
15	0.438
15	0.377
15	0.056
15	0.288
15	0.392
15	0.331
15	0.479
15	0.288
15	0.249
15	0.220
15	0.450
15	0.619
15	0.438
15	0.212
15	0.401
15	0.162
15	0.223
15	0.519
16	0.430
16	0.332
16	0.220
16	0.133
16	0.354
16	0.354
16	0.532
16	0.166
16	0.549
16	0.700
16	0.440
16	0.398
16	0.523
16	0.522
16	0.448
16	0.246
16	0.214
16	0.278
16	0.567
16	0.395
16	0.483
16	0.138
16	0.130
16	0.285
16	0.535
16	0.555
16	0.111
16	0.290
16	0.506
16	0.296
16	0.570
16	0.567
16	0.505
16	0.197
16	0.219
16	0.398
16	0.282
16	0.222
16	0.380
16	0.440
16	0.397
16	0.145
16	0.519
16	0.562
16	0.144
16	0.481
16	0.608
16	0.436
16	0.338
16	0.477
16	0.275
16	0.463
16	0.488
16	0.312
16	0.319
16	0.240
16	0.523
16	0.275
16	0.891
16	0.023
16	0.366
16	0.308
16	0.519
16	0.311
16	0.250
16	0.225
16	0.526
16	0.344
16	0.626
16	0.108
16	0.240
16	0.540
16	0.354
16	0.394
16	0.420
16	0.020
16	0.231
16	0.139
16	0.204
16	0.104
16	0.521
16	0.286
16	0.589
16	0.418
16	0.305
16	0.373
16	0.489
16	0.210
16	0.316
16	0.339
16	0.472
16	0.185
16	0.396
16	0.259
16	0.475
16	0.368
16	0.289
16	0.514
16	0.193
16	0.358
17	0.235
17	0.505
17	0.499
17	0.533
17	0.555
17	0.245
17	0.365
17	0.279
17	0.507
17	0.447
17	0.374
17	0.287
17	0.620
17	0.553
17	0.276
17	0.366
17	0.256
17	0.350
17	0.307
17	0.232
17	0.721
17	0.441
17	0.212
17	0.595
17	0.286
17	0.168
17	0.364
17	0.405
17	0.503
17	0.678
17	0.292
17	0.565
17	0.458
17	0.693
17	0.225
17	0.598
17	0.428
17	0.290
17	0.415
17	0.449
17	0.106
17	0.518
17	0.444
17	0.457
17	0.296
17	0.388
17	0.133
17	0.341
17	0.168
17	0.319
17	0.508
17	0.505
17	0.106
17	0.523
17	0.216
17	0.177
17	0.314
17	0.330
17	0.371
17	0.719
17	0.395
17	0.456
17	0.297
17	0.167
17	0.375
17	0.448
17	0.519
17	0.092
17	0.398
17	0.480
17	0.511
17	0.837
17	0.246
17	0.314
17	0.316
17	0.177
17	0.249
17	0.580
17	0.500
17	0.640
17	0.250
17	0.318
17	0.382
17	0.349
17	0.449
17	0.573
17	0.239
17	0.273
17	0.274
17	0.250
17	0.465
17	0.513
17	0.473
17	0.197
17	0.499
17	0.300
17	0.666
17	0.384
17	0.239
17	0.260
18	0.142
18	0.511
18	0.325
18	0.404
18	0.118
18	0.385
18	0.262
18	0.362
18	0.435
18	0.367
18	0.415
18	0.138
18	0.527
18	0.330
18	0.436
18	0.629
18	0.523
18	0.358
18	0.604
18	0.692
18	0.349
18	0.616
18	0.429
18	0.253
18	0.244
18	0.236
18	0.304
18	0.171
18	0.349
18	0.214
18	0.393
18	0.284
18	0.496
18	0.275
18	0.357
18	0.302
18	0.314
18	0.437
18	0.425
18	0.449
18	0.285
18	0.649
18	0.237
18	0.425
18	0.284
18	0.351
18	0.576
18	0.267
18	0.435
18	0.542
18	0.466
18	0.621
18	0.405
18	0.377
18	0.366
18	0.430
18	0.375
18	0.401
18	0.501
18	0.465
18	0.371
18	0.654
18	0.378
18	0.322
18	0.451
18	0.342
18	0.394
18	0.676
18	0.284
18	0.415
18	0.299
18	0.640
18	0.262
18	0.144
18	0.448
18	0.368
18	0.522
18	0.441
18	0.209
18	0.453
18	0.374
18	0.586
18	0.429
18	0.623
18	0.400
18	0.364
18	0.168
18	0.578
18	0.517
18	0.227
18	0.297
18	0.399
18	0.215
18	0.505
18	0.441
18	0.572
18	0.540
18	0.150
18	0.428
18	0.547
19	0.696
19	0.438
19	0.402
19	0.436
19	0.622
19	0.400
19	0.383
19	0.297
19	0.509
19	0.415
19	0.329
19	0.446
19	0.497
19	0.491
19	0.647
19	0.107
19	0.562
19	0.642
19	0.386
19	0.208
19	0.533
19	0.643
19	0.487
19	0.326
19	0.393
19	0.423
19	0.410
19	0.155
19	0.424
19	0.287
19	0.420
19	0.525
19	0.087
19	0.321
19	0.196
19	0.437
19	0.537
19	0.291
19	0.653
19	0.325
19	0.137
19	0.232
19	0.259
19	0.552
19	0.308
19	0.277
19	0.357
19	0.271
19	0.388
19	0.631
19	0.614
19	0.376
19	0.336
19	0.360
19	0.530
19	0.599
19	0.386
19	0.442
19	0.690
19	0.557
19	0.497
19	0.425
19	0.462
19	0.473
19	0.541
19	0.379
19	0.389
19	0.240
19	0.244
19	0.717
19	0.556
19	0.331
19	0.710
19	0.569
19	0.359
19	0.638
19	0.570
19	0.418
19	0.567
19	0.448
19	0.626
19	0.560
19	0.335
19	0.215
19	0.550
19	0.225
19	0.649
19	0.320
19	0.137
19	0.669
19	0.397
19	0.365
19	0.569
19	0.378
19	0.120
19	0.305
19	0.422
19	0.573
19	0.354
19	0.590
20	0.261
20	0.328
20	0.489
20	0.373
20	0.624
20	0.388
20	0.542
20	0.415
20	0.408
20	0.535
20	0.414
20	0.560
20	0.411
20	0.541
20	0.360
20	0.462
20	0.583
20	0.552
20	0.597
20	0.503
20	0.364
20	0.486
20	0.266
20	0.227
20	0.540
20	0.736
20	0.422
20	0.402
20	0.471
20	0.357
20	0.493
20	0.152
20	0.257
20	0.341
20	0.443
20	0.573
20	0.430
20	0.453
20	0.532
20	0.309
20	0.660
20	0.435
20	0.666
20	0.275
20	0.162
20	0.435
20	0.426
20	0.429
20	0.624
20	0.497
20	0.249
20	0.406
20	0.543
20	0.124
20	0.256
20	0.428
20	0.301
20	0.095
20	0.586
20	0.587
20	0.409
20	0.467
20	0.636
20	0.503
20	0.496
20	0.351
20	0.588
20	0.634
20	0.674
20	0.630
20	0.641
20	0.476
20	0.559
20	0.429
20	0.437
20	0.502
20	0.496
20	0.458
20	0.315
20	0.582
20	0.560
20	0.607
20	0.658
20	0.510
20	0.456
20	0.393
20	0.580
20	0.321
20	0.290
20	0.499
20	0.443
20	0.384
20	0.221
20	0.350
20	0.805
20	0.503
20	0.521
20	0.721
20	0.501
20	0.584
21	0.472
21	0.590
21	0.408
21	0.753
21	0.640
21	0.263
21	0.529
21	0.603
21	0.332
21	0.441
21	0.433
21	0.761
21	0.730
21	0.661
21	0.460
21	0.489
21	0.322
21	0.591
21	0.389
21	0.618
21	0.478
21	0.433
21	0.339
21	0.219
21	0.354
21	0.605
21	0.531
21	0.703
21	0.441
21	0.644
21	0.531
21	0.334
21	0.424
21	0.515
21	0.445
21	0.451
21	0.482
21	0.655
21	0.232
21	0.537
21	0.559
21	0.550
21	0.673
21	0.643
21	0.570
21	0.163
21	0.713
21	0.357
21	0.673
21	0.323
21	0.456
21	0.474
21	0.640
21	0.442
21	0.483
21	0.439
21	0.349
21	0.412
21	0.566
21	0.724
21	0.537
21	0.205
21	0.286
21	0.484
21	0.724
21	0.520
21	0.531
21	0.346
21	0.575
21	0.499
21	0.565
21	0.410
21	0.357
21	0.392
21	0.545
21	0.517
21	0.444
21	0.588
21	0.326
21	0.575
21	0.399
21	0.188
21	0.472
21	0.681
21	0.217
21	0.504
21	0.497
21	0.610
21	0.582
21	0.573
21	0.385
21	0.292
21	0.489
21	0.163
21	0.286
21	0.306
21	0.488
21	0.756
21	0.377
21	0.363
22	0.392
22	0.435
22	0.370
22	0.526
22	0.476
22	0.361
22	0.454
22	0.260
22	0.505
22	0.681
22	0.349
22	0.605
22	0.756
22	0.421
22	0.482
22	0.416
22	0.620
22	0.318
22	0.592
22	0.248
22	0.266
22	0.577
22	0.495
22	0.547
22	0.384
22	0.413
22	0.512
22	0.291
22	0.613
22	0.422
22	0.402
22	0.401
22	0.441
22	0.543
22	0.621
22	0.482
22	0.365
22	0.633
22	0.532
22	0.640
22	0.547
22	0.540
22	0.460
22	0.557
22	0.384
22	0.614
22	0.480
22	0.344
22	0.423
22	0.604
22	0.449
22	0.657
22	0.404
22	0.366
22	0.484
22	0.476
22	0.533
22	0.465
22	0.422
22	0.277
22	0.540
22	0.695
22	0.467
22	0.491
22	0.556
22	0.550
22	0.452
22	0.540
22	0.326
22	0.535
22	0.401
22	0.401
22	0.703
22	0.608
22	0.334
22	0.531
22	0.606
22	0.496
22	0.336
22	0.535
22	0.454
22	0.451
22	0.725
22	0.217
22	0.459
22	0.525
22	0.597
22	0.629
22	0.505
22	0.485
22	0.179
22	0.515
22	0.594
22	0.686
22	0.425
22	0.637
22	0.561
22	0.316
22	0.416
22	0.368
23	0.297
23	0.281
23	0.415
23	0.373
23	0.343
23	0.548
23	0.330
23	0.585
23	0.642
23	0.459
23	0.482
23	0.630
23	0.628
23	0.556
23	0.646
23	0.368
23	0.213
23	0.582
23	0.642
23	0.486
23	0.670
23	0.350
23	0.530
23	0.535
23	0.564
23	0.436
23	0.366
23	0.716
23	0.391
23	0.673
23	0.648
23	0.398
23	0.589
23	0.579
23	0.646
23	0.532
23	0.267
23	0.515
23	0.553
23	0.439
23	0.695
23	0.386
23	0.308
23	0.360
23	0.579
23	0.619
23	0.510
23	0.369
23	0.675
23	0.570
23	0.547
23	0.425
23	0.512
23	0.525
23	0.366
23	0.179
23	0.490
23	0.735
23	0.453
23	0.537
23	0.463
23	0.549
23	0.649
23	0.746
23	0.493
23	0.593
23	0.486
23	0.393
23	0.651
23	0.458
23	0.586
23	0.282
23	0.507
23	0.723
23	0.553
23	0.519
23	0.297
23	0.180
23	0.650
23	0.528
23	0.535
23	0.493
23	0.478
23	0.448
23	0.688
23	0.633
23	0.270
23	0.305
23	0.660
23	0.653
23	0.492
23	0.519
23	0.520
23	0.555
23	0.418
23	0.661
23	0.678
23	0.519
23	0.686
23	0.550
24	0.447
24	0.655
24	0.480
24	0.515
24	0.504
24	0.248
24	0.429
24	0.754
24	0.460
24	0.620
24	0.736
24	0.759
24	0.727
24	0.843
24	0.692
24	0.440
24	0.656
24	0.548
24	0.652
24	0.502
24	0.444
24	0.626
24	0.532
24	0.533
24	0.443
24	0.611
24	0.772
24	0.550
24	0.530
24	0.620
24	0.490
24	0.673
24	0.338
24	0.531
24	0.431
24	0.479
24	0.691
24	0.592
24	0.511
24	0.613
24	0.683
24	0.419
24	0.583
24	0.340
24	0.333
24	0.620
24	0.339
24	0.342
24	0.424
24	0.395
24	0.596
24	0.509
24	0.653
24	0.548
24	0.720
24	0.652
24	0.677
24	0.670
24	0.601
24	0.400
24	0.471
24	0.524
24	0.805
24	0.476
24	0.308
24	0.581
24	0.472
24	0.449
24	0.582
24	0.596
24	0.603
24	0.541
24	0.476
24	0.553
24	0.546
24	0.411
24	0.589
24	0.369
24	0.676
24	0.677
24	0.568
24	0.428
24	0.242
24	0.702
24	0.439
24	0.641
24	0.576
24	0.373
24	0.536
24	0.623
24	0.530
24	0.457
24	0.308
24	0.521
24	0.503
24	0.559
24	0.334
24	0.548
24	0.599
24	0.536
25	0.556
25	0.708
25	0.498
25	0.555
25	0.612
25	0.471
25	0.347
25	0.585
25	0.519
25	0.396
25	0.444
25	0.440
25	0.500
25	0.485
25	0.579
25	0.551
25	0.683
25	0.612
25	0.519
25	0.532
25	0.469
25	0.507
25	0.528
25	0.448
25	0.417
25	0.561
25	0.455
25	0.346
25	0.472
25	0.562
25	0.340
25	0.576
25	0.629
25	0.474
25	0.777
25	0.466
25	0.548
25	0.534
25	0.624
25	0.459
25	0.761
25	0.724
25	0.661
25	0.652
25	0.696
25	0.551
25	0.608
25	0.706
25	0.643
25	0.585
25	0.700
25	0.675
25	0.479
25	0.490
25	0.402
25	0.566
25	0.548
25	0.544
25	0.730
25	0.136
25	0.420
25	0.397
25	0.475
25	0.468
25	0.544
25	0.408
25	0.416
25	0.575
25	0.409
25	0.681
25	0.638
25	0.422
25	0.483
25	0.739
25	0.509
25	0.551
25	0.688
25	0.537
25	0.454
25	0.534
25	0.693
25	0.682
25	0.290
25	0.569
25	0.761
25	0.554
25	0.642
25	0.610
25	0.602
25	0.644
25	0.699
25	0.509
25	0.502
25	0.548
25	0.631
25	0.752
25	0.667
25	0.732
25	0.602
25	0.293
26	0.603
26	0.566
26	0.627
26	0.296
26	0.513
26	0.455
26	0.316
26	0.624
26	0.740
26	0.520
26	0.785
26	0.480
26	0.620
26	0.614
26	0.491
26	0.597
26	0.538
26	0.474
26	0.485
26	0.501
26	0.356
26	0.773
26	0.538
26	0.428
26	0.554
26	0.418
26	0.788
26	0.634
26	0.544
26	0.435
26	0.427
26	0.490
26	0.652
26	0.510
26	0.580
26	0.773
26	0.590
26	0.525
26	0.410
26	0.682
26	0.587
26	0.539
26	0.670
26	0.449
26	0.551
26	0.716
26	0.429
26	0.628
26	0.589
26	0.347
26	0.559
26	0.686
26	0.392
26	0.675
26	0.727
26	0.357
26	0.546
26	0.375
26	0.505
26	0.470
26	0.612
26	0.542
26	0.586
26	0.459
26	0.715
26	0.614
26	0.519
26	0.482
26	0.702
26	0.648
26	0.325
26	0.535
26	0.430
26	0.642
26	0.715
26	0.254
26	0.550
26	0.726
26	0.599
26	0.591
26	0.637
26	0.703
26	0.574
26	0.522
26	0.433
26	0.566
26	0.726
26	0.522
26	0.457
26	0.442
26	0.753
26	0.647
26	0.532
26	0.605
26	0.721
26	0.617
26	0.644
26	0.456
26	0.596
26	0.520
27	0.617
27	0.577
27	0.532
27	0.362
27	0.569
27	0.688
27	0.536
27	0.586
27	0.336
27	0.783
27	0.782
27	0.591
27	0.271
27	0.483
27	0.274
27	0.701
27	0.693
27	0.475
27	0.742
27	0.609
27	0.432
27	0.483
27	0.534
27	0.531
27	0.424
27	0.390
27	0.658
27	0.557
27	0.591
27	0.507
27	0.438
27	0.565
27	0.626
27	0.686
27	0.531
27	0.535
27	0.555
27	0.409
27	0.781
27	0.513
27	0.393
27	0.544
27	0.609
27	0.610
27	0.688
27	0.626
27	0.497
27	0.742
27	0.530
27	0.647
27	0.453
27	0.514
27	0.317
27	0.669
27	0.353
27	0.509
27	0.570
27	0.689
27	0.408
27	0.654
27	0.627
27	0.602
27	0.821
27	0.358
27	0.602
27	0.609
27	0.556
27	0.541
27	0.466
27	0.446
27	0.682
27	0.587
27	0.752
27	0.592
27	0.647
27	0.538
27	0.774
27	0.663
27	0.708
27	0.688
27	0.622
27	0.436
27	0.649
27	0.578
27	0.544
27	0.401
27	0.645
27	0.566
27	0.591
27	0.659
27	0.546
27	0.514
27	0.642
27	0.661
27	0.524
27	0.658
27	0.706
27	0.581
27	0.721
27	0.528
28	0.812
28	0.723
28	0.635
28	0.590
28	0.439
28	0.546
28	0.680
28	0.473
28	0.786
28	0.626
28	0.662
28	0.665
28	0.421
28	0.723
28	0.587
28	0.662
28	0.467
28	0.496
28	0.755
28	0.304
28	0.512
28	0.578
28	0.847
28	0.722
28	0.592
28	0.741
28	0.639
28	0.573
28	0.679
28	0.623
28	0.776
28	0.623
28	0.599
28	0.680
28	0.396
28	0.550
28	0.650
28	0.489
28	0.646
28	0.542
28	0.516
28	0.648
28	0.568
28	0.628
28	0.719
28	0.669
28	0.492
28	0.630
28	0.657
28	0.616
28	0.538
28	0.667
28	0.447
28	0.838
28	0.819
28	0.706
28	0.427
28	0.558
28	0.541
28	0.554
28	0.592
28	0.347
28	0.635
28	0.636
28	0.613
28	0.522
28	0.676
28	0.765
28	0.636
28	0.546
28	0.682
28	0.558
28	0.597
28	0.642
28	0.449
28	0.725
28	0.505
28	0.638
28	0.653
28	0.445
28	0.575
28	0.553
28	0.701
28	0.737
28	0.619
28	0.623
28	0.559
28	0.584
28	0.558
28	0.556
28	0.647
28	0.396
28	0.685
28	0.692
28	0.460
28	0.549
28	0.553
28	0.427
28	0.587
28	0.590
29	0.587
29	0.776
29	0.606
29	0.568
29	0.602
29	0.816
29	0.683
29	0.473
29	0.729
29	0.654
29	0.603
29	0.700
29	0.532
29	0.708
29	0.618
29	0.654
29	0.593
29	0.619
29	0.678
29	0.680
29	0.654
29	0.641
29	0.346
29	0.738
29	0.673
29	0.614
29	0.590
29	0.613
29	0.622
29	0.739
29	0.674
29	0.547
29	0.680
29	0.576
29	0.580
29	0.612
29	0.553
29	0.754
29	0.634
29	0.447
29	0.532
29	0.600
29	0.637
29	0.684
29	0.543
29	0.424
29	0.452
29	0.641
29	0.543
29	0.663
29	0.706
29	0.588
29	0.429
29	0.703
29	0.546
29	0.708
29	0.484
29	0.776
29	0.577
29	0.611
29	0.716
29	0.609
29	0.764
29	0.513
29	0.711
29	0.596
29	0.680
29	0.679
29	0.551
29	0.629
29	0.716
29	0.811
29	0.430
29	0.614
29	0.600
29	0.652
29	0.569
29	0.675
29	0.554
29	0.646
29	0.667
29	0.654
29	0.733
29	0.709
29	0.616
29	0.666
29	0.744
29	0.543
29	0.567
29	0.573
29	0.680
29	0.714
29	0.589
29	0.621
29	0.723
29	0.642
29	0.809
29	0.596
29	0.497
29	0.573
30	0.413
30	0.588
30	0.562
30	0.712
30	0.716
30	0.555
30	0.625
30	0.628
30	0.683
30	0.525
30	0.570
30	0.612
30	0.685
30	0.764
30	0.770
30	0.579
30	0.540
30	0.646
30	0.562
30	0.774
30	0.680
30	0.760
30	0.396
30	0.453
30	0.596
30	0.528
30	0.617
30	0.603
30	0.793
30	0.574
30	0.713
30	0.321
30	0.534
30	0.533
30	0.487
30	0.586
30	0.579
30	0.597
30	0.505
30	0.563
30	0.464
30	0.590
30	0.598
30	0.447
30	0.557
30	0.500
30	0.665
30	0.567
30	0.536
30	0.516
30	0.532
30	0.809
30	0.750
30	0.694
30	0.621
30	0.683
30	0.639
30	0.656
30	0.530
30	0.784
30	0.392
30	0.769
30	0.669
30	0.516
30	0.735
30	0.586
30	0.719
30	0.710
30	0.657
30	0.644
30	0.543
30	0.577
30	0.647
30	0.656
30	0.647
30	0.628
30	0.536
30	0.773
30	0.640
30	0.685
30	0.808
30	0.785
30	0.619
30	0.470
30	0.559
30	0.653
30	0.664
30	0.622
30	0.557
30	0.608
30	0.580
30	0.744
30	0.503
30	0.650
30	0.688
30	0.779
30	0.853
30	0.588
30	0.703
30	0.497
