1	23.376147
1	20.385965
1	0.000000
1	20.436494
1	0.000000
1	20.664789
1	20.009926
1	20.925267
1	20.363636
1	20.411215
1	20.291765
1	19.979613
1	28.595745
1	20.274657
1	19.925094
1	19.970205
1	0.000000
1	20.200753
1	21.132075
1	20.098630
1	20.092121
1	23.977011
1	20.318584
1	112.000000
1	21.955947
1	0.000000
1	28.394366
1	21.968085
1	36.235294
1	20.399299
1	20.787018
1	20.400000
1	19.896471
1	0.000000
1	21.470852
1	24.443896
1	20.211669
1	19.988555
1	20.132794
1	27.540984
1	20.487805
1	20.139910
1	20.393064
1	20.303318
1	56.000000
1	20.318584
1	20.115299
1	21.286550
1	20.092362
1	20.228137
1	0.000000
1	20.598891
1	20.247140
1	22.255250
1	20.122762
1	23.851852
1	20.154050
1	20.177972
1	0.000000
1	21.291667
1	21.024155
1	21.032864
1	56.000000
1	22.346582
1	22.713287
1	20.134831
1	21.251282
1	19.966044
1	20.074380
1	20.023952
1	21.453831
1	35.000000
1	20.012539
1	21.273743
1	20.015711
1	0.000000
1	20.551160
1	20.331210
1	20.067381
1	20.069364
1	20.700855
1	20.021918
1	20.085770
1	20.467836
1	20.321965
1	20.510288
1	22.702703
1	26.666667
1	22.222222
1	56.000000
1	21.685106
1	20.397976
1	20.436494
1	19.974522
1	20.080808
1	20.335196
1	19.982379
1	21.280000
1	37.702970
1	20.126255
2	20.296447
2	17.977629
2	23.346479
2	21.177877
2	20.656239
2	0.000000
2	20.204380
2	20.297398
2	16.640472
2	20.345562
2	34.474785
2	22.312500
2	20.017021
2	20.736792
2	20.983294
2	20.644870
2	10.137436
2	20.332016
2	20.136653
2	21.239766
2	20.139410
2	21.609959
2	20.120219
2	20.291996
2	20.288770
2	20.640000
2	20.223776
2	20.328036
2	14.875750
2	20.508772
2	20.196721
2	20.111611
2	20.024948
2	9.048179
2	20.261489
2	20.884488
2	29.658314
2	20.126236
2	20.099585
2	22.710900
2	21.416667
2	20.057307
2	20.150866
2	20.108325
2	28.137931
2	32.157205
2	13.365880
2	23.374778
2	20.121532
2	20.253333
2	20.288573
2	20.769231
2	15.124856
2	21.066667
2	21.377049
2	17.199779
2	50.729412
2	22.856264
2	20.174188
2	32.472222
2	20.975812
2	20.086957
2	15.786059
2	20.174834
2	20.565517
2	25.190939
2	21.050505
2	20.791721
2	20.108949
2	21.264516
2	22.102819
2	20.788268
2	20.073648
2	6.989568
2	20.268427
2	21.251282
2	22.510190
2	20.471111
2	20.546410
2	19.893333
2	21.135344
2	10.733333
2	0.000000
2	31.294118
2	15.341758
2	20.343042
2	21.789198
2	21.563485
2	23.421823
2	20.452174
2	21.392982
2	20.048652
2	20.034622
2	20.073969
2	20.658824
2	20.703704
2	20.125000
2	13.305544
2	20.540891
2	21.253991
3	13.453853
3	20.296296
3	33.080057
3	20.435884
3	29.658674
3	20.139037
3	22.285714
3	5.676048
3	22.523985
3	25.194274
3	8.112427
3	20.154589
3	20.132717
3	26.803419
3	5.648205
3	20.443449
3	22.602410
3	21.816876
3	21.163444
3	21.405405
3	20.207951
3	19.970282
3	18.176360
3	64.000000
3	20.443515
3	23.020134
3	0.000000
3	21.439584
3	12.368523
3	17.719665
3	20.963093
3	15.761290
3	19.806020
3	22.188679
3	23.350554
3	23.756233
3	24.000000
3	19.945854
3	24.167518
3	20.125670
3	15.931221
3	20.363636
3	29.685198
3	29.492510
3	23.483871
3	20.303990
3	21.573306
3	56.000000
3	21.052950
3	20.118033
3	27.066801
3	25.675090
3	20.493766
3	22.736292
3	4.790803
3	20.725490
3	21.107958
3	20.004215
3	20.359942
3	12.672818
3	21.431545
3	21.206983
3	22.974359
3	28.396360
3	14.692580
3	11.559938
3	12.662290
3	21.979606
3	21.366030
3	24.403670
3	19.498701
3	14.946930
3	20.181568
3	14.110771
3	12.183952
3	25.990888
3	20.160000
3	17.171271
3	21.769014
3	22.615385
3	12.686905
3	15.098464
3	21.853659
3	14.963432
3	10.390759
3	12.724959
3	27.573333
3	20.556522
3	13.162133
3	22.793296
3	20.552024
3	24.259928
3	18.613998
3	15.272727
3	20.631579
3	14.077546
3	10.498360
3	20.488712
3	34.832536
3	20.164493
4	22.910934
4	20.142375
4	13.018293
4	23.060657
4	20.088889
4	16.024674
4	22.650805
4	19.812466
4	31.877586
4	17.484459
4	20.798773
4	24.713043
4	29.972350
4	22.023529
4	22.020165
4	20.126538
4	17.606660
4	12.769501
4	25.758242
4	24.042691
4	15.221576
4	20.898642
4	19.311682
4	29.933014
4	16.242896
4	33.305547
4	24.089745
4	22.835735
4	20.536585
4	20.269663
4	10.237241
4	20.694752
4	19.922556
4	22.032337
4	25.107212
4	14.583792
4	18.467094
4	17.180127
4	24.438596
4	12.586039
4	14.675689
4	21.014245
4	20.021108
4	19.291737
4	21.030043
4	17.727406
4	21.488982
4	20.924287
4	22.466733
4	23.854823
4	22.600473
4	16.868692
4	20.644304
4	20.435208
4	21.384615
4	21.847854
4	21.292949
4	16.178633
4	21.241379
4	16.085029
4	20.384129
4	20.260612
4	17.760439
4	20.304968
4	13.115851
4	17.843137
4	22.597156
4	34.091931
4	19.757931
4	11.998650
4	21.550562
4	18.839280
4	17.198594
4	20.222666
4	16.535433
4	17.178523
4	17.429909
4	20.166505
4	16.939662
4	18.245351
4	20.256000
4	18.890746
4	6.848088
4	20.533333
4	20.058296
4	22.084507
4	22.669584
4	7.248443
4	20.195309
4	29.773388
4	25.346907
4	21.971466
4	20.778523
4	20.996283
4	20.387337
4	19.757503
4	19.980791
4	20.769376
4	7.642797
4	11.891380
5	19.790340
5	56.440945
5	25.301518
5	17.527875
5	16.040792
5	10.148544
5	20.464885
5	24.642020
5	20.236236
5	26.827697
5	15.133828
5	20.961367
5	24.971509
5	20.855887
5	20.128028
5	20.798722
5	19.808371
5	18.819150
5	12.902074
5	25.651290
5	9.719189
5	23.420047
5	20.441328
5	15.524022
5	19.820475
5	21.161088
5	12.595730
5	16.970347
5	13.385460
5	15.023328
5	20.310155
5	21.566682
5	28.423529
5	6.931899
5	14.152774
5	12.453109
5	20.461538
5	20.542955
5	17.853917
5	29.664544
5	13.297836
5	20.315001
5	16.697425
5	20.259549
5	14.500029
5	14.794201
5	18.467824
5	14.093570
5	15.862942
5	25.406711
5	19.659097
5	10.853372
5	15.568434
5	20.366667
5	21.364718
5	12.249161
5	21.749588
5	7.569834
5	20.244444
5	13.607200
5	19.615453
5	12.576912
5	31.242938
5	21.162791
5	13.919657
5	15.615215
5	23.382099
5	23.019455
5	20.533333
5	25.569384
5	20.086170
5	20.852085
5	38.407365
5	21.691533
5	15.079417
5	13.207692
5	21.105757
5	19.972145
5	20.211060
5	17.878434
5	9.293233
5	10.154125
5	17.002115
5	10.174811
5	18.112274
5	22.127494
5	13.062940
5	22.439716
5	17.332472
5	15.976060
5	14.428937
5	20.325242
5	16.467644
5	30.113385
5	22.771784
5	16.913346
5	23.445190
5	16.333072
5	6.350172
5	20.218182
6	12.490378
6	56.000000
6	18.275537
6	7.013843
6	25.261649
6	20.514182
6	21.578459
6	21.279559
6	27.253130
6	11.041894
6	5.422371
6	24.766304
6	19.905710
6	24.218307
6	28.881295
6	22.374894
6	23.501199
6	19.444789
6	28.320611
6	13.294770
6	20.188366
6	22.805654
6	13.433255
6	14.967586
6	19.516255
6	22.247446
6	18.011784
6	36.555700
6	31.450760
6	7.014266
6	21.030702
6	11.834444
6	11.343083
6	32.546858
6	19.113555
6	20.161061
6	10.762435
6	17.706728
6	15.955193
6	17.755087
6	25.065993
6	26.519863
6	19.864658
6	7.944664
6	22.030856
6	20.284991
6	20.141844
6	19.356428
6	14.812183
6	9.082615
6	23.486239
6	56.000000
6	27.056180
6	11.564647
6	18.849692
6	20.926842
6	20.068778
6	10.230932
6	12.896885
6	18.961480
6	22.269489
6	18.201447
6	8.354505
6	21.606667
6	14.452095
6	18.307692
6	10.690162
6	9.886689
6	11.232978
6	17.546533
6	20.864450
6	25.169907
6	22.850251
6	14.900735
6	9.530943
6	13.294776
6	21.301775
6	24.395567
6	17.680321
6	22.392765
6	18.336263
6	17.293637
6	15.282420
6	26.327749
6	3.736164
6	11.269561
6	16.963267
6	20.101565
6	12.725172
6	20.678581
6	18.590071
6	14.607194
6	20.046994
6	12.813067
6	18.039439
6	17.441673
6	17.415029
6	17.030411
6	18.868171
6	28.093137
7	14.135231
7	21.260015
7	18.508629
7	14.944639
7	23.177033
7	13.205336
7	25.424134
7	31.787210
7	22.527649
7	25.714039
7	21.303763
7	9.996718
7	15.168769
7	13.893856
7	23.044017
7	20.747308
7	22.323752
7	17.288072
7	13.933496
7	22.456980
7	24.806679
7	18.739605
7	9.055061
7	21.078444
7	17.311475
7	23.997082
7	21.929877
7	14.704075
7	24.955729
7	15.784538
7	21.663758
7	12.254396
7	22.160066
7	9.557314
7	13.579873
7	20.847080
7	31.136910
7	15.394138
7	20.429495
7	30.383655
7	16.322633
7	9.452882
7	12.400630
7	19.479224
7	10.700518
7	21.317516
7	11.518557
7	19.592816
7	9.090909
7	15.487799
7	19.955975
7	13.794296
7	10.879461
7	9.328461
7	20.075472
7	21.107456
7	21.928129
7	21.445143
7	18.179504
7	14.714647
7	18.629687
7	22.252543
7	23.729658
7	20.275862
7	22.500000
7	22.526846
7	20.256315
7	20.155419
7	14.853971
7	22.912892
7	13.704249
7	32.091287
7	27.917160
7	23.510204
7	19.848905
7	7.035538
7	13.197133
7	17.448121
7	16.702051
7	17.249321
7	19.693322
7	13.889563
7	15.386526
7	24.045075
7	13.577936
7	20.222826
7	18.327359
7	16.236194
7	11.326722
7	24.509740
7	20.044971
7	12.783878
7	17.481632
7	19.396298
7	21.175112
7	13.913576
7	17.281899
7	11.557740
7	21.538462
7	20.106534
8	21.570736
8	18.679136
8	11.670140
8	16.596485
8	17.303071
8	31.448937
8	19.860826
8	16.197203
8	21.469350
8	24.858805
8	26.335917
8	14.215283
8	12.761630
8	21.016596
8	18.849252
8	14.000000
8	14.849875
8	15.927682
8	31.056338
8	27.426655
8	16.389104
8	19.384700
8	22.489764
8	20.939672
8	25.619845
8	15.192494
8	12.326442
8	14.459194
8	25.447640
8	10.695664
8	17.556591
8	31.172205
8	25.604346
8	20.140598
8	24.229645
8	21.962912
8	13.683258
8	18.275198
8	28.458884
8	25.946324
8	39.515499
8	8.829876
8	15.329133
8	23.525392
8	17.051082
8	18.519369
8	20.342114
8	23.846890
8	13.146288
8	20.196129
8	22.782253
8	14.063005
8	15.588060
8	15.255367
8	11.644952
8	16.508575
8	17.384259
8	18.032970
8	24.456432
8	18.329074
8	11.734084
8	19.149138
8	12.288969
8	22.549618
8	20.884956
8	21.426087
8	19.652387
8	3.845194
8	16.791359
8	18.721698
8	21.324185
8	14.543881
8	7.664026
8	13.585368
8	11.659143
8	20.016937
8	14.942765
8	22.852432
8	16.456057
8	20.173038
8	9.516936
8	10.141834
8	17.413777
8	21.918195
8	20.238193
8	24.008032
8	17.446127
8	22.472806
8	24.826523
8	13.572568
8	18.332961
8	16.273139
8	13.501341
8	17.443295
8	9.678952
8	24.393796
8	15.454681
8	23.081081
8	22.367774
8	21.570681
9	20.101887
9	15.173096
9	24.303552
9	19.767853
9	25.053041
9	18.480803
9	20.819709
9	16.892802
9	10.296342
9	26.287543
9	21.854714
9	15.108875
9	14.925192
9	20.369515
9	20.099415
9	22.245192
9	17.704647
9	15.473641
9	20.767773
9	17.073438
9	13.964540
9	31.127179
9	18.599733
9	17.910946
9	26.233155
9	25.668924
9	18.530414
9	13.711670
9	16.624009
9	13.770727
9	25.554816
9	9.664640
9	11.871421
9	27.084501
9	37.079498
9	36.669593
9	17.382045
9	16.635379
9	26.218272
9	17.137382
9	19.538039
9	21.301627
9	20.921165
9	15.818436
9	19.088382
9	21.219713
9	20.601212
9	20.972549
9	11.936393
9	27.930396
9	17.995835
9	15.582456
9	13.695759
9	14.865142
9	16.333437
9	20.916723
9	16.961676
9	30.132678
9	24.301517
9	13.003350
9	19.629322
9	10.431955
9	22.971710
9	16.616193
9	26.467535
9	30.385650
9	23.354199
9	19.626114
9	12.974885
9	16.294238
9	24.992471
9	25.985968
9	15.364490
9	14.140455
9	9.089671
9	15.734539
9	18.173291
9	17.658143
9	23.216080
9	24.870726
9	17.817157
9	3.841117
9	25.275498
9	5.423846
9	22.287614
9	21.547266
9	23.118306
9	23.165468
9	23.282414
9	11.445120
9	12.717455
9	5.011119
9	13.224238
9	21.517275
9	11.210663
9	21.176471
9	17.394711
9	20.133484
9	19.353172
9	20.059639
10	10.825607
10	23.293967
10	29.805993
10	28.723885
10	21.567568
10	19.230827
10	15.333149
10	11.420909
10	22.955614
10	40.212142
10	24.845070
10	18.706340
10	21.415254
10	13.559025
10	14.238727
10	34.133333
10	25.081596
10	18.134263
10	17.027226
10	16.855119
10	20.175342
10	20.992908
10	29.515087
10	25.369863
10	13.453064
10	17.122458
10	15.775512
10	11.475748
10	19.988932
10	13.261128
10	17.084850
10	22.545579
10	15.815554
10	12.498653
10	21.023422
10	20.948944
10	20.666719
10	29.560396
10	17.001357
10	18.397200
10	21.000361
10	20.837276
10	6.485838
10	22.090125
10	18.878505
10	21.165725
10	14.534065
10	15.483182
10	23.509560
10	14.604976
10	32.341690
10	11.106042
10	19.635701
10	9.738747
10	23.988721
10	22.374230
10	23.625000
10	14.550562
10	15.335623
10	11.464541
10	20.630769
10	11.531532
10	20.039118
10	12.133791
10	12.519873
10	18.267133
10	10.540168
10	15.656214
10	15.324634
10	18.479544
10	13.031991
10	21.731910
10	40.965833
10	18.554350
10	21.090944
10	18.658821
10	28.737838
10	8.691625
10	16.174715
10	17.962382
10	10.542732
10	6.727631
10	16.293310
10	16.820574
10	12.914839
10	13.662338
10	32.304054
10	17.494574
10	20.013629
10	30.634146
10	16.103244
10	14.062800
10	19.733166
10	19.020740
10	23.035161
10	14.262533
10	29.643305
10	20.160000
10	20.363368
10	16.160997
11	22.241447
11	10.919320
11	15.686484
11	12.670190
11	19.397590
11	10.646047
11	25.018680
11	19.498395
11	19.578682
11	21.449232
11	22.091115
11	18.080601
11	15.337030
11	17.223409
11	14.688830
11	23.471997
11	28.895935
11	26.825834
11	16.390412
11	6.636143
11	19.890710
11	20.720276
11	25.886792
11	9.919226
11	25.964120
11	14.068293
11	8.574431
11	30.524590
11	22.457300
11	21.884211
11	22.614488
11	26.056516
11	19.554656
11	18.744041
11	28.937294
11	14.404128
11	19.571590
11	19.667651
11	22.211833
11	14.064373
11	21.493383
11	19.580645
11	17.296692
11	15.272235
11	9.848809
11	9.252518
11	22.330891
11	14.063640
11	17.326976
11	16.561565
11	16.370938
11	18.983944
11	32.288072
11	24.054272
11	7.418726
11	38.009050
11	24.214011
11	14.024096
11	30.117266
11	18.023704
11	22.636364
11	30.456140
11	12.051408
11	19.970385
11	14.454971
11	16.317635
11	20.601504
11	13.703416
11	9.967493
11	19.292593
11	15.205714
11	15.057618
11	19.724221
11	20.869257
11	16.547734
11	26.284412
11	8.529738
11	18.132935
11	24.042187
11	18.375676
11	24.146441
11	24.806835
11	19.865250
11	17.969162
11	20.235081
11	16.066018
11	22.206508
11	23.284901
11	13.422486
11	14.745127
11	28.792476
11	9.829709
11	21.024911
11	8.558684
11	22.439775
11	14.627059
11	13.408975
11	11.435736
11	21.400094
11	21.988620
12	20.678783
12	27.996661
12	8.347906
12	18.074288
12	17.368935
12	24.063957
12	23.410319
12	20.570949
12	13.339680
12	9.035497
12	18.453997
12	10.324133
12	22.018349
12	18.102649
12	21.396226
12	16.543689
12	9.980980
12	21.666801
12	17.370230
12	23.139738
12	26.375000
12	16.832420
12	22.576293
12	8.136655
12	19.680840
12	20.155984
12	20.494077
12	11.949823
12	35.034671
12	28.671062
12	9.167914
12	7.481645
12	21.787667
12	32.096470
12	23.039549
12	20.745656
12	23.915658
12	17.750044
12	21.888914
12	20.832413
12	12.179848
12	18.954469
12	18.548336
12	28.384372
12	14.600926
12	14.807442
12	17.167237
12	18.323989
12	16.644411
12	15.741221
12	19.934283
12	28.956446
12	13.556915
12	15.718415
12	19.489587
12	18.190779
12	16.620840
12	27.809421
12	32.025281
12	29.979611
12	16.146950
12	19.947712
12	11.131642
12	9.826211
12	13.332181
12	35.848303
12	18.684782
12	20.573004
12	14.434999
12	16.890110
12	16.227848
12	24.510733
12	25.556126
12	16.105514
12	24.081417
12	25.345972
12	35.020325
12	20.500549
12	20.378947
12	28.260899
12	22.938389
12	19.734755
12	18.998997
12	21.295947
12	26.967578
12	12.187943
12	27.123486
12	15.572222
12	24.616562
12	14.039323
12	16.064665
12	16.751721
12	19.148320
12	13.743183
12	16.603070
12	17.491157
12	23.983505
12	26.876412
12	15.333113
12	21.178445
13	23.326733
13	16.913097
13	22.550336
13	8.811232
13	24.329929
13	22.954519
13	7.321725
13	9.690431
13	21.300042
13	18.092513
13	9.841653
13	19.874833
13	9.342476
13	14.825216
13	20.786696
13	24.980272
13	26.439883
13	18.161000
13	20.332931
13	17.357583
13	30.404335
13	20.441767
13	17.890295
13	29.439460
13	23.838974
13	11.823068
13	22.434693
13	23.434075
13	21.547614
13	15.581243
13	11.172098
13	23.735342
13	14.392054
13	24.036199
13	19.858944
13	17.068033
13	17.335147
13	10.058852
13	20.949232
13	16.983353
13	13.935839
13	20.274841
13	6.539315
13	11.475410
13	19.466976
13	13.147109
13	15.096386
13	20.097280
13	21.117845
13	8.447316
13	12.311681
13	14.880546
13	20.203634
13	25.720664
13	16.809104
13	19.446530
13	16.329991
13	13.650590
13	26.136922
13	15.013898
13	27.245997
13	13.309335
13	21.570681
13	11.509881
13	22.377599
13	12.287337
13	18.809569
13	23.651669
13	22.532336
13	22.057244
13	18.860487
13	17.346069
13	12.354324
13	23.559666
13	20.325053
13	30.372439
13	17.973545
13	14.796278
13	16.784741
13	9.951549
13	21.655832
13	19.484491
13	31.811765
13	10.804314
13	16.056712
13	18.805594
13	16.455360
13	14.787691
13	14.263074
13	24.749558
13	16.258769
13	19.397519
13	19.710691
13	35.508098
13	21.590817
13	16.314327
13	21.487062
13	22.274467
13	19.173316
13	21.698846
14	16.260791
14	28.466210
14	20.184084
14	20.102797
14	15.299401
14	13.547772
14	9.772794
14	9.245802
14	26.952472
14	18.333333
14	20.217798
14	18.740666
14	19.676420
14	19.746380
14	17.758471
14	18.503893
14	29.488203
14	17.776983
14	24.302330
14	9.578983
14	23.054131
14	21.324786
14	24.041436
14	14.790979
14	11.341323
14	20.243681
14	11.149799
14	8.483481
14	10.768596
14	17.216110
14	17.765888
14	18.519391
14	18.861736
14	22.262512
14	20.996760
14	24.868326
14	14.273971
14	15.905950
14	13.846455
14	20.908876
14	22.337282
14	13.791932
14	22.712205
14	21.424990
14	14.176670
14	18.269468
14	12.582845
14	35.831418
14	17.526045
14	13.917425
14	15.876133
14	19.506782
14	28.420000
14	19.518325
14	17.197814
14	27.585594
14	12.752572
14	15.422662
14	13.800124
14	15.932261
14	11.596747
14	18.775437
14	27.171998
14	15.064837
14	16.162246
14	13.751824
14	13.219129
14	21.745704
14	18.287143
14	18.570952
14	19.730854
14	30.817362
14	23.152239
14	19.291768
14	18.473029
14	16.389565
14	22.409694
14	12.038024
14	15.737410
14	21.933001
14	23.035070
14	24.501273
14	18.140338
14	22.541003
14	19.091923
14	23.599621
14	15.247568
14	13.538766
14	14.294455
14	20.301593
14	17.659963
14	15.701617
14	17.317610
14	19.445717
14	15.353584
14	21.226162
14	20.670318
14	19.500691
14	17.427912
14	20.368912
15	15.022983
15	22.846249
15	22.203457
15	19.892465
15	14.870558
15	23.592692
15	15.875505
15	11.357269
15	22.933333
15	27.724667
15	17.270756
15	18.029386
15	16.457672
15	17.659733
15	22.972940
15	22.663812
15	25.811103
15	12.745296
15	25.780707
15	20.181599
15	17.558287
15	9.946537
15	18.810628
15	26.730868
15	15.883400
15	20.824121
15	22.431818
15	23.283927
15	9.268100
15	14.137063
15	27.718992
15	26.482065
15	16.138435
15	18.044110
15	26.533568
15	17.401740
15	10.457412
15	17.969876
15	13.004693
15	21.540244
15	22.496707
15	34.605242
15	21.704805
15	9.525316
15	16.462549
15	12.595357
15	20.324066
15	10.480726
15	18.008362
15	12.907637
15	24.489552
15	21.185794
15	12.477746
15	19.396608
15	13.739425
15	29.131025
15	16.491393
15	15.519126
15	12.142377
15	17.472788
15	25.043591
15	30.724324
15	12.496644
15	10.920847
15	8.246149
15	23.449778
15	17.852483
15	15.455880
15	13.302457
15	20.075731
15	17.253783
15	27.464564
15	21.569526
15	17.208446
15	23.123506
15	16.204833
15	14.418309
15	15.969466
15	15.010423
15	23.671851
15	10.436535
15	25.688073
15	23.134175
15	21.019263
15	15.207719
15	22.884229
15	18.104538
15	9.966368
15	19.923671
15	16.577420
15	8.577942
15	20.097051
15	14.776093
15	15.056741
15	22.444319
15	12.588171
15	20.780392
15	7.495463
15	13.964955
15	25.860889
16	11.138349
16	12.652519
16	23.677582
16	7.765406
16	15.538134
16	20.248084
16	12.441854
16	18.536812
16	15.515606
16	9.875541
16	20.972855
16	19.130435
16	17.392362
16	23.558264
16	13.402305
16	11.807093
16	21.066546
16	15.809568
16	8.305997
16	13.022594
16	15.366372
16	23.173359
16	32.243902
16	22.852285
16	15.840456
16	15.212638
16	24.206021
16	22.603042
16	18.477879
16	10.884544
16	21.723545
16	13.259689
16	15.148667
16	22.935015
16	24.008391
16	14.451897
16	19.694449
16	25.209997
16	26.552127
16	13.472543
16	19.297656
16	15.227810
16	11.524116
16	22.415027
16	25.106554
16	18.457846
16	14.740583
16	14.836165
16	18.413117
16	20.085342
16	20.630895
16	27.060986
16	16.400622
16	18.059347
16	15.527451
16	20.558067
16	24.147067
16	24.567376
16	20.847552
16	22.098012
16	12.887029
16	15.376972
16	11.542239
16	25.274793
16	22.070193
16	7.067233
16	12.185859
16	30.043026
16	14.926589
16	13.589017
16	32.818016
16	27.045357
16	20.330924
16	17.667628
16	23.384615
16	23.903614
16	17.626392
16	14.502182
16	20.064777
16	10.739767
16	14.523400
16	24.601903
16	32.292399
16	12.494257
16	32.171083
16	17.346195
16	32.077670
16	18.620347
16	13.898089
16	17.089090
16	13.607908
16	24.817369
16	12.402226
16	20.780924
16	8.252567
16	10.802947
16	21.638205
16	12.949808
16	19.473712
16	16.871425
17	4.897833
17	10.232771
17	16.787851
17	13.473736
17	20.745498
17	24.093058
17	20.991060
17	15.124119
17	21.542416
17	16.249144
17	15.972761
17	18.990428
17	9.643468
17	17.804825
17	20.076428
17	20.616194
17	22.086651
17	21.652695
17	17.238337
17	16.388262
17	17.762361
17	20.307008
17	20.436822
17	16.134177
17	23.171090
17	12.644438
17	14.575076
17	15.547950
17	11.858684
17	24.096237
17	26.477998
17	17.067308
17	28.154640
17	20.517316
17	23.002173
17	15.875598
17	21.819676
17	19.764706
17	25.067313
17	19.085276
17	20.831471
17	18.925956
17	13.549750
17	23.951406
17	24.436823
17	19.413883
17	21.353899
17	26.209302
17	20.308065
17	28.348135
17	14.210496
17	23.211017
17	16.981235
17	17.069519
17	29.182938
17	6.830651
17	22.691318
17	20.323517
17	13.490463
17	19.987692
17	14.609772
17	26.628468
17	10.918854
17	14.340929
17	22.842968
17	21.468478
17	16.897618
17	23.965012
17	21.157199
17	25.834685
17	17.698210
17	24.587500
17	21.604311
17	21.604938
17	20.789561
17	18.190082
17	20.908331
17	21.783186
17	12.403008
17	16.260993
17	20.164289
17	34.047574
17	26.985156
17	19.499735
17	33.115183
17	3.160271
17	13.171340
17	21.543240
17	20.825661
17	11.714739
17	24.548483
17	28.662482
17	11.083238
17	9.492172
17	20.120457
17	15.476896
17	12.976983
17	21.590652
17	18.299041
17	11.854875
18	22.734381
18	18.719993
18	26.793980
18	15.954949
18	16.192413
18	20.469001
18	13.540290
18	27.228141
18	21.298328
18	21.048218
18	18.274581
18	12.893471
18	16.978674
18	12.974885
18	21.628228
18	14.532425
18	14.084199
18	28.197684
18	11.906818
18	11.123596
18	14.534161
18	17.556535
18	20.056193
18	12.842159
18	14.844500
18	16.672467
18	20.970920
18	30.360276
18	19.271030
18	18.899252
18	21.676663
18	14.113568
18	17.823034
18	12.197078
18	13.299195
18	19.426140
18	16.852792
18	12.839703
18	21.148619
18	20.909329
18	13.337812
18	25.974455
18	17.939063
18	20.891064
18	14.864675
18	9.746894
18	11.761057
18	13.996176
18	22.166766
18	22.780319
18	20.337491
18	20.147717
18	21.168638
18	17.057741
18	25.301205
18	14.215582
18	13.211164
18	23.571637
18	21.683926
18	20.874156
18	26.979360
18	23.708029
18	18.672361
18	12.655618
18	20.498132
18	12.788332
18	16.109487
18	25.878788
18	13.896059
18	18.362808
18	18.872373
18	28.994083
18	23.488501
18	15.438283
18	14.120762
18	16.702008
18	13.152156
18	11.499558
18	38.418605
18	16.874151
18	18.338037
18	6.861925
18	17.457659
18	13.332704
18	18.316520
18	39.033023
18	18.610131
18	19.959709
18	16.477827
18	10.320158
18	18.142478
18	19.632674
18	25.392558
18	15.847932
18	17.683968
18	17.614067
18	22.323957
18	17.877544
18	21.477554
18	20.984638
19	21.258134
19	16.397706
19	18.075708
19	12.910896
19	8.768053
19	25.057448
19	20.180180
19	16.835080
19	22.544206
19	21.210728
19	20.549664
19	20.812081
19	14.651781
19	22.034158
19	24.492615
19	12.015038
19	21.819687
19	17.389697
19	13.619649
19	10.315230
19	25.152542
19	19.254791
19	28.010217
19	16.364271
19	14.040913
19	14.115137
19	14.212969
19	13.626761
19	8.216153
19	15.361999
19	21.579034
19	9.680111
19	14.861973
19	18.915618
19	12.319246
19	16.084688
19	21.536690
19	13.081600
19	26.653421
19	16.555508
19	15.185240
19	20.171978
19	20.534395
19	27.347223
19	21.116231
19	17.531931
19	20.975439
19	9.198520
19	22.100667
19	18.571214
19	17.467677
19	42.963385
19	18.351981
19	18.848512
19	13.964736
19	20.662526
19	8.877427
19	25.692796
19	21.027559
19	18.017340
19	16.858006
19	19.505649
19	13.094955
19	23.518225
19	21.879393
19	18.086834
19	21.202956
19	22.609413
19	21.011159
19	17.575697
19	20.052780
19	20.909155
19	22.589355
19	20.968518
19	23.281575
19	16.432177
19	16.023489
19	18.344519
19	22.653285
19	17.452575
19	15.415120
19	16.278383
19	13.318090
19	8.838594
19	16.190292
19	15.111722
19	21.078897
19	22.131737
19	14.698186
19	20.046160
19	16.028400
19	28.089795
19	21.780158
19	13.613244
19	19.212282
19	22.512430
19	19.744966
19	30.099599
19	19.817613
19	19.092763
20	15.017650
20	27.067138
20	14.446673
20	18.735458
20	13.432388
20	15.672871
20	22.052790
20	20.726257
20	11.368927
20	21.661668
20	15.375510
20	18.623702
20	15.873936
20	18.535748
20	10.215404
20	23.426586
20	32.450500
20	12.006497
20	18.268249
20	16.629008
20	20.515723
20	19.850440
20	21.699431
20	14.178485
20	19.477219
20	13.290712
20	15.301468
20	19.682331
20	19.775586
20	16.044362
20	19.270032
20	17.631280
20	24.413161
20	16.173637
20	26.594882
20	22.163473
20	22.605900
20	21.252297
20	18.525167
20	28.077944
20	33.315068
20	26.277702
20	18.352337
20	17.510746
20	22.748438
20	27.102221
20	17.898142
20	24.543776
20	23.598916
20	25.023697
20	31.304088
20	19.439279
20	14.272325
20	6.048945
20	17.442259
20	23.907193
20	30.553217
20	31.184161
20	31.681628
20	33.793103
20	13.043081
20	9.019975
20	18.003788
20	18.198062
20	26.008109
20	18.552589
20	27.514122
20	17.187905
20	16.861314
20	24.088734
20	21.514543
20	20.397351
20	32.044600
20	11.462063
20	19.282349
20	15.545513
20	17.224587
20	21.214239
20	19.699953
20	32.411089
20	18.461538
20	19.189238
20	19.039018
20	14.820732
20	12.147911
20	18.440242
20	18.598368
20	11.092821
20	15.124438
20	6.778663
20	29.390899
20	18.091301
20	19.499034
20	22.763848
20	7.694837
20	19.740417
20	13.163142
20	18.129715
20	15.125502
20	27.297384
21	14.628728
21	19.703541
21	29.770520
21	19.819628
21	13.434176
21	23.895219
21	18.233499
21	23.284856
21	20.759970
21	13.576285
21	24.409250
21	20.437678
21	10.383341
21	14.564447
21	12.206022
21	33.483458
21	23.432203
21	19.369743
21	15.322366
21	4.513597
21	30.972067
21	11.122469
21	24.453771
21	22.120520
21	16.591649
21	14.557271
21	13.039117
21	30.333333
21	11.966644
21	15.429152
21	14.230824
21	25.614936
21	21.913155
21	23.465130
21	21.006676
21	6.907317
21	19.276064
21	11.604563
21	18.901496
21	16.116668
21	17.640531
21	18.697247
21	27.787476
21	16.881715
21	15.273566
21	18.017455
21	17.655035
21	13.593356
21	17.665018
21	17.586362
21	16.207505
21	18.103371
21	17.016765
21	35.936152
21	31.721475
21	27.629872
21	43.425281
21	25.272372
21	15.275983
21	14.305982
21	18.267481
21	18.242812
21	17.951060
21	29.366914
21	26.391007
21	12.867023
21	15.906138
21	9.963389
21	19.626616
21	23.230296
21	23.788136
21	12.789953
21	40.574350
21	16.304970
21	18.065736
21	15.493078
21	16.706402
21	11.336864
21	20.441016
21	13.910031
21	15.357227
21	7.943213
21	13.792986
21	13.650069
21	8.755917
21	32.828274
21	27.306640
21	21.896296
21	21.079567
21	17.512883
21	12.310482
21	14.016152
21	22.296390
21	16.204887
21	19.388603
21	21.786108
21	14.373124
21	22.469975
21	12.173913
21	24.388926
22	14.047451
22	20.826642
22	23.544431
22	21.536310
22	26.844812
22	13.375946
22	21.954103
22	22.720581
22	20.005917
22	24.791667
22	24.043478
22	15.037778
22	15.108975
22	14.954524
22	20.406152
22	22.088763
22	19.275083
22	15.732198
22	14.638630
22	31.200538
22	16.048964
22	23.321377
22	9.546908
22	19.205391
22	30.828352
22	22.245748
22	19.306009
22	20.467836
22	20.713305
22	21.909664
22	10.674654
22	17.762238
22	14.332470
22	21.187686
22	4.352044
22	16.420686
22	16.225459
22	25.716952
22	17.461790
22	17.742303
22	13.952007
22	20.125197
22	48.637374
22	14.101399
22	18.347147
22	21.015590
22	17.867992
22	16.055091
22	20.548594
22	20.483350
22	18.528998
22	19.751831
22	14.190911
22	23.664339
22	12.191667
22	14.130031
22	16.961422
22	17.097988
22	21.567878
22	25.035728
22	15.311738
22	27.326162
22	15.923222
22	24.579256
22	14.165261
22	14.973348
22	10.252282
22	14.229309
22	11.780872
22	17.088597
22	15.250779
22	11.845781
22	23.855091
22	24.186678
22	23.167229
22	23.087619
22	28.990978
22	10.845212
22	18.750542
22	22.085934
22	34.125000
22	21.237072
22	16.111814
22	26.475279
22	18.527333
22	24.130081
22	21.390307
22	17.273575
22	18.455625
22	14.344014
22	20.054595
22	17.592066
22	29.409538
22	18.486602
22	13.642586
22	24.957386
22	13.905774
22	25.246651
22	13.562221
22	13.326791
23	20.363636
23	15.820189
23	17.667875
23	10.028156
23	26.656546
23	18.695635
23	11.979125
23	12.354136
23	35.368088
23	19.317840
23	21.681100
23	22.560104
23	22.438481
23	14.463325
23	25.723950
23	24.486828
23	18.331972
23	11.855237
23	17.255671
23	12.637700
23	12.830817
23	25.251609
23	11.563312
23	14.110871
23	14.824586
23	21.748270
23	11.570942
23	13.933834
23	17.156553
23	19.688793
23	18.565315
23	21.417353
23	13.534906
23	20.319905
23	25.582905
23	17.200122
23	12.280413
23	27.465320
23	11.269980
23	26.503341
23	20.798429
23	20.549277
23	15.076194
23	15.554906
23	13.558604
23	12.800000
23	21.742251
23	20.333948
23	16.794209
23	22.467774
23	21.213420
23	17.428852
23	14.585813
23	33.577958
23	22.637508
23	20.552189
23	18.046111
23	21.708745
23	12.183524
23	17.977099
23	12.830241
23	16.355616
23	12.350991
23	16.442694
23	14.868125
23	20.395706
23	15.800638
23	15.335987
23	15.755895
23	12.750731
23	19.294144
23	14.547731
23	15.851680
23	29.346056
23	5.558583
23	21.367314
23	17.143089
23	21.560310
23	14.189831
23	21.026671
23	14.180595
23	14.768382
23	12.644986
23	15.365854
23	23.750182
23	18.006160
23	17.210507
23	19.885571
23	21.928221
23	17.972885
23	23.818196
23	12.356970
23	21.104160
23	19.201622
23	19.072299
23	24.142547
23	11.184182
23	18.532721
23	14.440837
23	22.620991
24	8.775135
24	25.220368
24	25.192329
24	16.756683
24	22.981557
24	16.586678
24	12.514349
24	20.263800
24	17.023225
24	18.681319
24	18.684047
24	23.158000
24	8.993012
24	18.726548
24	24.003870
24	19.157098
24	25.776455
24	53.747126
24	16.442228
24	10.120181
24	25.316084
24	20.401422
24	28.232199
24	23.261750
24	16.938402
24	13.495949
24	24.765421
24	12.013257
24	15.095237
24	13.132926
24	16.981507
24	24.994273
24	21.077266
24	17.203677
24	24.082999
24	21.698483
24	18.901993
24	21.134682
24	24.565437
24	21.176471
24	15.412844
24	14.068515
24	23.577325
24	12.110365
24	31.596836
24	23.619960
24	23.363533
24	10.213891
24	7.825990
24	12.956266
24	17.701388
24	13.947704
24	17.888544
24	18.955424
24	13.292576
24	15.075874
24	21.595308
24	15.334755
24	11.472840
24	19.756036
24	13.188970
24	18.781813
24	17.343588
24	16.439742
24	19.057477
24	18.047824
24	16.027586
24	13.997485
24	20.586925
24	12.615589
24	19.729107
24	10.114943
24	15.644899
24	14.938160
24	14.213774
24	21.907474
24	16.792699
24	11.938650
24	13.614618
24	20.971424
24	15.643123
24	15.527105
24	19.536930
24	33.984638
24	13.335651
24	24.147420
24	28.239316
24	6.256704
24	21.499748
24	20.586706
24	18.072685
24	17.497428
24	21.763920
24	16.417989
24	15.649547
24	14.936801
24	17.402227
24	21.651130
24	21.837489
24	24.120092
25	23.787347
25	25.594910
25	17.292110
25	16.054789
25	28.687099
25	19.558329
25	14.594854
25	29.240590
25	19.726331
25	18.111022
25	17.756347
25	21.813997
25	17.101547
25	22.623605
25	37.304637
25	9.984143
25	19.178842
25	15.379437
25	22.071834
25	15.834891
25	14.012531
25	20.998465
25	14.055324
25	9.632078
25	18.103037
25	14.995678
25	16.455906
25	16.647100
25	36.328086
25	17.930319
25	19.412971
25	20.456081
25	23.611744
25	18.516687
25	17.883801
25	10.556691
25	8.696400
25	22.505193
25	19.800482
25	21.807327
25	27.589099
25	11.703923
25	23.840580
25	20.193531
25	21.296376
25	20.373000
25	15.802273
25	13.514165
25	17.256383
25	17.273981
25	22.370370
25	21.048467
25	27.361869
25	11.498835
25	19.666124
25	17.259851
25	9.824561
25	18.341749
25	17.460415
25	16.011517
25	13.588715
25	27.042500
25	11.914674
25	20.541775
25	25.484922
25	39.746434
25	19.014599
25	16.326898
25	25.643203
25	19.878434
25	20.575825
25	22.708344
25	14.265556
25	15.960278
25	22.359982
25	13.169639
25	23.612360
25	14.801792
25	13.705004
25	24.813844
25	24.940724
25	24.186095
25	17.274162
25	12.414869
25	19.018562
25	24.685014
25	23.280662
25	19.734592
25	13.301854
25	16.018434
25	15.100462
25	22.438840
25	11.949250
25	13.245851
25	17.902602
25	20.780843
25	20.235247
25	17.953500
25	21.062281
25	18.169610
26	18.000289
26	21.415075
26	18.400187
26	11.393432
26	21.604938
26	15.897001
26	13.148122
26	15.231382
26	23.008005
26	20.975165
26	20.389229
26	20.076090
26	28.557101
26	21.755645
26	16.939036
26	27.402439
26	16.986100
26	12.342483
26	17.205195
26	21.304692
26	13.043579
26	27.152339
26	17.638471
26	26.773754
26	13.657902
26	19.180236
26	20.117652
26	21.016610
26	22.646265
26	13.865664
26	12.041237
26	13.116849
26	21.660061
26	7.521422
26	13.066295
26	15.203992
26	20.988965
26	18.910553
26	28.487887
26	18.896782
26	15.334350
26	14.823285
26	18.194472
26	31.124427
26	23.532468
26	10.462753
26	16.104673
26	25.379784
26	18.276856
26	11.625562
26	17.907274
26	26.256361
26	13.170249
26	18.521158
26	10.161478
26	26.116131
26	20.229010
26	8.726773
26	18.071183
26	32.836022
26	23.813515
26	27.859711
26	21.650209
26	19.555418
26	14.930623
26	16.100218
26	22.884282
26	7.374732
26	15.411687
26	13.298773
26	13.229252
26	20.519581
26	16.681975
26	18.960265
26	21.160225
26	20.235908
26	15.961995
26	14.631668
26	18.748038
26	11.338124
26	24.927200
26	17.465720
26	20.371975
26	16.558057
26	20.210161
26	19.622706
26	14.348596
26	25.530214
26	28.186780
26	27.551780
26	9.715711
26	23.045038
26	21.256503
26	6.848692
26	22.764552
26	15.824906
26	16.888525
26	21.893780
26	22.250491
26	17.027027
27	20.895522
27	19.776583
27	25.890007
27	7.384177
27	16.455900
27	20.710697
27	13.058580
27	20.416846
27	20.058581
27	17.080428
27	21.141845
27	20.404095
27	14.821158
27	20.476582
27	14.719862
27	16.861099
27	20.631211
27	13.757593
27	22.604613
27	27.744108
27	12.629861
27	26.913097
27	16.931583
27	16.550532
27	18.787075
27	27.171620
27	29.870824
27	26.786615
27	6.505163
27	17.318950
27	12.256536
27	14.557940
27	20.516474
27	22.729478
27	16.151634
27	15.952746
27	14.551200
27	16.804819
27	16.645707
27	18.652110
27	28.465129
27	14.925152
27	14.892610
27	9.946503
27	16.176667
27	15.625440
27	13.826043
27	28.148100
27	14.899843
27	16.627611
27	13.431977
27	20.813322
27	42.088116
27	18.728515
27	10.150614
27	23.895254
27	16.579718
27	24.006924
27	10.392742
27	21.559490
27	17.385411
27	20.408054
27	18.241568
27	25.464771
27	15.662901
27	18.895316
27	13.109517
27	17.493721
27	23.980981
27	32.000000
27	9.969887
27	16.355613
27	19.971355
27	17.444548
27	24.491438
27	25.362725
27	22.103352
27	15.653839
27	23.117828
27	21.904113
27	19.712613
27	16.086224
27	18.186974
27	19.123821
27	20.923103
27	16.944407
27	22.639077
27	21.823243
27	31.034149
27	20.160620
27	13.442073
27	21.147921
27	12.289420
27	18.935566
27	16.689806
27	20.682238
27	18.020761
27	27.115447
27	4.319899
27	14.991857
28	24.536385
28	23.056434
28	13.408888
28	25.354774
28	18.488390
28	14.528410
28	24.097478
28	20.397150
28	22.303837
28	12.249766
28	37.259598
28	19.911797
28	25.646232
28	18.677973
28	22.187702
28	16.382477
28	25.174312
28	15.481849
28	28.259259
28	18.167513
28	13.717785
28	20.092492
28	23.185903
28	12.637108
28	10.001436
28	16.488108
28	16.168116
28	24.101019
28	17.517667
28	18.454581
28	26.947129
28	22.009066
28	19.264410
28	11.831972
28	13.206589
28	12.728154
28	18.182567
28	23.067507
28	18.791262
28	24.211905
28	20.532305
28	9.269236
28	30.868071
28	24.468317
28	25.746894
28	20.100807
28	21.556403
28	13.940649
28	22.307972
28	12.085215
28	21.801906
28	9.132942
28	22.732095
28	8.692721
28	21.817635
28	17.493854
28	13.759955
28	20.251684
28	20.245869
28	18.539870
28	26.151911
28	25.761611
28	14.819388
28	15.798045
28	14.614070
28	17.811307
28	18.471587
28	19.478261
28	12.481271
28	49.938222
28	16.006434
28	20.436831
28	10.860990
28	19.045122
28	9.242054
28	15.598473
28	23.913685
28	13.060296
28	21.438550
28	24.501644
28	19.303064
28	21.418311
28	12.754035
28	14.761788
28	22.141870
28	17.349130
28	21.576350
28	19.797528
28	12.040973
28	22.130250
28	23.553084
28	13.290989
28	23.852911
28	15.587477
28	13.313501
28	18.897963
28	19.559735
28	15.407513
28	15.263024
28	8.916641
29	23.040056
29	17.879234
29	18.547292
29	17.933381
29	20.448970
29	10.849234
29	20.486512
29	14.285558
29	26.881226
29	22.676878
29	18.899928
29	22.308795
29	11.179848
29	9.728398
29	17.717659
29	24.171067
29	18.469625
29	17.250402
29	25.666372
29	19.117637
29	15.441588
29	20.231383
29	7.490756
29	15.268190
29	17.092201
29	29.070064
29	18.026529
29	14.655755
29	20.608119
29	15.761064
29	12.881017
29	16.053193
29	13.936573
29	16.698401
29	22.736481
29	23.802546
29	25.852273
29	13.987955
29	20.254670
29	14.789615
29	16.594460
29	15.983573
29	11.418264
29	23.894767
29	19.072323
29	22.616941
29	19.736503
29	15.880102
29	12.072266
29	13.104114
29	18.066450
29	8.868954
29	19.823009
29	24.783784
29	21.683200
29	12.088424
29	13.155954
29	21.652529
29	17.852307
29	28.314820
29	23.894937
29	20.972973
29	12.883930
29	9.055276
29	20.617277
29	14.673643
29	25.328863
29	18.969567
29	7.099822
29	11.810302
29	21.267546
29	17.866209
29	17.037654
29	21.439254
29	19.537584
29	23.187161
29	20.807431
29	15.258378
29	21.735571
29	23.339084
29	17.039741
29	13.068226
29	18.283447
29	11.729223
29	15.676967
29	14.141741
29	24.246642
29	16.696937
29	23.208677
29	10.849586
29	15.433071
29	16.210474
29	32.732394
29	13.027185
29	18.182232
29	20.570029
29	21.964043
29	16.311001
29	16.684330
29	22.618960
30	15.287822
30	15.547724
30	24.304400
30	14.501511
30	15.464325
30	18.268293
30	17.759800
30	16.727989
30	16.931007
30	18.709605
30	18.798964
30	25.524606
30	11.934766
30	10.859582
30	15.675181
30	19.117361
30	15.123816
30	14.206881
30	20.461315
30	26.135414
30	23.562412
30	20.328519
30	19.175705
30	8.509787
30	17.176137
30	18.060520
30	18.659879
30	14.145876
30	13.586885
30	14.302941
30	19.817130
30	20.690166
30	14.954787
30	20.063224
30	12.526957
30	14.926645
30	15.386693
30	11.904217
30	19.053623
30	20.903226
30	18.804694
30	15.448695
30	25.350330
30	16.210138
30	21.549311
30	17.892221
30	17.989806
30	12.019559
30	33.448814
30	15.688931
30	19.547493
30	22.192934
30	24.898686
30	9.286816
30	26.468096
30	17.376636
30	22.878130
30	13.238494
30	24.212496
30	12.448050
30	9.725414
30	16.460502
30	11.849024
30	27.036788
30	24.907427
30	14.980192
30	17.167175
30	18.626938
30	26.723511
30	21.305330
30	17.858583
30	13.291339
30	18.499916
30	9.657059
30	14.343120
30	21.601713
30	12.586011
30	17.487767
30	23.955868
30	21.191732
30	36.207211
30	17.861325
30	14.545631
30	13.771446
30	13.344003
30	20.223081
30	11.781004
30	25.402693
30	18.881441
30	23.030810
30	7.911070
30	12.568927
30	19.855404
30	15.956379
30	19.342981
30	22.214370
30	35.177340
30	14.685286
30	20.254671
30	18.420251
