1	24.249084
1	19.251969
1	32.093023
1	30.000000
1	20.845070
1	20.970874
1	20.554529
1	19.823009
1	20.196560
1	19.857143
1	20.270793
1	0.000000
1	19.574468
1	20.871935
1	20.241796
1	19.343434
1	22.538293
1	19.634146
1	19.613900
1	20.425532
1	22.270059
1	29.311741
1	20.196353
1	20.712589
1	19.393939
1	20.194863
1	48.000000
1	22.204409
1	21.710526
1	20.219092
1	19.677419
1	20.519481
1	20.356718
1	19.885714
1	23.543914
1	41.379310
1	20.447761
1	20.301205
1	19.695712
1	20.219780
1	21.972921
1	20.869565
1	19.560878
1	28.185053
1	25.084746
1	26.666667
1	19.477304
1	20.505992
1	19.680851
1	19.368421
1	0.000000
1	21.742984
1	0.000000
1	21.960784
1	20.607424
1	20.282828
1	20.151899
1	22.239686
1	28.888889
1	20.567108
1	19.833488
1	21.754386
1	19.467312
1	19.574468
1	19.791356
1	0.000000
1	40.000000
1	20.000000
1	19.443872
1	20.317460
1	21.174278
1	22.354145
1	19.382716
1	19.047619
1	21.052632
1	22.448980
1	21.946903
1	24.000000
1	20.545906
1	19.740260
1	40.000000
1	80.000000
1	19.393939
1	24.256121
1	20.255009
1	19.607843
1	20.522565
1	19.307536
1	21.286550
1	20.297030
1	0.000000
1	16.795637
1	19.643917
1	40.000000
1	21.454994
1	19.838449
1	23.354839
1	0.000000
1	19.726027
1	24.573379
2	19.791232
2	20.213675
2	20.716113
2	22.407407
2	22.469880
2	20.301075
2	20.795107
2	0.000000
2	19.101498
2	19.813333
2	22.558559
2	19.508197
2	18.057631
2	26.499518
2	22.521008
2	22.352941
2	23.023873
2	9.491525
2	20.911436
2	19.831210
2	20.907441
2	19.856528
2	19.935275
2	21.333333
2	20.234926
2	16.169394
2	19.250493
2	20.000000
2	22.510121
2	19.808000
2	2.380200
2	19.770859
2	21.108269
2	20.141844
2	20.144479
2	19.514563
2	20.376007
2	31.353383
2	15.931180
2	4.650400
2	21.684982
2	26.557712
2	20.694006
2	34.914901
2	21.440678
2	20.224719
2	21.652570
2	19.334812
2	20.661030
2	20.609418
2	20.125786
2	26.028708
2	20.000000
2	2	20.439437
2	16.021220
2	20.210526
2	25.132270
2	32.465419
2	24.134078
2	20.588877
2	24.709480
2	17.269461
2	28.059701
2	19.830668
2	21.152542
2	19.617834
2	30.568670
2	21.344538
2	19.860671
2	26.218138
2	20.359281
2	20.576577
2	20.634391
2	19.614325
2	25.494949
2	23.028105
2	20.724409
2	21.856392
2	19.140271
2	20.655738
2	22.739565
2	15.074882
2	18.542274
2	20.272109
2	14.339223
2	21.176471
2	28.112812
2	25.255474
2	20.881764
2	19.917355
2	15.156375
2	20.261097
2	19.961165
2	19.929988
2	21.382979
2	20.993677
2	21.592920
2	20.608000
2	10.154561
3	29.902505
3	18.983051
3	6.171267
3	19.482879
3	22.905983
3	17.521398
3	11.273575
3	21.118012
3	11.230085
3	19.547646
3	19.613527
3	15.128395
3	20.951227
3	21.259880
3	32.751992
3	21.409836
3	19.979036
3	24.550265
3	17.575872
3	12.724883
3	12.799763
3	17.592943
3	21.033210
3	20.254693
3	19.502807
3	14.904679
3	22.190461
3	18.742049
3	28.722826
3	14.766100
3	11.317790
3	21.333333
3	20.943396
3	26.086957
3	20.173913
3	32.393273
3	19.622093
3	15.735381
3	18.406806
3	21.060606
3	31.342738
3	19.596273
3	17.919609
3	20.511811
3	17.806268
3	8.763720
3	20.483776
3	19.615385
3	4.399112
3	19.466574
3	20.140845
3	15.160745
3	19.661017
3	31.888675
3	11.869844
3	20.496397
3	16.679905
3	12.091269
3	20.353857
3	13.645648
3	13.569043
3	20.337251
3	23.565891
3	25.053259
3	27.066118
3	20.510060
3	20.382353
3	10.695008
3	13.575600
3	20.006577
3	21.254125
3	20.401371
3	20.013221
3	20.339660
3	17.490590
3	24.041812
3	24.599906
3	20.260384
3	21.365236
3	10.642115
3	21.503928
3	23.812317
3	25.477855
3	19.965187
3	20.557135
3	20.904255
3	21.010877
3	19.789132
3	9.166888
3	20.845070
3	19.854514
3	20.850320
3	18.306137
3	22.276119
3	24.555809
3	20.677467
3	20.327869
3	16.161786
3	18.784067
3	21.471334
4	11.118767
4	9.064701
4	28.633880
4	19.953083
4	20.780287
4	38.744229
4	21.302336
4	21.959055
4	20.621605
4	25.851470
4	16.655768
4	12.517145
4	17.444024
4	20.769231
4	13.579481
4	17.443863
4	21.400778
4	12.811310
4	12.695270
4	18.604838
4	19.980676
4	15.470570
4	20.531561
4	19.287777
4	20.538117
4	19.008913
4	20.576132
4	19.406250
4	13.418049
4	6.647521
4	18.157424
4	42.161290
4	20.972018
4	18.684851
4	15.967575
4	20.471513
4	23.588838
4	21.711893
4	11.626424
4	14.039363
4	22.337501
4	19.272348
4	17.589401
4	20.394537
4	23.441451
4	16.078044
4	22.107767
4	9.334878
4	14.191829
4	19.869202
4	17.383798
4	21.337684
4	22.932917
4	16.695205
4	19.939348
4	18.405337
4	30.142553
4	20.291112
4	21.721068
4	33.924232
4	20.216278
4	22.097115
4	10.670595
4	21.292776
4	22.057067
4	20.550162
4	18.519534
4	24.145535
4	9.876806
4	22.586689
4	17.650954
4	21.675284
4	12.494432
4	25.076681
4	16.042528
4	13.400354
4	18.296039
4	20.483271
4	15.968151
4	24.144109
4	12.866443
4	21.889688
4	30.172745
4	24.304762
4	17.726177
4	13.800450
4	11.542390
4	20.136752
4	16.301517
4	22.317949
4	20.838664
4	13.311431
4	29.587328
4	23.496933
4	20.193072
4	24.798464
4	20.219780
4	29.799499
4	19.001560
4	22.402017
5	22.050221
5	17.510709
5	31.625094
5	18.546207
5	25.457677
5	13.647910
5	8.879756
5	15.332215
5	22.591222
5	35.222108
5	23.972800
5	25.951147
5	24.515916
5	24.530635
5	17.763403
5	14.511899
5	21.636829
5	20.332937
5	19.632082
5	9.610748
5	22.728620
5	22.754332
5	20.948767
5	17.305535
5	34.877765
5	20.755219
5	16.091042
5	24.730406
5	24.779003
5	20.924262
5	18.851878
5	22.183051
5	22.025144
5	23.403368
5	19.264000
5	27.636364
5	17.570544
5	21.311781
5	15.650438
5	19.738407
5	8.594971
5	20.909642
5	10.758211
5	15.432815
5	11.812317
5	18.949639
5	16.524590
5	14.557283
5	28.611463
5	19.735565
5	21.545317
5	16.944938
5	21.245307
5	12.458394
5	22.549796
5	25.423197
5	16.435478
5	21.072062
5	22.167545
5	9.840725
5	22.296651
5	10.058268
5	18.878206
5	13.712251
5	16.648853
5	16.644711
5	14.237589
5	30.098241
5	17.030692
5	19.205008
5	12.633697
5	21.924547
5	22.717678
5	22.385275
5	17.645193
5	17.776360
5	30.932824
5	21.470588
5	18.990193
5	15.094868
5	23.243889
5	14.853078
5	21.211372
5	24.628741
5	17.307935
5	19.660057
5	20.883273
5	13.262032
5	18.157514
5	9.882353
5	14.085590
5	24.391333
5	51.070752
5	17.907290
5	16.990451
5	16.791789
5	18.824848
5	9.747717
5	24.024929
5	21.546459
6	24.190098
6	12.038196
6	19.682281
6	16.592791
6	20.321543
6	15.191860
6	22.233081
6	32.193885
6	19.573156
6	20.641300
6	10.979169
6	17.621768
6	21.279070
6	22.758330
6	8.827093
6	17.439156
6	19.083164
6	23.053038
6	20.101067
6	26.305761
6	15.679700
6	22.520594
6	33.156659
6	24.494163
6	21.258230
6	19.299611
6	17.001349
6	19.700704
6	15.739260
6	15.373641
6	18.314856
6	18.354583
6	16.270053
6	12.771338
6	11.287848
6	17.074869
6	11.273957
6	38.047653
6	20.700543
6	18.321495
6	20.268714
6	21.768397
6	22.450675
6	19.917907
6	22.082583
6	22.281879
6	13.676471
6	19.368061
6	13.736208
6	17.024394
6	15.664458
6	17.620649
6	23.759417
6	12.895958
6	18.711178
6	21.377819
6	15.469471
6	19.089799
6	12.614376
6	18.831522
6	23.228296
6	19.002505
6	16.674343
6	15.169753
6	24.315789
6	20.058083
6	9.717971
6	26.153157
6	19.635146
6	20.415523
6	7.828185
6	20.911470
6	23.756462
6	20.630798
6	20.346890
6	18.550031
6	9.122126
6	12.399612
6	28.313805
6	22.975882
6	18.788116
6	17.989822
6	23.616734
6	21.907306
6	27.120830
6	17.371849
6	17.135282
6	25.205009
6	25.053292
6	17.853968
6	14.878597
6	20.340594
6	19.181543
6	12.322225
6	13.356683
6	31.430191
6	38.012808
6	38.244496
6	20.138549
6	21.356784
7	20.679935
7	15.928100
7	12.725057
7	16.504621
7	11.228328
7	23.671706
7	21.293138
7	21.486149
7	20.268926
7	22.560188
7	24.059463
7	16.604973
7	20.881626
7	20.943064
7	22.195258
7	6.860864
7	9.794765
7	27.753976
7	19.279125
7	12.592520
7	28.479527
7	25.543378
7	14.764994
7	18.725598
7	24.245663
7	19.048775
7	19.351464
7	16.387613
7	14.760247
7	26.440307
7	19.538887
7	22.744027
7	14.785352
7	19.593465
7	15.025204
7	23.343309
7	20.537801
7	22.651858
7	21.242820
7	16.516350
7	20.752491
7	20.035364
7	18.042959
7	18.032884
7	14.379632
7	19.222759
7	20.197863
7	19.355866
7	17.694044
7	17.959184
7	19.438448
7	25.489655
7	26.997661
7	15.692894
7	16.294773
7	28.426857
7	26.979464
7	24.039146
7	17.479103
7	20.807197
7	26.006071
7	15.063015
7	18.832127
7	17.419455
7	20.633196
7	17.996124
7	35.315526
7	23.404689
7	21.406839
7	16.358894
7	18.204531
7	7.030915
7	21.371366
7	22.603766
7	13.234083
7	30.929472
7	11.620168
7	19.899142
7	15.403866
7	15.102249
7	22.096986
7	21.785760
7	14.065612
7	10.299943
7	14.496328
7	15.371664
7	18.034755
7	25.131429
7	26.579673
7	19.441312
7	23.803624
7	30.521787
7	18.884720
7	11.368564
7	20.244173
7	25.674603
7	14.505152
7	33.668498
7	13.533464
7	5.765576
8	17.514363
8	20.137233
8	19.623066
8	10.251693
8	22.667226
8	15.770457
8	22.696152
8	25.808309
8	31.346178
8	18.046261
8	18.556061
8	19.791646
8	30.432099
8	9.745387
8	23.767908
8	18.147373
8	20.329104
8	22.683983
8	34.526635
8	23.352454
8	18.511808
8	21.502920
8	24.665801
8	19.510496
8	20.449227
8	19.206416
8	14.877384
8	16.389217
8	15.766831
8	16.684192
8	23.047086
8	21.300424
8	21.550842
8	23.570061
8	15.583853
8	21.106535
8	23.488047
8	16.473938
8	20.225480
8	23.198171
8	13.980256
8	27.991779
8	19.355434
8	20.934897
8	24.559945
8	25.130890
8	11.180093
8	13.043425
8	21.771719
8	23.011068
8	15.873335
8	20.800000
8	23.346008
8	22.665674
8	20.392937
8	9.720954
8	22.947764
8	18.579023
8	24.011148
8	16.097534
8	24.928232
8	26.239766
8	19.159544
8	26.310945
8	21.159930
8	16.338600
8	20.068699
8	15.941647
8	23.550802
8	10.656398
8	17.806508
8	17.454969
8	18.115370
8	21.109936
8	15.472849
8	17.132581
8	16.547226
8	9.127597
8	14.978318
8	16.369310
8	25.063969
8	36.371286
8	22.997757
8	26.372358
8	24.401829
8	14.592515
8	20.329412
8	22.796110
8	23.214332
8	19.558145
8	18.994595
8	18.217508
8	10.848828
8	5.068829
8	17.388023
8	9.820002
8	11.094152
8	20.432760
8	16.627857
8	15.274212
9	17.086488
9	19.702893
9	17.455283
9	20.371936
9	10.321338
9	19.420158
9	17.678040
9	30.225803
9	24.419373
9	18.764238
9	20.943516
9	11.968044
9	17.005124
9	13.925361
9	16.299213
9	29.554513
9	9.258312
9	18.481300
9	13.442968
9	10.721619
9	32.493256
9	21.527480
9	12.092669
9	13.613065
9	17.149287
9	13.715821
9	18.655217
9	21.275312
9	18.650901
9	22.335851
9	15.591198
9	18.099482
9	17.146818
9	18.796351
9	22.500196
9	28.682395
9	25.696026
9	16.215974
9	18.799865
9	21.810723
9	16.564865
9	14.682543
9	17.251995
9	21.803807
9	21.639624
9	16.421271
9	15.930257
9	26.580417
9	17.024951
9	20.511641
9	19.324039
9	17.818182
9	23.112161
9	31.877783
9	19.960072
9	30.468641
9	10.730524
9	16.593943
9	19.591095
9	18.401973
9	12.014816
9	25.622507
9	16.515997
9	15.531587
9	26.971385
9	19.790757
9	15.866821
9	21.601792
9	23.560335
9	14.245587
9	16.706870
9	12.319628
9	23.549760
9	25.297619
9	20.153710
9	17.685566
9	10.155898
9	14.886927
9	23.213531
9	21.568034
9	13.824535
9	14.017793
9	17.074319
9	18.030572
9	18.507317
9	22.164319
9	15.474435
9	16.319290
9	32.413161
9	28.013965
9	18.118091
9	13.794248
9	15.859833
9	24.709261
9	14.580737
9	10.902635
9	11.140218
9	22.323120
9	14.018749
9	19.303229
10	13.514201
10	44.175593
10	19.482615
10	11.135400
10	23.827893
10	13.825307
10	22.717239
10	19.492219
10	29.363520
10	19.353703
10	17.788730
10	28.697045
10	11.066131
10	22.509321
10	18.837098
10	28.339915
10	30.101689
10	17.287630
10	18.378543
10	18.597627
10	11.852639
10	13.726488
10	13.616234
10	23.797902
10	16.415500
10	28.119343
10	21.630021
10	16.847699
10	22.272727
10	24.593581
10	23.133029
10	19.150642
10	14.286228
10	18.180217
10	23.274192
10	16.633159
10	22.391847
10	25.446250
10	15.400254
10	20.928496
10	20.411655
10	11.812152
10	25.169518
10	13.328260
10	19.313814
10	21.609668
10	19.939632
10	16.111595
10	15.276787
10	25.693765
10	17.429213
10	18.956926
10	21.012910
10	22.191286
10	17.567872
10	22.646335
10	16.918814
10	9.175090
10	22.628470
10	24.189079
10	16.699940
10	26.769731
10	19.387807
10	12.000491
10	16.314091
10	16.650391
10	24.472300
10	16.473202
10	15.742921
10	21.697538
10	49.047768
10	24.751435
10	15.429387
10	14.373222
10	13.226212
10	22.276447
10	13.757862
10	28.146530
10	26.358003
10	15.687606
10	8.578941
10	17.557683
10	18.874489
10	18.552023
10	38.396988
10	20.908215
10	17.505682
10	20.935567
10	14.431973
10	22.917558
10	16.475654
10	18.394479
10	18.464596
10	21.773385
10	13.078435
10	15.042319
10	10.880582
10	24.294039
10	31.352341
10	20.564972
11	13.903862
11	13.727415
11	11.847278
11	10.312837
11	14.063525
11	17.925478
11	21.555055
11	11.560926
11	16.900206
11	28.406373
11	16.317561
11	23.729516
11	14.849888
11	22.211336
11	14.679361
11	19.099319
11	14.392114
11	21.548862
11	13.435887
11	19.622946
11	30.844635
11	17.247744
11	17.012077
11	21.751318
11	18.035333
11	26.002526
11	11.173860
11	15.680051
11	15.972940
11	28.381789
11	14.831296
11	32.177521
11	20.000000
11	16.159784
11	13.463979
11	19.301722
11	20.082843
11	17.365586
11	20.098542
11	30.972895
11	11.790340
11	10.111687
11	21.349021
11	25.300058
11	23.446257
11	17.006093
11	18.063632
11	10.370370
11	24.544261
11	20.313617
11	20.324284
11	17.500653
11	28.587491
11	26.241289
11	20.543228
11	15.778673
11	17.808364
11	20.525375
11	16.314363
11	13.135865
11	22.230920
11	24.641719
11	25.135916
11	24.221753
11	23.708701
11	17.220098
11	22.061884
11	13.614122
11	23.803941
11	25.775126
11	25.088000
11	23.187991
11	24.895813
11	17.989141
11	18.070678
11	10.153494
11	17.354086
11	12.546817
11	32.013288
11	23.695252
11	14.540037
11	16.255037
11	18.124504
11	26.751286
11	12.302174
11	12.075524
11	15.133153
11	21.677419
11	23.700405
11	27.780194
11	18.202257
11	20.987185
11	18.086925
11	22.424699
11	13.937500
11	19.804519
11	20.770445
11	20.308880
11	10.716528
11	24.899718
12	26.808407
12	12.700497
12	23.964110
12	23.490637
12	16.772289
12	27.109062
12	13.000890
12	19.405281
12	16.890852
12	12.765727
12	14.754441
12	24.222134
12	20.636093
12	17.463448
12	18.629014
12	14.565712
12	22.575711
12	14.738879
12	13.771391
12	23.056267
12	16.257680
12	16.572511
12	18.104909
12	28.974684
12	16.772139
12	26.620047
12	16.697556
12	22.244132
12	24.194189
12	18.887251
12	14.001583
12	25.732595
12	25.481645
12	13.780383
12	19.956648
12	19.967560
12	17.799873
12	15.961935
12	12.781944
12	12.349698
12	22.786415
12	16.899212
12	19.142099
12	14.666710
12	23.350871
12	17.925604
12	19.412000
12	19.692594
12	18.114757
12	16.096026
12	17.719397
12	15.240087
12	21.822917
12	17.484698
12	18.263091
12	24.406751
12	11.134108
12	19.439119
12	17.869677
12	15.789821
12	18.903515
12	13.416315
12	21.873053
12	12.682527
12	15.769591
12	15.067061
12	23.653345
12	15.818409
12	22.029146
12	16.609653
12	15.389708
12	18.770950
12	20.119760
12	15.378444
12	7.499145
12	13.663115
12	11.090664
12	15.823445
12	21.833179
12	21.305905
12	18.628103
12	27.537886
12	15.157715
12	25.211864
12	15.074609
12	19.863155
12	23.942772
12	17.426912
12	22.277739
12	18.278708
12	13.547543
12	22.228083
12	13.763891
12	33.110037
12	13.693657
12	15.129737
12	21.310743
12	17.954097
12	24.320595
12	15.959034
13	11.596043
13	22.798567
13	21.557204
13	13.953629
13	9.533229
13	24.550108
13	15.885874
13	18.189208
13	22.955948
13	11.397861
13	15.073746
13	20.155730
13	12.772997
13	16.297377
13	15.932068
13	9.149301
13	24.310492
13	22.395498
13	19.561700
13	15.530955
13	10.519945
13	8.228060
13	11.359537
13	15.743135
13	18.412118
13	23.667820
13	24.075006
13	28.885716
13	18.344327
13	21.305744
13	32.755068
13	12.143381
13	20.715515
13	21.060524
13	19.273250
13	24.536412
13	11.948658
13	12.608049
13	10.638674
13	18.446065
13	23.574421
13	23.988805
13	17.331599
13	7.769295
13	14.574549
13	19.692771
13	15.556081
13	8.835197
13	19.196334
13	14.157424
13	13.941040
13	20.628684
13	27.408480
13	25.250860
13	21.074295
13	14.456948
13	19.137287
13	15.655634
13	21.592624
13	22.132914
13	20.844395
13	22.724606
13	18.159503
13	25.521812
13	21.312047
13	21.077354
13	16.762484
13	21.061788
13	19.165250
13	21.132453
13	20.387171
13	16.067372
13	16.884800
13	20.006993
13	12.622565
13	16.689879
13	21.089039
13	13.920684
13	18.572409
13	18.643650
13	45.859793
13	15.085449
13	12.882646
13	19.119287
13	16.376287
13	29.250965
13	21.692078
13	26.386796
13	24.665118
13	19.877773
13	20.572984
13	8.969108
13	27.315403
13	11.262993
13	18.561787
13	16.454428
13	11.376058
13	18.102215
13	13.830163
13	21.091125
14	14.421440
14	16.516782
14	19.052483
14	23.224299
14	12.302398
14	31.066264
14	14.639790
14	14.133400
14	23.513521
14	14.841673
14	18.710868
14	17.547786
14	10.444824
14	15.886730
14	12.620589
14	16.747851
14	31.746238
14	14.009610
14	18.383712
14	19.784963
14	22.324829
14	14.609692
14	17.367748
14	17.180170
14	17.803511
14	23.127715
14	14.375663
14	19.238890
14	8.404497
14	25.239953
14	11.602468
14	12.991727
14	17.337058
14	19.458544
14	11.708697
14	29.429309
14	19.165522
14	15.326736
14	16.420538
14	14.798633
14	8.182190
14	11.919461
14	11.938645
14	24.632479
14	19.255735
14	28.170732
14	19.863727
14	13.207030
14	13.685551
14	12.502199
14	14.403045
14	16.306690
14	16.493101
14	15.476910
14	11.808425
14	18.059672
14	18.291245
14	17.079392
14	30.676137
14	15.039892
14	13.911814
14	20.843607
14	20.905981
14	13.563140
14	21.577640
14	23.084284
14	10.237660
14	18.256217
14	12.696104
14	21.112629
14	14.579184
14	22.753090
14	17.643658
14	23.004032
14	23.090233
14	41.367309
14	18.307101
14	17.172979
14	14.379514
14	23.032855
14	21.712439
14	15.504335
14	17.423771
14	9.930979
14	9.084244
14	17.685290
14	16.380703
14	27.943453
14	13.266301
14	27.401430
14	11.232356
14	19.749639
14	12.601444
14	29.013564
14	21.024691
14	12.283425
14	24.697877
14	11.828549
14	20.800855
14	16.966892
15	10.592193
15	21.801163
15	15.596817
15	17.679327
15	16.713871
15	22.859352
15	22.195810
15	14.169879
15	16.477804
15	27.200862
15	14.468285
15	13.840528
15	25.745375
15	21.068815
15	20.659297
15	24.837043
15	13.209972
15	22.232510
15	14.492013
15	24.834298
15	17.628456
15	27.020605
15	22.772514
15	10.629681
15	16.299650
15	15.755865
15	14.766346
15	26.406451
15	26.368216
15	15.966656
15	21.554841
15	13.684065
15	14.271102
15	16.213060
15	12.200233
15	22.517018
15	20.778491
15	20.232543
15	17.012868
15	16.664611
15	14.654788
15	14.085614
15	17.035239
15	17.354708
15	19.042067
15	23.265129
15	14.509981
15	27.805565
15	17.746982
15	25.287329
15	15.669011
15	22.519830
15	14.827677
15	24.375413
15	17.033594
15	20.867975
15	17.862090
15	20.639835
15	19.220626
15	22.032512
15	21.348816
15	23.333333
15	11.479197
15	16.850851
15	21.508494
15	24.206990
15	23.873220
15	19.327312
15	20.143938
15	15.993887
15	19.482461
15	19.331224
15	15.324782
15	14.881521
15	26.358344
15	17.327930
15	23.551809
15	22.927385
15	17.471689
15	30.847180
15	14.208241
15	20.688781
15	13.647109
15	16.454845
15	5.786879
15	22.572521
15	16.173372
15	16.319442
15	12.904497
15	18.356764
15	7.308855
15	18.826161
15	21.010074
15	12.574700
15	14.884679
15	14.970989
15	16.766710
15	16.156040
15	18.816491
15	20.728555
16	18.625789
16	29.485195
16	20.198115
16	27.934942
16	14.004031
16	23.541694
16	25.335338
16	19.877531
16	17.991021
16	25.985377
16	24.689532
16	11.774220
16	18.363734
16	16.783510
16	20.895201
16	23.526236
16	19.781302
16	14.333273
16	28.877694
16	19.137919
16	16.491557
16	13.910987
16	26.410301
16	18.541904
16	15.303254
16	12.544421
16	8.213787
16	8.692844
16	16.665467
16	14.780508
16	23.012665
16	22.194594
16	18.261147
16	30.473981
16	19.007304
16	14.659054
16	14.359955
16	28.580727
16	28.774883
16	20.862565
16	20.494256
16	20.450537
16	6.741664
16	23.247111
16	28.475865
16	10.599060
16	19.353167
16	14.485374
16	21.221986
16	17.113540
16	15.619934
16	23.901860
16	19.671476
16	16.191139
16	16.692062
16	21.325954
16	10.187512
16	11.770479
16	17.130171
16	13.112971
16	25.041928
16	33.848905
16	19.832375
16	19.394039
16	23.421983
16	16.331584
16	24.074399
16	14.547737
16	17.557285
16	23.822875
16	13.062933
16	16.457351
16	24.300735
16	16.168135
16	23.162291
16	16.998597
16	11.034933
16	14.462381
16	19.400094
16	17.946603
16	21.156931
16	14.562877
16	15.993730
16	15.440956
16	31.858407
16	16.895522
16	18.123801
16	14.135511
16	20.583207
16	29.482020
16	17.516294
16	21.061258
16	19.946939
16	19.416767
16	19.007387
16	10.294791
16	18.375467
16	20.787312
16	14.617086
16	17.188165
17	26.700408
17	11.091956
17	19.858213
17	22.133596
17	20.342315
17	20.458117
17	27.783575
17	14.520202
17	16.022263
17	20.626754
17	22.823522
17	14.739537
17	30.787241
17	23.498532
17	11.782863
17	8.147882
17	16.906287
17	16.469901
17	27.472968
17	18.673963
17	24.410333
17	17.913272
17	23.017903
17	15.048607
17	13.457182
17	20.529679
17	16.296871
17	17.432630
17	9.072035
17	15.939194
17	18.041677
17	14.421969
17	18.464033
17	15.438876
17	17.517851
17	17.009732
17	18.342177
17	16.967748
17	18.453418
17	24.337577
17	21.271601
17	17.580686
17	11.704490
17	17.245585
17	24.068563
17	21.289429
17	19.410153
17	13.853548
17	18.765405
17	12.859076
17	11.475176
17	29.518779
17	23.210869
17	11.693540
17	24.752235
17	16.727273
17	17.414645
17	14.990730
17	22.248562
17	32.428156
17	15.801354
17	15.694531
17	13.134953
17	12.286136
17	13.166675
17	25.916324
17	24.944838
17	28.756442
17	11.091921
17	4.253249
17	13.421785
17	17.748876
17	10.378003
17	18.057743
17	13.534016
17	22.764618
17	23.384546
17	28.480653
17	18.200884
17	32.896089
17	22.766697
17	15.539275
17	16.668631
17	20.644068
17	16.024173
17	12.345516
17	19.559691
17	21.730214
17	35.509752
17	22.959153
17	24.928815
17	14.290153
17	9.955246
17	23.101392
17	17.480850
17	17.720801
17	27.458840
17	24.281210
17	17.501221
17	23.774224
18	27.360000
18	17.913556
18	15.136713
18	11.727334
18	10.596957
18	14.564333
18	14.623294
18	13.517495
18	16.845077
18	18.804928
18	27.050023
18	25.621415
18	17.148020
18	15.871418
18	21.422569
18	8.731406
18	17.891007
18	26.834779
18	20.539836
18	24.178546
18	23.711685
18	18.379801
18	15.450997
18	15.876373
18	18.412615
18	19.504739
18	29.707658
18	30.354598
18	34.584907
18	18.276730
18	23.916015
18	22.048806
18	16.154763
18	18.127636
18	23.016143
18	14.625679
18	12.569792
18	14.286723
18	17.119630
18	16.990273
18	11.490251
18	12.695822
18	11.398687
18	18.920478
18	19.147538
18	6.185356
18	14.212336
18	9.803194
18	16.203080
18	19.385837
18	21.329305
18	21.290882
18	18.142400
18	17.763185
18	12.393375
18	20.273206
18	33.787431
18	17.203570
18	16.314229
18	19.219128
18	15.376510
18	19.075386
18	23.786169
18	21.097069
18	12.898172
18	18.570064
18	13.939269
18	13.685775
18	21.618081
18	18.149780
18	23.374212
18	19.694939
18	26.737459
18	21.528040
18	17.270844
18	17.958529
18	20.362119
18	17.979413
18	19.434140
18	20.742799
18	27.324376
18	15.672746
18	20.162768
18	10.361815
18	14.533315
18	14.346756
18	26.308998
18	19.215596
18	18.697292
18	33.451738
18	16.863203
18	23.847666
18	18.811151
18	9.619318
18	14.207518
18	23.244189
18	24.961824
18	14.773519
18	16.947082
18	16.893560
19	14.580457
19	25.666051
19	13.521978
19	16.182093
19	15.097396
19	7.669643
19	22.013381
19	21.461233
19	20.506319
19	21.562519
19	23.075934
19	16.425680
19	18.274602
19	19.596777
19	13.461475
19	19.113637
19	15.475182
19	16.514815
19	19.929361
19	19.011236
19	8.468578
19	16.011019
19	14.933910
19	19.358369
19	22.842303
19	14.931437
19	20.186514
19	22.169467
19	18.277559
19	22.341194
19	21.333653
19	21.005901
19	22.040399
19	18.653207
19	16.448362
19	21.523465
19	17.206116
19	24.424361
19	14.446663
19	14.366040
19	21.877791
19	15.490845
19	15.969203
19	28.343135
19	18.718073
19	13.676484
19	19.556765
19	17.582374
19	21.105081
19	13.768521
19	27.042655
19	9.546145
19	26.020601
19	19.237808
19	12.093798
19	17.706121
19	12.243623
19	15.224656
19	7.330484
19	13.489662
19	16.662331
19	18.152398
19	9.570254
19	28.126052
19	15.468062
19	8.569115
19	18.185011
19	21.143247
19	16.537497
19	32.139342
19	21.838699
19	14.114467
19	20.830239
19	13.651270
19	18.772846
19	17.563765
19	14.132160
19	18.375257
19	32.592516
19	9.009132
19	11.266877
19	11.537553
19	21.073142
19	24.401176
19	8.076545
19	17.581529
19	20.219548
19	32.528959
19	16.126670
19	16.199439
19	17.632411
19	7.364531
19	16.815321
19	35.943989
19	22.716316
19	16.840512
19	19.014437
19	23.236967
19	9.043861
19	13.710715
20	21.804286
20	16.761420
20	26.747770
20	19.763647
20	11.875826
20	12.001706
20	19.127646
20	12.632653
20	17.390673
20	22.729120
20	23.846014
20	29.992811
20	21.455230
20	21.149413
20	11.717258
20	11.730469
20	20.131599
20	12.068736
20	18.980204
20	13.348446
20	14.576593
20	13.181344
20	17.514637
20	23.868606
20	19.459428
20	27.106237
20	17.682592
20	21.059127
20	24.478539
20	10.701324
20	28.478469
20	22.520760
20	14.373649
20	20.113685
20	19.025374
20	20.576204
20	26.421490
20	13.275149
20	17.488922
20	15.055018
20	7.466199
20	13.387605
20	14.038889
20	13.080011
20	16.287310
20	17.736871
20	22.187891
20	10.824129
20	18.639276
20	18.285668
20	32.793014
20	24.736628
20	20.202833
20	16.676400
20	12.417399
20	28.474314
20	22.263099
20	14.350579
20	9.888333
20	15.656711
20	19.677786
20	21.631737
20	25.921276
20	19.675495
20	14.966443
20	20.300463
20	16.992178
20	21.478304
20	21.882242
20	24.464385
20	19.386405
20	18.055383
20	31.684984
20	25.506430
20	20.677359
20	27.216857
20	19.407908
20	23.124631
20	19.541545
20	19.883473
20	17.211447
20	17.445538
20	25.065894
20	14.176303
20	17.557011
20	13.750470
20	21.242573
20	26.092689
20	29.089515
20	20.485638
20	13.777579
20	12.878813
20	28.213111
20	17.157886
20	18.252764
20	18.221175
20	14.827147
20	19.085301
20	29.912263
20	21.980598
21	15.158249
21	21.187977
21	17.928937
21	21.570651
21	17.517344
21	20.868214
21	19.149757
21	20.968891
21	16.957617
21	26.281182
21	24.350509
21	21.899300
21	16.192110
21	16.829896
21	21.335616
21	13.509481
21	15.233622
21	22.494262
21	16.172796
21	26.526316
21	11.602210
21	13.708269
21	18.167800
21	12.285434
21	13.994630
21	16.082988
21	33.607610
21	10.221533
21	27.709152
21	17.303109
21	15.134111
21	8.911352
21	18.004835
21	23.698605
21	24.243660
21	15.412680
21	22.672166
21	13.375144
21	11.918363
21	9.440701
21	28.397566
21	16.273151
21	10.520535
21	27.971458
21	16.921524
21	24.686596
21	38.377193
21	14.703867
21	14.304195
21	17.379061
21	12.671929
21	10.935776
21	14.985398
21	14.176851
21	16.226880
21	34.907401
21	17.374459
21	20.349794
21	14.917370
21	17.961221
21	13.809319
21	24.035579
21	12.388623
21	13.969056
21	18.668098
21	35.540139
21	17.603311
21	19.247739
21	10.621905
21	19.439269
21	12.132635
21	18.596601
21	20.343394
21	18.391890
21	20.140188
21	22.181991
21	14.306414
21	14.510059
21	22.103208
21	20.003876
21	18.472222
21	20.180263
21	20.435419
21	13.348391
21	20.550836
21	18.172823
21	18.096168
21	21.207118
21	16.949817
21	10.817602
21	15.544552
21	11.673987
21	14.915525
21	14.301691
21	13.630727
21	15.047630
21	21.174565
21	28.234314
21	15.342893
21	20.904721
22	20.555448
22	15.507988
22	23.209538
22	19.695644
22	27.893462
22	13.072350
22	16.545064
22	16.343043
22	19.591237
22	23.296982
22	20.141334
22	13.938025
22	15.613799
22	17.951512
22	12.730283
22	14.800014
22	22.133510
22	10.454076
22	16.961076
22	14.125210
22	21.132918
22	29.131917
22	13.001888
22	12.753529
22	25.508048
22	7.075067
22	24.659220
22	13.748118
22	12.762365
22	13.907437
22	14.897365
22	13.262662
22	9.983201
22	15.360276
22	28.577969
22	21.891945
22	16.133398
22	25.304750
22	25.318812
22	16.874796
22	14.987740
22	24.002494
22	29.406434
22	15.184192
22	15.618778
22	30.587404
22	29.700806
22	14.945896
22	18.850234
22	20.750954
22	13.607391
22	23.322955
22	16.212656
22	12.895472
22	15.920185
22	19.757166
22	28.432282
22	12.398711
22	14.304456
22	13.206206
22	32.852209
22	15.293247
22	19.334493
22	12.277106
22	20.844192
22	23.023677
22	16.899764
22	17.365754
22	17.608984
22	19.055713
22	12.782257
22	18.796992
22	21.892343
22	19.735984
22	15.597887
22	28.857199
22	22.667226
22	28.759056
22	15.032662
22	11.805030
22	16.918902
22	27.177850
22	20.754901
22	20.975474
22	11.084826
22	9.976338
22	18.347709
22	14.159262
22	17.486183
22	13.009171
22	10.178642
22	18.054683
22	21.136590
22	16.342030
22	30.674589
22	23.764395
22	18.461617
22	24.608011
22	19.054202
22	11.351269
23	12.428528
23	36.937269
23	21.630224
23	18.719090
23	18.814794
23	12.967356
23	21.431049
23	18.334556
23	15.286550
23	14.962434
23	21.113654
23	13.453748
23	16.754410
23	14.060258
23	16.140928
23	21.075958
23	18.385505
23	21.540167
23	27.926811
23	11.215755
23	9.724838
23	18.352647
23	22.891734
23	11.078511
23	25.454545
23	15.820456
23	12.279788
23	17.617353
23	23.686418
23	12.896047
23	23.421599
23	6.030058
23	18.227253
23	22.512457
23	17.113436
23	22.297501
23	24.937203
23	34.791994
23	25.616823
23	24.022403
23	9.411433
23	16.123608
23	23.903469
23	19.105964
23	21.362287
23	26.011771
23	18.455115
23	15.987697
23	18.853390
23	16.586847
23	22.171668
23	10.680836
23	22.247381
23	16.323952
23	15.368761
23	14.076087
23	11.349790
23	22.337177
23	12.110296
23	27.491528
23	13.234730
23	17.310788
23	23.854085
23	16.259005
23	16.926384
23	19.363105
23	17.953700
23	19.834378
23	12.691207
23	32.527016
23	16.775738
23	24.928425
23	21.693306
23	15.443911
23	17.336042
23	27.751196
23	18.200773
23	13.299382
23	16.689120
23	18.509999
23	11.556016
23	17.459708
23	17.892683
23	14.770466
23	21.487617
23	16.128000
23	14.279156
23	18.645418
23	18.701052
23	14.608225
23	17.322995
23	16.536895
23	13.684211
23	19.688012
23	22.869706
23	12.717866
23	20.407814
23	23.612706
23	19.293917
23	19.383873
24	10.598567
24	12.404173
24	16.470938
24	14.755984
24	28.250584
24	10.711417
24	19.436487
24	36.036353
24	18.559471
24	14.345563
24	15.699290
24	16.800996
24	23.960630
24	22.067748
24	27.289246
24	11.033529
24	13.860990
24	19.171943
24	6.595060
24	18.370733
24	25.129767
24	24.601927
24	13.595213
24	10.229456
24	17.352755
24	15.796283
24	11.370129
24	18.350033
24	15.814608
24	17.959578
24	20.465139
24	17.966552
24	23.621908
24	13.962677
24	13.450162
24	17.821344
24	18.358947
24	21.700864
24	17.065690
24	41.491558
24	21.431847
24	17.303605
24	11.810795
24	22.626837
24	13.644418
24	14.092317
24	13.281784
24	23.606324
24	22.548310
24	16.175003
24	10.784130
24	16.679229
24	21.384179
24	20.035518
24	21.850613
24	19.385724
24	18.319465
24	17.038781
24	20.890954
24	15.967589
24	23.938344
24	14.890461
24	18.174300
24	27.542962
24	16.909765
24	16.182943
24	13.273596
24	16.814409
24	11.298442
24	27.601092
24	11.187591
24	20.906705
24	21.781342
24	27.914839
24	19.892000
24	25.432040
24	17.560459
24	15.086346
24	17.289147
24	18.050564
24	18.767145
24	18.334465
24	17.952182
24	13.387372
24	29.725780
24	12.714620
24	18.521166
24	11.529029
24	16.908268
24	14.205882
24	18.453330
24	11.197938
24	13.063217
24	24.103952
24	20.320938
24	10.969229
24	23.116098
24	18.772489
24	25.914110
24	15.083430
25	23.869179
25	24.308574
25	25.581253
25	20.949640
25	22.238454
25	11.498283
25	15.643043
25	16.184624
25	15.681239
25	20.355549
25	26.986265
25	15.296246
25	20.326966
25	19.148675
25	18.858410
25	29.322786
25	15.551032
25	18.709246
25	17.876364
25	21.461991
25	11.241447
25	27.741788
25	37.305908
25	11.214320
25	20.343280
25	21.354350
25	23.643550
25	11.255352
25	13.435265
25	14.598177
25	13.389845
25	19.834616
25	24.107508
25	26.482157
25	15.632003
25	22.244843
25	19.710403
25	19.671231
25	12.296882
25	25.147715
25	24.352683
25	11.784471
25	11.389761
25	12.852733
25	14.233541
25	15.463630
25	28.526816
25	20.506973
25	15.814840
25	13.069069
25	23.246098
25	27.410596
25	14.936761
25	18.240331
25	10.961746
25	17.425083
25	17.163987
25	29.626450
25	18.952140
25	19.899666
25	14.836995
25	21.399909
25	20.567282
25	8.295424
25	19.328950
25	25.609532
25	25.159629
25	18.026716
25	14.705702
25	11.505842
25	12.433477
25	38.501211
25	21.040797
25	16.153846
25	24.387296
25	17.464070
25	29.912067
25	18.929307
25	21.955320
25	13.502340
25	14.650243
25	16.836923
25	15.891023
25	13.399691
25	27.092577
25	25.949582
25	9.443971
25	21.563805
25	16.115291
25	26.272362
25	29.295986
25	11.611352
25	12.339191
25	15.186507
25	19.980590
25	16.368484
25	27.403595
25	17.909005
25	14.109148
25	17.777634
26	13.319259
26	21.006010
26	15.442353
26	13.217173
26	22.434056
26	24.037809
26	18.373295
26	22.897951
26	25.651768
26	10.980503
26	14.384741
26	31.448416
26	19.617148
26	21.658770
26	23.169962
26	21.658809
26	25.858268
26	19.305845
26	22.348958
26	24.986004
26	25.640674
26	17.357163
26	17.114592
26	28.002109
26	28.013457
26	32.790156
26	19.141781
26	21.827164
26	31.605782
26	22.793076
26	31.508700
26	21.920525
26	14.807794
26	19.334037
26	10.860530
26	14.499813
26	16.764143
26	8.925392
26	25.350489
26	13.481538
26	16.881188
26	13.727363
26	12.628779
26	17.607352
26	18.273801
26	14.483019
26	6.778816
26	20.387123
26	20.913941
26	14.664284
26	21.516376
26	19.932692
26	17.323286
26	18.097525
26	16.027708
26	20.890655
26	14.857889
26	21.538462
26	27.414591
26	8.222974
26	15.780414
26	21.317974
26	30.493159
26	12.266779
26	12.935785
26	14.778184
26	9.970371
26	18.055122
26	25.101096
26	15.658407
26	27.056290
26	19.343264
26	12.746565
26	23.987243
26	20.580723
26	14.875520
26	19.796334
26	17.005752
26	20.414639
26	18.516320
26	14.801640
26	11.847319
26	26.651323
26	18.625517
26	21.664713
26	19.524487
26	30.240659
26	17.227756
26	9.746305
26	14.658813
26	17.299555
26	21.393561
26	17.042098
26	15.706206
26	12.031112
26	25.773525
26	16.612805
26	16.228418
26	17.896411
26	14.505921
27	24.974176
27	18.219960
27	17.796974
27	16.600062
27	20.883801
27	9.876472
27	16.059343
27	14.941346
27	20.862783
27	14.797117
27	23.330883
27	23.107337
27	15.901026
27	15.144201
27	19.275399
27	18.476807
27	18.633010
27	14.775554
27	23.109459
27	15.261826
27	18.529671
27	12.117752
27	23.576584
27	21.875239
27	18.152887
27	16.347270
27	15.138683
27	19.738328
27	12.238380
27	23.607941
27	15.193530
27	16.329345
27	20.520118
27	20.156509
27	21.501826
27	18.165272
27	19.167248
27	21.791779
27	22.416166
27	21.252488
27	12.153228
27	18.315313
27	16.520396
27	20.361840
27	16.313643
27	20.177406
27	22.898490
27	25.093901
27	20.963396
27	9.279444
27	24.520300
27	26.146672
27	14.475119
27	15.750207
27	20.139045
27	23.691156
27	22.516868
27	9.082458
27	14.450179
27	23.483051
27	23.943988
27	18.349141
27	20.934048
27	22.856902
27	24.842105
27	17.474370
27	29.702299
27	21.138580
27	34.487670
27	17.474923
27	13.825234
27	18.861193
27	39.776038
27	19.529132
27	28.407080
27	10.425735
27	18.365851
27	19.554014
27	16.627472
27	17.942679
27	23.145102
27	19.161632
27	27.938931
27	26.803115
27	15.575233
27	16.001956
27	12.219539
27	17.948394
27	18.517379
27	23.074468
27	20.497225
27	17.810981
27	17.106495
27	16.644724
27	18.166240
27	18.152063
27	19.104684
27	15.115581
27	12.679165
27	19.625221
28	14.290061
28	22.506346
28	12.003292
28	16.324496
28	33.931604
28	18.118033
28	15.595855
28	14.562678
28	23.334962
28	14.597897
28	17.462598
28	19.221290
28	15.613465
28	17.469275
28	18.023572
28	29.456219
28	17.920771
28	20.199167
28	20.763139
28	23.393097
28	24.544952
28	20.396923
28	27.698616
28	14.817141
28	18.423373
28	9.533319
28	19.358172
28	12.355537
28	13.786395
28	21.961116
28	18.751190
28	16.279799
28	16.353523
28	11.875608
28	9.026829
28	18.064516
28	17.521733
28	17.382460
28	14.951367
28	20.329647
28	24.077259
28	18.722807
28	18.619108
28	15.771664
28	13.454400
28	14.021796
28	19.635736
28	20.201628
28	26.523517
28	15.675973
28	18.058600
28	10.621906
28	21.737008
28	20.082641
28	13.740007
28	26.884232
28	12.457102
28	19.201607
28	27.205404
28	16.407762
28	19.023531
28	16.764969
28	18.439241
28	27.402705
28	15.079214
28	19.488535
28	32.624934
28	16.862420
28	13.453568
28	15.569064
28	18.761012
28	18.987489
28	17.467348
28	20.570506
28	20.032101
28	18.627337
28	10.850398
28	16.115232
28	23.561489
28	27.585618
28	17.138381
28	15.432088
28	12.786966
28	13.134253
28	13.625836
28	17.896332
28	14.035202
28	10.700704
28	18.682565
28	14.809043
28	24.757624
28	16.490758
28	17.950890
28	19.733677
28	36.350968
28	24.170630
28	16.221419
28	24.482998
28	12.573529
28	14.610059
29	17.667262
29	19.536553
29	10.596319
29	12.452307
29	12.862191
29	13.218920
29	15.665489
29	32.107370
29	19.659574
29	12.246612
29	10.354910
29	20.095720
29	24.927893
29	20.350515
29	13.538018
29	17.581623
29	18.376283
29	13.804532
29	20.471567
29	29.522794
29	23.260479
29	19.768663
29	15.461572
29	15.208569
29	23.936454
29	16.766968
29	25.531618
29	13.974312
29	17.618140
29	17.646922
29	21.896509
29	17.117486
29	18.150723
29	13.528027
29	17.583068
29	18.228283
29	28.239843
29	14.452967
29	20.705987
29	22.460491
29	24.765069
29	24.166916
29	15.812802
29	27.304852
29	22.007130
29	14.179872
29	21.954993
29	10.422165
29	21.463558
29	18.891116
29	14.040863
29	11.980170
29	25.796914
29	24.232402
29	11.747466
29	17.110064
29	22.412647
29	18.365561
29	11.711418
29	13.773834
29	20.709115
29	14.555692
29	13.104812
29	16.182188
29	27.966353
29	25.745554
29	10.849048
29	27.644972
29	15.495408
29	13.768153
29	15.726364
29	21.823428
29	10.251656
29	14.582916
29	23.988804
29	18.070505
29	20.560251
29	23.344603
29	13.077558
29	15.038995
29	19.427725
29	23.636743
29	21.350266
29	13.107734
29	11.055332
29	12.252899
29	12.678998
29	20.870310
29	22.119423
29	17.342195
29	21.403392
29	12.921499
29	14.896498
29	19.012066
29	16.387960
29	20.216867
29	35.541172
29	18.072795
29	8.440926
29	21.238756
30	18.887684
30	16.739195
30	28.751953
30	15.652278
30	26.243362
30	36.581503
30	16.713460
30	22.336707
30	21.341440
30	14.455849
30	19.896115
30	14.111406
30	13.972181
30	11.746875
30	13.957820
30	11.570104
30	16.498994
30	19.415819
30	22.886801
30	27.036929
30	12.724526
30	9.821737
30	11.440714
30	11.079391
30	19.294966
30	26.649630
30	18.199552
30	13.373768
30	14.149207
30	22.092075
30	14.735174
30	22.696471
30	15.127135
30	16.551844
30	22.229606
30	19.245850
30	16.627897
30	23.488624
30	13.437208
30	21.020714
30	14.755173
30	19.859198
30	16.427604
30	20.276845
30	13.894755
30	11.855550
30	17.933945
30	23.271809
30	17.716514
30	17.027903
30	15.127745
30	11.496991
30	19.344314
30	22.402845
30	15.425489
30	12.353689
30	20.139522
30	11.830292
30	29.903406
30	13.434107
30	11.598672
30	25.459475
30	26.902752
30	13.786224
30	32.419898
30	22.406553
30	15.080870
30	11.334637
30	18.880415
30	14.387507
30	28.649286
30	24.200039
30	17.471393
30	17.074309
30	28.144348
30	23.525397
30	12.193166
30	18.159550
30	19.178523
30	18.220847
30	15.991447
30	22.735849
30	13.537332
30	19.278024
30	13.833229
30	10.723222
30	16.529060
30	13.412206
30	19.399084
30	20.692358
30	12.915642
30	16.399626
30	19.727729
30	23.534388
30	25.395962
30	14.236675
30	22.804858
30	21.791007
30	16.591669
30	11.348601
