1	10.733922
1	21.538462
1	21.490277
1	20.358272
1	10.769231
1	10.934911
1	0.000000
1	4.615385
1	10.654664
1	21.588435
1	22.366864
1	21.538462
1	0.000000
1	0.000000
1	12.564103
1	21.378621
1	21.538462
1	5.121171
1	20.411834
1	11.153846
1	10.887574
1	11.116625
1	10.769231
1	21.538462
1	10.797349
1	20.688259
1	20.274353
1	21.454654
1	21.538462
1	21.538462
1	10.558757
1	22.884615
1	10.920910
1	20.369231
1	21.431038
1	10.920910
1	21.473781
1	22.474916
1	21.538462
1	21.538462
1	10.527226
1	0.000000
1	21.916329
1	11.168091
1	10.769231
1	21.641026
1	22.153846
1	11.442308
1	20.245029
1	10.673928
1	24.230769
1	23.496503
1	21.538462
1	21.350353
1	21.335269
1	21.598457
1	10.968135
1	20.831228
1	10.998363
1	21.235103
1	21.410256
1	4.222432
1	10.645447
1	22.974359
1	11.282051
1	10.443431
1	20.919145
1	21.325209
1	21.794872
1	20.197893
1	10.856785
1	10.569801
1	10.954907
1	20.292023
1	21.160594
1	21.417685
1	21.538462
1	21.494773
1	20.341880
1	20.260355
1	21.434911
1	20.428232
1	12.307692
1	20.461538
1	10.916754
1	10.880254
1	20.444028
1	21.538462
1	21.780467
1	17.814831
1	20.654832
1	23.692308
1	23.692308
1	20.466642
1	20.383142
1	20.244305
1	21.538462
1	20.404858
1	10.680717
1	22.136752
2	15.495296
2	21.485671
2	12.357002
2	15.824176
2	17.044798
2	20.978675
2	17.118223
2	21.621302
2	20.355030
2	20.882943
2	16.407041
2	9.048780
2	17.024413
2	16.692887
2	16.106195
2	11.152137
2	20.878192
2	16.979428
2	8.015401
2	20.695319
2	15.820979
2	20.447907
2	10.829846
2	21.538462
2	21.171969
2	10.696954
2	19.189291
2	15.521644
2	21.327713
2	20.918650
2	15.329175
2	28.227044
2	14.903548
2	8.656458
2	21.338104
2	14.039886
2	21.663685
2	18.692933
2	19.157895
2	16.428736
2	15.479472
2	20.374220
2	18.624868
2	14.027613
2	20.584615
2	13.302096
2	20.934579
2	14.493392
2	20.762580
2	14.153846
2	15.776782
2	13.048341
2	21.240906
2	19.863248
2	20.688980
2	9.033019
2	10.665879
2	18.718881
2	19.051341
2	11.246480
2	6.135623
2	7.935417
2	8.124352
2	19.956803
2	13.763049
2	3.305991
2	20.541311
2	12.985266
2	3.738817
2	11.725830
2	11.227754
2	11.118077
2	20.788705
2	16.691330
2	20.993184
2	13.699634
2	19.490791
2	20.586485
2	10.640515
2	20.418999
2	14.371353
2	0.000000
2	20.423585
2	10.507479
2	21.625486
2	18.626448
2	21.366400
2	13.347779
2	29.190283
2	19.569714
2	6.113537
2	16.247842
2	23.227128
2	7.400881
2	21.469206
2	21.449275
2	21.217575
2	20.381577
2	16.455753
2	19.551570
3	14.942308
3	12.222747
3	11.748252
3	9.428945
3	12.994043
3	10.172651
3	18.437979
3	9.456326
3	21.370629
3	18.118366
3	14.033627
3	26.756715
3	16.259704
3	14.170590
3	16.280492
3	24.310855
3	11.653631
3	10.723500
3	17.622378
3	10.871285
3	11.291110
3	18.439946
3	26.310609
3	14.950547
3	34.267874
3	13.512551
3	15.918494
3	19.421259
3	18.594708
3	11.117809
3	17.344713
3	9.986014
3	28.010891
3	18.152231
3	9.744291
3	18.696419
3	4.572745
3	20.733285
3	15.691018
3	21.095496
3	12.047530
3	19.013618
3	16.144610
3	9.509658
3	15.213848
3	19.659740
3	17.002849
3	20.945320
3	16.801672
3	13.118368
3	18.655632
3	20.616582
3	10.490798
3	32.646533
3	6.326040
3	15.646306
3	21.903520
3	11.886452
3	11.759515
3	14.195279
3	11.814424
3	6.608810
3	20.273619
3	6.790100
3	20.504882
3	18.113068
3	13.878131
3	13.550688
3	21.507560
3	21.445913
3	10.769231
3	22.190464
3	19.927481
3	11.874682
3	16.972003
3	12.743322
3	8.666292
3	17.196262
3	10.870636
3	20.856865
3	12.515593
3	9.985778
3	12.263865
3	17.230769
3	19.316074
3	21.183041
3	19.064857
3	22.684124
3	40.459464
3	10.898437
3	8.891328
3	11.444195
3	14.097902
3	15.341430
3	16.324111
3	17.400445
3	15.950653
3	30.167050
3	13.620392
3	19.365394
4	15.412844
4	2.486586
4	21.080147
4	19.617333
4	19.457217
4	23.255086
4	10.864148
4	16.274381
4	17.439212
4	11.219684
4	26.759787
4	23.342389
4	24.703297
4	14.542710
4	9.918024
4	17.928797
4	15.654329
4	13.480378
4	20.286225
4	21.109409
4	25.893840
4	18.811545
4	12.502090
4	13.653926
4	23.277666
4	19.788238
4	21.142981
4	20.468670
4	16.630780
4	13.982695
4	17.243763
4	25.125009
4	17.652373
4	15.937770
4	13.524150
4	14.558059
4	13.531286
4	15.840231
4	18.335066
4	19.811984
4	16.027315
4	4.938964
4	17.078848
4	20.786495
4	19.300357
4	20.844533
4	16.420470
4	13.937282
4	21.227747
4	21.538462
4	24.471404
4	20.451228
4	21.203491
4	16.510113
4	9.603851
4	19.077133
4	14.900000
4	11.310310
4	23.056756
4	23.813632
4	18.212555
4	11.520810
4	17.227511
4	40.989059
4	13.260364
4	23.057370
4	22.379552
4	12.399341
4	11.696453
4	21.742277
4	13.808271
4	18.639236
4	12.197748
4	10.508103
4	24.033360
4	32.936756
4	15.620666
4	16.574721
4	20.662123
4	22.193624
4	9.732321
4	22.344081
4	14.545978
4	20.593506
4	18.425421
4	21.444301
4	16.258539
4	18.566819
4	16.575191
4	16.551724
4	9.942726
4	10.951433
4	17.227267
4	11.471515
4	21.538462
4	15.870813
4	17.275430
4	13.563549
4	15.591550
4	21.643642
5	21.136536
5	16.276207
5	20.562103
5	10.329249
5	17.542678
5	12.065797
5	14.790997
5	19.878568
5	19.342250
5	17.414634
5	18.544980
5	18.745493
5	25.144026
5	29.819137
5	11.331887
5	13.815104
5	21.629927
5	19.533329
5	19.278413
5	14.176898
5	23.963964
5	23.100379
5	15.800679
5	15.379061
5	12.115767
5	21.588428
5	15.736588
5	21.903520
5	7.124469
5	16.989796
5	24.551614
5	8.755626
5	19.922587
5	22.148569
5	36.826790
5	12.215125
5	16.046908
5	16.997696
5	16.978464
5	16.811917
5	10.180888
5	12.866003
5	14.363588
5	17.332635
5	14.537246
5	15.846821
5	13.361059
5	12.199280
5	14.798759
5	28.722018
5	7.473669
5	8.549106
5	18.188117
5	28.294174
5	19.446733
5	9.692193
5	17.203241
5	9.706446
5	17.327238
5	18.922901
5	18.842189
5	28.509804
5	19.854673
5	11.012260
5	18.088829
5	16.957942
5	19.159335
5	19.146878
5	17.116915
5	18.579279
5	20.890029
5	16.380148
5	7.321338
5	23.230410
5	17.557073
5	14.359425
5	22.841151
5	11.445394
5	18.074544
5	9.849691
5	17.905579
5	17.265584
5	16.021220
5	7.082816
5	18.359306
5	22.192469
5	16.963271
5	16.267559
5	14.560404
5	9.764401
5	10.071251
5	21.467456
5	12.403382
5	22.577075
5	12.532709
5	14.062635
5	23.326541
5	20.226348
5	16.020917
5	20.049699
6	13.627343
6	17.901244
6	20.527473
6	16.778544
6	15.540393
6	25.474819
6	9.877413
6	16.692551
6	15.177172
6	13.556325
6	10.674023
6	14.318377
6	18.809607
6	20.310147
6	19.174819
6	19.060265
6	20.813188
6	11.522424
6	12.479446
6	21.599247
6	19.619193
6	18.229322
6	12.153326
6	13.799049
6	16.065055
6	21.281882
6	24.935368
6	19.959562
6	17.660253
6	11.903511
6	13.143394
6	17.569645
6	13.219324
6	20.530317
6	17.159172
6	10.590470
6	13.283339
6	19.035412
6	16.390330
6	25.107762
6	15.085556
6	25.362558
6	20.595029
6	19.935416
6	16.750359
6	13.214807
6	15.834054
6	13.858984
6	18.359654
6	23.222046
6	9.523013
6	8.163425
6	21.110899
6	18.067672
6	18.108375
6	22.421875
6	20.058200
6	19.527168
6	17.445739
6	17.036310
6	19.146620
6	20.036232
6	8.682527
6	14.673613
6	16.590358
6	30.369028
6	20.177114
6	16.957838
6	29.646587
6	13.131294
6	14.549829
6	25.983827
6	16.753578
6	16.757974
6	13.962787
6	9.143634
6	16.868333
6	8.586891
6	16.768990
6	7.996382
6	15.304501
6	13.804202
6	13.935938
6	25.476231
6	29.491589
6	18.740220
6	30.839568
6	16.867470
6	15.116458
6	31.908832
6	14.167718
6	12.384503
6	17.411629
6	12.935545
6	14.657005
6	28.360354
6	16.953325
6	17.922212
6	17.366534
6	20.404007
7	16.834948
7	9.131863
7	16.366086
7	27.041906
7	12.769953
7	25.240484
7	14.890134
7	13.137274
7	21.772847
7	21.067806
7	11.092577
7	21.294522
7	27.928720
7	16.646716
7	15.107841
7	6.761788
7	17.377472
7	23.099050
7	5.374805
7	12.047615
7	10.930233
7	16.228856
7	14.944049
7	23.133952
7	14.066577
7	37.344898
7	15.007289
7	26.663640
7	17.849375
7	15.128298
7	25.146158
7	17.043478
7	15.421746
7	15.653981
7	9.825695
7	17.350960
7	30.481057
7	25.184375
7	14.432567
7	13.774783
7	8.083438
7	15.730946
7	20.512431
7	15.836719
7	30.919319
7	30.777438
7	11.964645
7	17.224006
7	19.962477
7	13.803946
7	12.953647
7	21.332461
7	8.832301
7	26.594198
7	25.432427
7	27.985659
7	24.523792
7	19.131231
7	14.219083
7	17.315843
7	24.668354
7	17.945354
7	14.625566
7	11.909584
7	12.589499
7	21.685496
7	14.343208
7	25.617021
7	22.914965
7	22.801510
7	13.552130
7	29.625468
7	17.967738
7	19.328838
7	18.936794
7	10.547691
7	17.270233
7	14.644328
7	12.528151
7	17.555279
7	19.843383
7	22.794464
7	11.125706
7	15.934959
7	19.168617
7	13.178193
7	17.562348
7	21.937586
7	17.312760
7	20.364688
7	12.962850
7	7.823458
7	9.693855
7	16.106020
7	13.330776
7	32.426002
7	20.932854
7	16.043052
7	12.371284
7	14.810329
8	16.824377
8	10.180869
8	31.069309
8	19.414196
8	21.621674
8	10.160146
8	15.781908
8	22.347734
8	24.225996
8	10.407080
8	17.927222
8	16.440871
8	14.038314
8	19.770841
8	7.029629
8	18.635765
8	25.313653
8	16.453076
8	11.843460
8	20.777209
8	32.317304
8	18.760423
8	14.721327
8	18.498202
8	9.051081
8	17.514509
8	20.921862
8	15.818386
8	10.339269
8	22.088865
8	15.874246
8	21.008171
8	12.501324
8	16.230042
8	14.306453
8	15.440937
8	15.967444
8	17.946711
8	23.496792
8	17.523423
8	19.630159
8	13.951129
8	17.632382
8	21.260792
8	20.379785
8	20.654832
8	9.011186
8	13.060697
8	22.130697
8	14.663836
8	28.457539
8	34.599472
8	12.562323
8	10.196185
8	8.833578
8	34.427037
8	19.426523
8	19.421455
8	24.421983
8	16.462788
8	9.793985
8	16.565402
8	11.158865
8	14.989665
8	17.794750
8	19.781597
8	14.053835
8	25.019655
8	25.029577
8	26.675708
8	10.336727
8	18.357236
8	19.426105
8	16.744308
8	17.870319
8	8.418491
8	29.421131
8	9.325119
8	14.238467
8	21.893460
8	23.781702
8	43.675002
8	26.603167
8	22.971374
8	15.008687
8	17.405281
8	15.139819
8	15.541569
8	14.663293
8	15.064344
8	16.697757
8	15.624008
8	35.284839
8	22.953462
8	14.678363
8	15.187701
8	23.548417
8	8.112998
8	14.202203
8	14.877172
9	15.301318
9	14.973864
9	17.936388
9	21.999773
9	12.816851
9	15.278554
9	11.304870
9	14.444956
9	20.233924
9	14.190748
9	12.972279
9	19.452725
9	12.449219
9	20.050171
9	17.824392
9	13.293435
9	12.228443
9	19.919715
9	14.062957
9	15.435185
9	17.960828
9	20.067390
9	17.415365
9	16.823496
9	17.250660
9	18.510608
9	18.522142
9	21.462673
9	18.876548
9	12.594553
9	17.279472
9	17.626294
9	9.594495
9	11.300159
9	17.453102
9	19.832887
9	18.803556
9	20.225850
9	16.190820
9	18.988191
9	17.197304
9	20.824658
9	11.243750
9	13.612666
9	14.347907
9	13.601513
9	19.054009
9	16.175099
9	22.191363
9	20.501767
9	14.200941
9	31.562651
9	20.732442
9	9.701782
9	13.128775
9	15.927430
9	15.216398
9	18.790619
9	17.526732
9	13.784375
9	15.019367
9	17.060209
9	16.675955
9	17.579654
9	21.011878
9	8.658940
9	13.059926
9	28.613593
9	24.012459
9	15.877229
9	15.458506
9	15.717418
9	16.130139
9	9.664893
9	12.516186
9	17.801168
9	19.500619
9	13.690402
9	12.116120
9	20.996001
9	11.990185
9	32.843742
9	10.611578
9	23.634548
9	15.203582
9	21.591295
9	21.839320
9	22.440577
9	19.198895
9	17.623454
9	13.614640
9	15.012015
9	23.888019
9	10.345208
9	15.083793
9	9.384932
9	16.669578
9	14.965116
9	19.671194
9	20.851391
10	20.110296
10	12.393722
10	18.958498
10	15.022526
10	16.376504
10	15.132939
10	15.636512
10	21.273122
10	12.898037
10	12.600292
10	7.836664
10	17.392471
10	20.651351
10	30.031032
10	29.494401
10	17.374260
10	12.356988
10	22.877460
10	19.120111
10	19.561886
10	13.461422
10	18.300654
10	11.621885
10	12.241766
10	15.413942
10	24.363925
10	17.937686
10	15.265938
10	21.226232
10	16.246713
10	10.893622
10	15.476112
10	10.576291
10	17.719807
10	18.776683
10	16.908333
10	15.335301
10	16.924402
10	27.390044
10	14.666081
10	20.608236
10	16.595510
10	17.208675
10	19.913585
10	21.328493
10	18.899116
10	18.176379
10	10.660101
10	22.157430
10	17.062102
10	15.616326
10	10.099914
10	13.402170
10	21.253363
10	22.550937
10	23.883982
10	14.548338
10	10.518784
10	20.720757
10	19.146747
10	15.526060
10	12.672877
10	17.816082
10	16.843079
10	18.626510
10	16.893215
10	14.103774
10	15.920163
10	18.624632
10	13.228346
10	12.001251
10	13.213855
10	18.693016
10	15.467624
10	14.404432
10	17.712495
10	27.120124
10	24.904307
10	14.314793
10	22.681384
10	37.289691
10	19.475149
10	15.570716
10	18.968944
10	16.048384
10	13.432040
10	10.478700
10	15.233875
10	10.767191
10	10.652502
10	12.968487
10	12.696871
10	16.252488
10	12.949787
10	20.172279
10	21.130601
10	16.840805
10	24.162509
10	18.795640
10	19.356678
11	11.787406
11	16.906611
11	16.374269
11	18.819184
11	12.100064
11	30.946707
11	18.116406
11	18.775154
11	20.032996
11	21.773332
11	13.954930
11	11.100247
11	21.003808
11	12.845080
11	21.077348
11	26.428511
11	17.948226
11	14.972381
11	16.202826
11	30.741415
11	16.174820
11	14.219171
11	20.338255
11	19.190289
11	15.321384
11	20.647684
11	21.581268
11	18.619364
11	13.141819
11	15.132421
11	15.308015
11	26.363359
11	18.778881
11	27.876432
11	8.442918
11	18.669196
11	17.980128
11	18.781194
11	18.967175
11	25.392949
11	16.669641
11	9.449293
11	17.333573
11	11.935032
11	29.382639
11	14.261208
11	13.824718
11	17.789763
11	17.274110
11	23.978800
11	12.464013
11	12.269035
11	12.691578
11	17.737107
11	30.713930
11	15.178051
11	16.138642
11	10.921734
11	16.424844
11	15.593900
11	11.507599
11	13.511650
11	10.609706
11	24.313911
11	17.704236
11	23.136362
11	16.104575
11	20.608981
11	29.037145
11	11.724435
11	14.705522
11	10.682169
11	16.226142
11	11.256436
11	21.186467
11	13.133407
11	22.938222
11	21.704690
11	24.286695
11	22.264926
11	18.563775
11	12.300571
11	25.526448
11	20.173514
11	16.530161
11	25.579496
11	27.911629
11	21.268387
11	13.658995
11	15.398980
11	16.922377
11	13.587664
11	14.460575
11	18.648210
11	20.135701
11	15.753952
11	12.628977
11	18.416094
11	20.736662
11	10.654376
12	12.537492
12	19.584709
12	20.339023
12	19.861824
12	14.452589
12	9.771982
12	12.797637
12	13.724428
12	20.058799
12	17.069931
12	17.130016
12	22.928122
12	14.405053
12	20.269048
12	13.344109
12	17.150798
12	16.692292
12	9.204711
12	17.628570
12	23.490608
12	17.722400
12	13.813333
12	10.335640
12	21.906201
12	26.357037
12	18.994089
12	18.572464
12	13.811804
12	20.437553
12	14.828006
12	25.773545
12	17.801184
12	23.560772
12	18.926167
12	16.899587
12	12.778878
12	9.654482
12	15.380450
12	19.448271
12	7.089183
12	18.243801
12	19.440249
12	17.919417
12	10.137021
12	20.301246
12	10.570615
12	20.414750
12	20.433999
12	11.979335
12	14.046493
12	21.582382
12	17.966958
12	9.918949
12	17.874498
12	16.545068
12	28.091112
12	12.284813
12	13.797479
12	18.502203
12	18.174415
12	17.082191
12	16.775231
12	7.214707
12	18.866588
12	20.042658
12	19.981083
12	16.412078
12	16.599481
12	19.661679
12	10.889021
12	21.321756
12	13.091181
12	15.000317
12	23.721873
12	11.485087
12	19.597717
12	15.015887
12	11.505145
12	28.909782
12	12.578107
12	9.758755
12	25.253533
12	11.714456
12	10.894040
12	14.228900
12	21.197750
12	17.438689
12	19.575298
12	16.665834
12	24.424107
12	18.469197
12	13.335373
12	22.776204
12	14.560491
12	16.602450
12	19.778409
12	25.609811
12	16.727834
12	14.827614
12	24.988226
13	14.087434
13	12.287928
13	24.364787
13	14.683805
13	15.790114
13	20.260078
13	12.938053
13	12.064136
13	15.791600
13	20.229401
13	12.160878
13	16.071391
13	15.162755
13	18.725826
13	13.672492
13	9.515616
13	13.680638
13	14.943360
13	15.926124
13	23.234388
13	12.172736
13	22.685952
13	17.105548
13	11.681862
13	21.203772
13	28.536133
13	13.345237
13	18.650853
13	16.762298
13	15.802292
13	17.182588
13	12.322551
13	22.603966
13	16.668654
13	14.198629
13	15.818667
13	18.543046
13	18.787718
13	15.478624
13	15.802323
13	22.296561
13	15.734487
13	25.750025
13	13.251977
13	12.123497
13	14.561492
13	16.567316
13	14.853214
13	19.665588
13	11.794391
13	28.423888
13	14.415818
13	12.753439
13	16.623880
13	19.768716
13	10.561242
13	11.750629
13	14.128938
13	15.590325
13	13.441941
13	17.952413
13	13.434661
13	10.035885
13	16.592593
13	18.158612
13	23.875645
13	8.123758
13	11.272563
13	22.121023
13	31.632774
13	20.522073
13	14.390613
13	41.763556
13	13.062731
13	16.504519
13	15.721647
13	17.027914
13	15.072037
13	14.278637
13	12.329000
13	21.336051
13	16.100861
13	16.518468
13	18.516129
13	8.784314
13	8.220740
13	11.395715
13	14.678051
13	15.270923
13	12.273550
13	18.326137
13	19.347147
13	15.328425
13	19.882955
13	13.973570
13	23.327565
13	18.729472
13	14.915958
13	17.090731
13	18.038980
14	15.669451
14	17.776863
14	16.367355
14	26.019521
14	22.408940
14	13.750925
14	16.210021
14	26.316316
14	6.559660
14	25.141104
14	16.242463
14	25.906247
14	23.910134
14	17.366326
14	10.879038
14	19.385475
14	21.585850
14	21.171813
14	14.102105
14	15.881411
14	16.537368
14	17.403912
14	15.912323
14	11.440607
14	18.592280
14	13.192554
14	15.669903
14	11.564184
14	15.446102
14	15.632796
14	26.626283
14	22.974089
14	17.677301
14	17.069826
14	11.696498
14	10.937500
14	19.227125
14	19.320151
14	18.382778
14	17.717703
14	33.498380
14	23.919598
14	26.317437
14	16.261378
14	16.504965
14	18.635262
14	18.394702
14	27.062495
14	11.540767
14	30.029364
14	16.932066
14	39.993902
14	12.448700
14	11.422566
14	17.761605
14	23.483470
14	12.850722
14	13.776922
14	17.484653
14	13.117907
14	16.491183
14	17.404058
14	11.800678
14	17.216020
14	15.866626
14	10.832876
14	16.129948
14	19.697793
14	28.722917
14	14.531320
14	26.519042
14	17.107425
14	15.720104
14	19.405080
14	11.293456
14	23.461892
14	12.488278
14	8.564437
14	12.283167
14	15.497506
14	23.277280
14	17.114453
14	22.595274
14	15.807029
14	16.831797
14	19.984634
14	18.446501
14	18.980942
14	9.922796
14	14.778070
14	18.185942
14	16.164846
14	15.999021
14	18.388274
14	13.331925
14	16.604850
14	23.809907
14	15.668926
14	16.084888
14	15.746628
15	13.460381
15	21.172814
15	11.617138
15	10.288298
15	17.837926
15	13.052600
15	24.244249
15	22.287390
15	24.483552
15	19.503331
15	14.232991
15	14.862985
15	12.260020
15	20.011405
15	28.798154
15	11.116313
15	23.946116
15	18.911028
15	35.111236
15	15.737572
15	17.981134
15	19.174931
15	14.373717
15	19.029860
15	22.351866
15	21.097167
15	20.912936
15	13.957302
15	16.454930
15	15.632999
15	23.816092
15	23.519062
15	13.862005
15	14.320200
15	12.890831
15	12.540908
15	8.953293
15	14.956561
15	16.074450
15	29.825234
15	18.695264
15	15.728521
15	23.312286
15	21.040991
15	20.302429
15	19.593187
15	19.701601
15	9.790172
15	23.063679
15	9.971430
15	13.241088
15	12.441868
15	16.550359
15	19.136691
15	18.685013
15	19.743536
15	20.690435
15	16.499750
15	15.146832
15	15.586641
15	16.636984
15	18.615421
15	17.420348
15	8.092617
15	10.180009
15	13.123686
15	16.563639
15	29.332985
15	22.942098
15	20.055585
15	15.009140
15	14.154050
15	14.894993
15	15.623911
15	23.444296
15	29.652742
15	23.941524
15	9.323826
15	16.392854
15	21.527009
15	14.596601
15	20.893075
15	28.387890
15	13.326910
15	27.911222
15	22.793930
15	14.828293
15	11.047208
15	17.573259
15	14.287594
15	19.653107
15	11.173090
15	18.989664
15	15.258621
15	14.083768
15	13.214945
15	15.157978
15	16.073617
15	14.627462
15	16.385845
16	16.419562
16	21.011126
16	19.330784
16	17.785324
16	24.459893
16	14.377374
16	15.384393
16	24.924184
16	18.319638
16	7.798117
16	13.083848
16	18.149690
16	10.988176
16	9.061636
16	12.341766
16	15.308899
16	24.215895
16	20.015224
16	15.366402
16	16.209611
16	12.539785
16	27.690941
16	17.947622
16	35.010579
16	9.670121
16	25.143592
16	15.626511
16	12.376868
16	7.812041
16	22.192465
16	13.452676
16	11.477105
16	16.615753
16	12.232593
16	14.065421
16	9.329299
16	24.530718
16	13.311167
16	17.146420
16	19.108818
16	10.322607
16	14.771525
16	14.195556
16	14.167061
16	12.553749
16	16.001555
16	12.820549
16	15.270790
16	20.603743
16	13.365454
16	18.063304
16	8.360410
16	19.731359
16	18.052274
16	17.419327
16	14.861105
16	25.738903
16	16.597128
16	6.457454
16	14.773411
16	19.317246
16	21.628413
16	16.866045
16	17.162733
16	24.697595
16	20.508855
16	20.511436
16	22.330110
16	15.038187
16	28.765575
16	26.807823
16	7.220844
16	12.818332
16	12.925685
16	19.526907
16	23.606302
16	11.551094
16	11.707249
16	15.377636
16	17.388658
16	8.797335
16	15.799733
16	7.170725
16	20.872127
16	13.896107
16	14.903979
16	17.584158
16	16.721993
16	12.840754
16	20.521081
16	23.550109
16	16.895599
16	22.704171
16	14.946028
16	12.824141
16	14.456363
16	15.320398
16	20.787759
16	16.270362
16	15.681587
17	19.307658
17	13.901829
17	16.128282
17	17.989093
17	16.970741
17	17.943785
17	10.257592
17	18.084472
17	25.245408
17	22.382022
17	21.601413
17	24.037805
17	25.321682
17	10.800498
17	18.825667
17	28.479888
17	14.870150
17	16.105478
17	21.477745
17	16.010108
17	15.607629
17	13.590677
17	14.682368
17	13.817700
17	20.568201
17	20.456008
17	14.384996
17	14.761252
17	16.884316
17	9.488067
17	27.262758
17	6.921662
17	13.877240
17	7.727540
17	19.483639
17	15.708911
17	18.853155
17	19.963095
17	17.846492
17	16.143042
17	19.299657
17	11.649041
17	16.167693
17	20.529583
17	19.306470
17	12.469547
17	34.029720
17	20.179292
17	17.753399
17	15.099751
17	10.654750
17	16.320567
17	13.803870
17	11.437567
17	16.043464
17	18.858940
17	15.551813
17	27.636422
17	13.979837
17	9.168304
17	17.108580
17	19.115069
17	13.983560
17	18.509275
17	15.421536
17	13.198781
17	14.364046
17	17.316915
17	20.473616
17	17.949089
17	19.944843
17	8.028259
17	25.148982
17	13.285050
17	16.348874
17	20.745591
17	16.845312
17	20.743940
17	23.737101
17	20.590540
17	17.143494
17	20.110038
17	14.168200
17	17.392766
17	14.467089
17	16.776526
17	22.096386
17	27.895537
17	19.591770
17	23.135043
17	30.373554
17	18.309102
17	11.394017
17	23.261122
17	21.944207
17	24.424524
17	15.368139
17	15.634804
17	18.821381
17	15.668945
18	26.904460
18	19.350170
18	18.657814
18	14.738267
18	22.062555
18	20.953046
18	26.204976
18	20.373675
18	14.974990
18	26.860604
18	17.258844
18	22.388727
18	15.607590
18	20.975315
18	12.526699
18	9.183223
18	19.818165
18	22.801303
18	12.186891
18	11.536381
18	15.906857
18	10.623933
18	16.716930
18	14.300397
18	14.991488
18	26.024486
18	13.329789
18	28.801156
18	17.443379
18	25.411192
18	16.818804
18	19.522102
18	21.321079
18	13.464024
18	23.833946
18	19.066630
18	28.533687
18	17.580606
18	12.057611
18	23.377839
18	11.573506
18	11.167093
18	21.564221
18	17.673113
18	14.014300
18	16.659717
18	9.516461
18	26.463053
18	13.398146
18	17.828829
18	19.419394
18	11.351119
18	12.897508
18	18.417680
18	15.218329
18	17.578075
18	16.406332
18	22.083440
18	23.502399
18	26.236151
18	15.773596
18	14.224344
18	19.678389
18	21.355932
18	19.584075
18	19.991704
18	18.171593
18	11.256174
18	18.731681
18	17.267925
18	12.325529
18	21.884265
18	17.855942
18	14.022131
18	28.273920
18	18.178234
18	19.424298
18	18.129184
18	11.944444
18	23.425729
18	16.411491
18	13.278351
18	13.018152
18	14.704418
18	9.681299
18	25.052036
18	19.527569
18	15.389383
18	18.206313
18	25.683236
18	16.672702
18	16.409669
18	15.747860
18	18.974188
18	12.008368
18	16.626813
18	12.064215
18	22.490902
18	13.241923
18	20.820598
19	14.019501
19	15.680899
19	16.658534
19	16.660688
19	14.769469
19	15.787766
19	18.070999
19	14.311291
19	24.522334
19	19.760866
19	12.431791
19	18.379742
19	23.525385
19	14.384972
19	11.735474
19	20.247316
19	12.997717
19	18.434648
19	13.064902
19	24.964778
19	12.837580
19	10.548282
19	15.998942
19	16.988054
19	15.012642
19	16.920121
19	24.466349
19	13.995144
19	14.604280
19	21.400959
19	13.098748
19	17.469558
19	21.620806
19	14.227629
19	14.546253
19	24.829134
19	20.073366
19	18.929905
19	15.209467
19	15.229741
19	22.387495
19	21.375059
19	18.277369
19	11.217245
19	16.638466
19	20.451315
19	16.335257
19	22.470525
19	22.831068
19	18.091084
19	16.522613
19	40.245954
19	21.639714
19	17.401531
19	12.432554
19	18.256314
19	16.956724
19	13.299529
19	15.169894
19	15.971360
19	16.665099
19	23.101992
19	19.186267
19	19.632353
19	12.195423
19	20.368286
19	20.512855
19	19.134707
19	28.355050
19	12.093295
19	23.656749
19	23.304938
19	23.536670
19	15.966764
19	27.598549
19	28.389551
19	16.377980
19	16.001222
19	13.736461
19	17.775574
19	23.771254
19	14.256152
19	32.116906
19	17.308431
19	7.528014
19	18.051054
19	18.550725
19	13.399364
19	14.184455
19	11.199302
19	18.056332
19	14.963728
19	14.555166
19	24.630169
19	11.647681
19	17.391797
19	27.014891
19	16.602405
19	23.695468
19	18.209916
20	29.710915
20	16.051469
20	21.083715
20	19.853178
20	12.410736
20	14.175059
20	18.651587
20	19.703309
20	19.470100
20	12.290363
20	12.916631
20	20.537897
20	15.207598
20	14.127953
20	18.531571
20	18.251248
20	13.390869
20	20.912273
20	11.140090
20	23.652575
20	19.136235
20	20.091720
20	11.786014
20	27.787305
20	14.195654
20	22.750947
20	16.062807
20	13.732471
20	13.530667
20	26.403203
20	16.787458
20	27.553215
20	18.727581
20	18.217688
20	10.790314
20	29.756554
20	13.412105
20	18.566198
20	11.013413
20	13.682846
20	16.054234
20	15.113253
20	8.662207
20	23.718577
20	20.331950
20	29.817700
20	23.728814
20	18.712628
20	17.965003
20	12.685083
20	19.409291
20	25.199689
20	14.435562
20	24.677195
20	22.260427
20	14.003173
20	17.976826
20	21.353530
20	10.088199
20	13.483706
20	20.192687
20	15.668742
20	13.872149
20	11.019452
20	17.886321
20	21.836072
20	18.349046
20	22.240212
20	15.297850
20	24.628523
20	12.843459
20	19.159029
20	15.957382
20	14.794202
20	16.698502
20	22.222981
20	15.810609
20	18.008060
20	17.316153
20	33.200137
20	9.187633
20	11.918316
20	13.324178
20	14.811365
20	24.291232
20	13.790372
20	25.788437
20	16.922406
20	14.609671
20	11.883030
20	10.496625
20	24.690868
20	20.048029
20	19.455643
20	25.331267
20	18.409244
20	17.194387
20	10.796635
20	10.864309
20	15.580071
21	19.567515
21	13.767098
21	17.732179
21	26.306935
21	16.887334
21	15.638693
21	18.968072
21	15.047116
21	22.108819
21	18.906166
21	14.264506
21	8.396770
21	14.607056
21	17.456811
21	22.943529
21	12.758455
21	26.244593
21	15.676030
21	18.512275
21	19.101274
21	16.551348
21	22.965413
21	16.150515
21	24.126144
21	18.730778
21	18.719360
21	25.944456
21	17.752537
21	29.819619
21	29.711273
21	18.635063
21	16.110744
21	17.156336
21	9.022676
21	12.360212
21	15.087055
21	15.218384
21	16.838000
21	15.518575
21	13.575296
21	13.734551
21	19.531478
21	15.789969
21	11.489676
21	15.190480
21	25.898457
21	17.597022
21	18.150613
21	20.081227
21	13.388074
21	21.387367
21	13.173803
21	22.244804
21	16.882091
21	21.799954
21	22.830374
21	20.724472
21	25.371477
21	17.384387
21	13.081960
21	24.019860
21	14.482095
21	21.118280
21	17.580387
21	11.345594
21	10.609576
21	19.107948
21	19.982295
21	19.087473
21	16.570254
21	9.805206
21	23.282108
21	16.158615
21	35.977855
21	17.336793
21	12.759100
21	16.977569
21	13.170649
21	25.783189
21	22.187844
21	18.260870
21	19.889299
21	17.972283
21	18.352668
21	15.997840
21	15.880969
21	12.510591
21	12.768554
21	14.856061
21	19.299539
21	20.683826
21	17.171873
21	17.927958
21	21.972071
21	17.130025
21	17.530573
21	19.392859
21	10.253798
21	16.054185
21	21.225741
22	19.610077
22	16.494964
22	23.860090
22	14.160218
22	21.814930
22	22.040081
22	12.853622
22	19.499840
22	17.651701
22	16.700614
22	21.879365
22	16.089748
22	15.193920
22	17.921849
22	15.507402
22	18.476605
22	15.833094
22	19.903909
22	14.562291
22	15.704305
22	14.633662
22	13.327197
22	17.130396
22	14.777380
22	15.270605
22	14.204202
22	21.868196
22	18.307847
22	16.797291
22	19.005037
22	22.643042
22	14.983736
22	21.610738
22	14.828895
22	17.491289
22	20.432346
22	16.272645
22	14.381903
22	16.203367
22	12.952540
22	18.424039
22	30.235270
22	17.435318
22	15.962328
22	20.013810
22	22.451071
22	23.253796
22	21.148674
22	17.728207
22	11.238675
22	16.630721
22	18.162162
22	19.885452
22	34.103371
22	11.566151
22	14.795325
22	17.998834
22	22.238443
22	16.183840
22	23.036172
22	23.383987
22	15.279055
22	16.177686
22	15.783868
22	11.241134
22	12.668958
22	33.754914
22	23.242095
22	21.996974
22	14.367355
22	18.837378
22	16.202902
22	15.791159
22	12.763679
22	20.357238
22	20.598877
22	20.253000
22	17.819495
22	14.501567
22	17.183876
22	15.578997
22	14.278276
22	9.229545
22	25.535154
22	12.088353
22	18.151915
22	11.053626
22	12.055416
22	19.329596
22	13.542860
22	29.769477
22	17.337817
22	17.778752
22	12.559693
22	16.867784
22	13.562698
22	12.275160
22	15.024950
22	16.039927
22	23.146086
23	19.208443
23	19.390833
23	21.875202
23	12.742686
23	17.333538
23	14.435946
23	23.947102
23	14.300959
23	12.258289
23	22.913092
23	15.367215
23	13.827260
23	10.502716
23	15.864539
23	19.576688
23	15.203083
23	16.123596
23	18.079582
23	12.855419
23	18.548830
23	24.289480
23	14.614306
23	30.360202
23	13.082110
23	20.105834
23	17.612287
23	25.196565
23	16.082981
23	23.710717
23	17.223703
23	8.147959
23	21.482083
23	12.389969
23	20.620676
23	12.257173
23	17.492166
23	16.351786
23	14.120967
23	19.126437
23	18.571716
23	11.328709
23	18.811899
23	17.027161
23	19.954152
23	25.263087
23	12.170802
23	19.828608
23	19.513132
23	13.460886
23	22.658647
23	23.334861
23	18.409225
23	18.185859
23	11.234828
23	14.200397
23	15.216841
23	17.183136
23	15.912908
23	25.806806
23	17.849811
23	19.800407
23	16.701282
23	33.820030
23	17.677614
23	26.103825
23	17.376694
23	17.419658
23	14.209597
23	12.892348
23	23.692739
23	15.865042
23	12.271358
23	15.648436
23	11.342804
23	6.828669
23	17.764614
23	12.243816
23	17.293680
23	24.066427
23	16.561307
23	20.266857
23	30.079704
23	12.304340
23	20.734301
23	19.768795
23	9.810130
23	20.223013
23	24.296153
23	15.164973
23	12.091529
23	13.188865
23	20.070796
23	17.749616
23	19.230862
23	15.888605
23	11.213983
23	15.476918
23	20.045501
23	20.088384
23	17.306644
24	33.677410
24	16.655197
24	30.262606
24	21.907950
24	17.521695
24	20.034133
24	16.474523
24	13.504079
24	15.987577
24	18.351698
24	20.251661
24	12.310627
24	25.241053
24	13.725007
24	13.060678
24	17.762988
24	15.713736
24	12.242820
24	15.130570
24	20.037373
24	17.701115
24	8.299279
24	23.351960
24	16.887408
24	13.476676
24	11.003509
24	18.108770
24	19.800253
24	18.941717
24	15.935460
24	16.406278
24	20.589348
24	14.178340
24	14.812024
24	12.526157
24	22.363188
24	11.038949
24	18.254593
24	21.676614
24	14.641112
24	15.061587
24	20.883859
24	16.858311
24	20.576441
24	17.624621
24	11.586974
24	13.808632
24	21.947199
24	14.815799
24	18.932955
24	15.278876
24	12.569918
24	16.562681
24	26.517872
24	9.135540
24	13.103483
24	11.557464
24	10.534440
24	13.228110
24	23.619447
24	15.115198
24	21.306159
24	33.186076
24	19.905626
24	11.225820
24	11.997347
24	16.935921
24	23.411548
24	11.567733
24	19.769994
24	15.373086
24	8.605275
24	16.727096
24	16.749322
24	17.398627
24	13.212679
24	18.832955
24	17.409246
24	19.012729
24	12.103336
24	19.249110
24	17.500413
24	22.541328
24	15.734542
24	15.957464
24	12.686647
24	11.278682
24	19.591855
24	13.370679
24	15.941741
24	16.772062
24	19.808441
24	18.291760
24	16.188828
24	20.173252
24	15.380647
24	27.875142
24	11.702581
24	17.699789
24	18.080395
25	11.660302
25	10.918675
25	16.713558
25	20.784329
25	18.153065
25	15.303620
25	16.968277
25	21.891717
25	11.059206
25	18.288055
25	23.653319
25	16.812129
25	14.900585
25	13.430093
25	13.693200
25	24.563315
25	14.683420
25	19.511214
25	20.636953
25	15.758626
25	15.647225
25	15.887298
25	17.805084
25	15.557880
25	20.820958
25	10.831649
25	14.355435
25	17.597564
25	13.131472
25	16.024494
25	24.474031
25	9.637005
25	10.855493
25	21.042024
25	7.454649
25	13.808935
25	19.580721
25	18.925510
25	14.919784
25	27.015458
25	10.047481
25	20.856084
25	14.661293
25	22.863571
25	13.415165
25	19.262504
25	14.821969
25	15.540342
25	15.186578
25	20.836333
25	10.801961
25	8.273458
25	19.794097
25	11.477156
25	20.251359
25	20.047908
25	20.438917
25	18.337013
25	10.979703
25	32.981510
25	12.258278
25	17.852894
25	21.774330
25	19.786126
25	15.656397
25	24.802480
25	14.715744
25	16.216655
25	22.672123
25	18.663077
25	17.350745
25	15.566004
25	21.957414
25	10.769231
25	20.325617
25	14.229677
25	17.295319
25	14.210369
25	19.930006
25	24.125503
25	10.208152
25	16.072416
25	15.985142
25	16.384900
25	19.240531
25	16.861072
25	20.170164
25	17.632596
25	14.463703
25	8.873497
25	15.702091
25	15.569542
25	19.100852
25	20.529071
25	20.043084
25	17.347716
25	11.947340
25	9.321395
25	22.526457
25	21.763877
26	17.517191
26	17.084486
26	20.356924
26	18.311646
26	19.449365
26	23.215049
26	16.730619
26	15.916894
26	20.927970
26	17.717069
26	17.634683
26	16.347917
26	16.018494
26	16.660752
26	12.778113
26	14.867257
26	20.456143
26	12.661259
26	18.953629
26	16.971867
26	16.909522
26	8.711983
26	16.525151
26	25.901516
26	10.806761
26	13.747786
26	11.662269
26	21.975607
26	17.265747
26	28.666397
26	19.151127
26	13.735324
26	20.600159
26	13.823429
26	17.496933
26	8.239717
26	18.882823
26	15.949854
26	20.397299
26	16.399744
26	18.148756
26	15.634547
26	16.976783
26	14.736842
26	13.419947
26	13.468589
26	20.291461
26	13.603520
26	23.725788
26	24.140835
26	17.078737
26	20.026972
26	19.935699
26	15.509688
26	14.523156
26	21.530639
26	17.267583
26	18.081548
26	16.606960
26	15.679432
26	18.152153
26	16.013084
26	18.419266
26	16.694693
26	10.599909
26	18.020276
26	12.634003
26	14.587850
26	13.936008
26	15.870826
26	17.799295
26	15.852762
26	26.066066
26	10.910284
26	16.926494
26	20.657025
26	20.502979
26	7.936776
26	21.433598
26	12.963017
26	19.944788
26	12.006874
26	14.607000
26	20.768837
26	22.581354
26	16.404241
26	12.074109
26	20.607183
26	13.276173
26	17.262776
26	9.836979
26	18.992618
26	15.990241
26	16.344855
26	10.573594
26	15.998073
26	20.557186
26	19.058461
26	12.950518
26	15.403247
27	13.429775
27	21.684678
27	20.457363
27	17.339335
27	18.279692
27	10.716783
27	19.642516
27	13.954503
27	23.823560
27	15.137568
27	23.950497
27	20.952130
27	18.739031
27	10.707663
27	19.582106
27	16.656282
27	13.649539
27	16.798701
27	8.175822
27	15.391053
27	16.733448
27	12.978430
27	14.936702
27	19.390601
27	13.437343
27	18.217666
27	12.185015
27	11.049441
27	11.372483
27	28.357456
27	20.443464
27	24.719791
27	13.952451
27	14.018667
27	21.512282
27	14.194767
27	15.726061
27	19.842565
27	21.549793
27	15.981013
27	17.488116
27	17.928450
27	16.645101
27	15.126219
27	17.973358
27	15.728408
27	18.182078
27	9.346025
27	12.181626
27	13.739757
27	20.263977
27	19.691749
27	20.158166
27	19.913487
27	22.140074
27	16.677434
27	12.310133
27	18.435158
27	19.260355
27	13.853679
27	15.897764
27	22.577067
27	23.457830
27	29.936286
27	15.583190
27	17.086096
27	16.452725
27	17.342539
27	14.408076
27	23.846876
27	10.586447
27	26.942427
27	19.900882
27	16.558588
27	14.197602
27	17.995548
27	13.139581
27	22.736491
27	15.043298
27	11.572200
27	21.748493
27	12.844934
27	14.243400
27	19.473841
27	18.808048
27	14.886935
27	21.624554
27	22.533783
27	21.855279
27	23.615492
27	30.999919
27	13.938076
27	16.775996
27	11.108061
27	15.380933
27	14.680973
27	16.721868
27	16.369726
27	14.655647
27	16.084974
28	16.078959
28	12.594167
28	20.564168
28	18.313907
28	19.823481
28	18.270235
28	16.215197
28	26.679905
28	19.201355
28	10.620031
28	17.161366
28	7.723787
28	21.313442
28	12.929858
28	15.133222
28	16.319462
28	15.605787
28	24.274370
28	14.964471
28	22.946072
28	12.978177
28	17.971386
28	9.500056
28	14.114323
28	13.380825
28	12.691091
28	19.733511
28	17.373605
28	19.442648
28	14.337503
28	9.698781
28	27.408302
28	13.644200
28	17.018349
28	23.936940
28	17.857774
28	14.205681
28	18.707101
28	12.004854
28	20.866966
28	18.455213
28	14.567663
28	15.260412
28	9.914414
28	12.287260
28	14.299297
28	16.067044
28	11.033728
28	17.236271
28	15.925040
28	24.300868
28	20.859411
28	21.202623
28	12.264824
28	13.545063
28	17.271904
28	22.811543
28	13.621324
28	18.998628
28	24.121779
28	26.195374
28	20.091868
28	22.998890
28	21.299956
28	12.391775
28	18.068953
28	17.443919
28	9.161457
28	20.004753
28	14.775743
28	12.327090
28	12.927143
28	26.235446
28	18.646753
28	22.301216
28	8.949745
28	10.253450
28	20.036711
28	14.968602
28	22.146608
28	14.818767
28	23.330787
28	26.418242
28	14.377648
28	13.695880
28	16.072210
28	17.981308
28	16.721009
28	17.764369
28	16.498418
28	11.056792
28	15.805031
28	16.267573
28	15.860458
28	16.763868
28	12.615802
28	19.748141
28	24.526485
28	13.609417
28	13.896531
29	29.035243
29	14.393740
29	10.032345
29	19.023900
29	17.850343
29	6.172479
29	17.343113
29	24.744912
29	14.150636
29	24.162316
29	17.365758
29	26.329835
29	16.602961
29	22.040281
29	20.625891
29	18.673051
29	15.363628
29	27.270896
29	8.927894
29	21.599727
29	11.009117
29	14.336395
29	26.021396
29	19.734487
29	17.762021
29	10.463280
29	19.869757
29	15.979854
29	11.341825
29	17.378657
29	9.413561
29	14.462386
29	15.538739
29	26.350685
29	27.362968
29	15.892768
29	22.668850
29	11.036467
29	17.374417
29	35.846558
29	26.407476
29	14.861772
29	15.688486
29	9.779181
29	13.500557
29	13.963550
29	12.253958
29	27.458065
29	16.688820
29	18.879820
29	19.808775
29	18.148808
29	17.536336
29	13.810388
29	31.836948
29	14.314691
29	16.518152
29	7.904638
29	22.116100
29	11.809061
29	15.117043
29	15.067797
29	15.646905
29	27.860933
29	11.841523
29	14.435081
29	9.487564
29	12.936657
29	10.189728
29	10.135451
29	7.530562
29	7.866906
29	27.799867
29	11.436294
29	13.877683
29	17.467445
29	16.281757
29	18.914121
29	15.440441
29	25.705686
29	13.731391
29	14.722170
29	10.792363
29	14.875685
29	17.944083
29	16.171000
29	16.335866
29	21.229781
29	15.261433
29	15.481534
29	18.073967
29	21.126187
29	14.777926
29	23.149835
29	14.328500
29	19.534587
29	12.104630
29	14.403922
29	17.601210
29	16.961819
30	18.760218
30	21.821287
30	19.349650
30	19.666091
30	12.545737
30	17.818774
30	17.500000
30	17.140502
30	17.192982
30	19.009355
30	23.791885
30	9.290699
30	18.235794
30	20.071845
30	11.270581
30	20.515173
30	14.476367
30	22.929219
30	19.507275
30	15.002477
30	15.355845
30	12.977115
30	33.205325
30	18.893044
30	18.616673
30	17.411802
30	17.796107
30	14.845029
30	17.803534
30	12.439807
30	10.744162
30	16.491583
30	12.872301
30	10.515277
30	15.596255
30	18.156226
30	23.661532
30	18.109366
30	23.447402
30	15.613579
30	19.469000
30	18.122790
30	16.910712
30	20.490998
30	17.986439
30	17.937697
30	17.430190
30	21.546492
30	21.207101
30	20.263512
30	23.853222
30	17.308152
30	13.912725
30	18.607825
30	12.911619
30	13.875928
30	14.647465
30	14.919970
30	18.737012
30	17.713518
30	19.130513
30	17.373027
30	17.933725
30	27.088769
30	8.033646
30	18.722168
30	14.151051
30	22.668420
30	19.060880
30	18.336906
30	10.355612
30	26.088902
30	14.802416
30	14.033502
30	12.560147
30	20.317666
30	12.783749
30	12.022124
30	14.122596
30	9.037256
30	9.900524
30	13.388066
30	15.383265
30	20.606764
30	23.190207
30	13.333333
30	18.190197
30	18.135516
30	13.359828
30	12.695559
30	18.333112
30	16.787132
30	13.636319
30	9.691420
30	25.874587
30	15.339732
30	8.051118
30	18.204512
30	29.683090
30	22.778626
