1	10.968661
1	10.806112
1	19.401821
1	10.328591
1	21.573145
1	21.484615
1	21.455301
1	0.000000
1	10.723791
1	21.538462
1	10.958165
1	10.666011
1	6.038519
1	21.538462
1	21.538462
1	21.593830
1	21.538462
1	10.549451
1	21.916329
1	10.902184
1	21.538462
1	21.538462
1	21.538462
1	21.538462
1	10.592686
1	21.538462
1	10.824458
1	21.538462
1	10.769231
1	21.538462
1	21.692308
1	10.719831
1	0.000000
1	10.842993
1	10.891608
1	21.538462
1	21.504274
1	21.616218
1	10.848416
1	10.870827
1	10.550196
1	21.538462
1	21.538462
1	21.538462
1	21.538462
1	21.584191
1	21.330360
1	21.538462
1	10.854028
1	10.769231
1	10.867133
1	21.538462
1	21.538462
1	10.829394
1	21.639581
1	0.000000
1	21.588435
1	10.887574
1	21.387843
1	21.869822
1	11.085973
1	10.938381
1	30.415973
1	10.818859
1	10.719373
1	10.989011
1	6.037736
1	21.483376
1	0.000000
1	21.460140
1	21.538462
1	21.538462
1	10.828402
1	21.608165
1	21.538462
1	0.000000
1	10.816258
1	10.804773
1	21.538462
1	21.850613
1	10.920910
1	22.136752
1	10.741828
1	21.538462
1	21.538462
1	0.000000
1	10.583554
1	12.923077
1	10.819791
1	10.857503
1	21.696833
1	10.808679
1	20.369610
1	0.000000
1	21.538462
1	12.923077
1	21.487902
1	10.734603
1	21.607275
1	21.538462
2	5.938220
2	21.465450
2	17.018613
2	14.418679
2	24.323817
2	21.238722
2	4.335309
2	8.165886
2	21.538462
2	3.365201
2	21.538462
2	16.699839
2	15.938078
2	15.664336
2	18.324317
2	15.964109
2	21.538462
2	21.843972
2	21.538462
2	16.211129
2	27.583560
2	21.538462
2	21.607717
2	11.462419
2	10.769231
2	21.505223
2	16.288686
2	16.104746
2	19.288175
2	13.101197
2	14.590571
2	19.215957
2	10.787391
2	18.496097
2	39.305211
2	21.442735
2	14.592372
2	21.538462
2	21.602755
2	21.538462
2	21.608619
2	17.014401
2	14.141414
2	15.941020
2	22.327523
2	26.817895
2	11.757466
2	19.313187
2	21.591643
2	21.345780
2	10.736951
2	17.455736
2	20.919183
2	13.855297
2	16.248313
2	21.486811
2	8.821881
2	14.150728
2	20.486583
2	10.821764
2	21.376518
2	21.489732
2	14.183865
2	21.346154
2	11.528886
2	10.632334
2	17.747692
2	21.538462
2	12.944297
2	18.264135
2	12.855417
2	25.810553
2	21.655518
2	12.999406
2	32.643277
2	13.773523
2	15.047418
2	19.663889
2	21.538462
2	21.673424
2	21.507337
2	8.524934
2	14.787053
2	21.538462
2	21.462622
2	18.375253
2	10.099957
2	21.573540
2	17.122626
2	27.762222
2	21.604530
2	13.066667
2	18.263148
2	18.399612
2	14.298643
2	16.773315
2	15.029954
2	10.823348
2	21.538462
2	15.721287
3	21.585294
3	10.599101
3	21.709402
3	13.713497
3	32.484026
3	18.401280
3	20.300619
3	13.692665
3	14.615385
3	16.203449
3	22.890800
3	21.519502
3	20.167224
3	16.056323
3	21.470410
3	11.822222
3	18.461977
3	16.927992
3	21.538462
3	19.986766
3	18.022736
3	21.436480
3	14.574453
3	25.150037
3	21.439661
3	13.898390
3	13.543836
3	21.625310
3	21.428571
3	19.615966
3	16.577355
3	12.550282
3	18.591693
3	22.237704
3	27.065491
3	14.164990
3	13.007663
3	20.801531
3	8.307308
3	18.587987
3	14.580812
3	19.112959
3	20.707395
3	18.263148
3	21.350078
3	9.138829
3	22.318687
3	14.167009
3	22.033452
3	16.938418
3	21.538462
3	4.878144
3	20.244632
3	18.391785
3	17.279363
3	21.122018
3	14.194787
3	21.553234
3	21.457286
3	14.975124
3	6.392862
3	14.055805
3	25.863633
3	31.839465
3	13.268770
3	8.323896
3	16.031218
3	42.693498
3	21.592040
3	20.092140
3	12.563990
3	22.216220
3	22.197434
3	19.034993
3	14.576488
3	17.132867
3	16.799279
3	13.047859
3	7.853052
3	11.402592
3	13.792173
3	23.671192
3	21.572327
3	19.587514
3	13.420219
3	17.008723
3	20.298185
3	21.538462
3	4.002573
3	10.564516
3	17.357453
3	24.079350
3	19.012211
3	16.187570
3	21.476031
3	12.437778
3	15.461799
3	17.399310
3	15.161021
3	16.139013
4	45.889133
4	8.566083
4	20.532775
4	22.496305
4	13.049007
4	21.146647
4	28.276046
4	20.984941
4	16.207800
4	25.011629
4	14.498915
4	17.498814
4	14.902460
4	11.058394
4	12.808948
4	10.347539
4	17.354352
4	14.104853
4	18.559454
4	21.731239
4	19.567816
4	12.328682
4	19.366345
4	15.566308
4	20.611354
4	17.777062
4	13.555312
4	25.760354
4	13.068280
4	12.933180
4	22.666248
4	18.224852
4	13.773184
4	20.032378
4	21.557796
4	7.328338
4	15.653948
4	15.590957
4	23.581405
4	20.712781
4	17.491512
4	22.638724
4	13.178195
4	21.927376
4	22.607562
4	16.642279
4	23.546212
4	17.483305
4	17.592902
4	17.426217
4	31.079906
4	27.437236
4	20.458423
4	17.415330
4	17.301294
4	15.389782
4	18.913791
4	14.040000
4	21.726409
4	18.505804
4	11.571172
4	18.640581
4	13.022090
4	30.382911
4	21.528822
4	24.920336
4	16.803714
4	44.497888
4	21.422663
4	19.076457
4	21.058228
4	16.332985
4	15.748599
4	20.538846
4	15.095332
4	17.375178
4	18.218095
4	17.102464
4	21.622269
4	9.023973
4	24.176974
4	16.479636
4	11.663482
4	13.036295
4	16.508189
4	21.479774
4	21.698218
4	14.706620
4	19.849498
4	11.832722
4	7.842768
4	14.584244
4	20.467033
4	21.511198
4	20.567844
4	15.482415
4	10.975567
4	16.407945
4	20.761083
4	16.430620
5	19.840205
5	5.582418
5	23.732358
5	17.541058
5	17.732380
5	26.803419
5	11.087082
5	14.372810
5	16.351303
5	10.894638
5	30.496614
5	27.351836
5	14.030905
5	24.774805
5	14.126958
5	29.385336
5	13.947829
5	15.212224
5	13.053576
5	18.458844
5	25.994351
5	19.069167
5	8.498352
5	23.864746
5	9.815146
5	17.331514
5	22.750131
5	13.375318
5	16.876081
5	12.976960
5	10.273595
5	13.715857
5	15.590993
5	23.897015
5	13.668988
5	15.658220
5	8.900036
5	22.824485
5	15.387319
5	12.847133
5	10.844499
5	23.232084
5	12.894918
5	46.519478
5	17.090169
5	16.465998
5	13.680384
5	14.092502
5	19.726604
5	13.260935
5	18.094419
5	9.633637
5	17.834058
5	15.313827
5	24.843322
5	7.311072
5	14.518519
5	25.013763
5	27.715040
5	7.896808
5	14.287059
5	20.568037
5	22.566845
5	9.666507
5	18.860707
5	28.757539
5	11.878972
5	17.966212
5	15.689244
5	19.374279
5	16.805715
5	25.749303
5	14.364122
5	21.466002
5	13.078350
5	12.328160
5	16.814140
5	19.766628
5	18.634429
5	15.968294
5	14.985915
5	13.537640
5	17.577015
5	20.494776
5	17.706341
5	18.011257
5	21.172517
5	21.766126
5	30.453745
5	19.158561
5	17.392491
5	8.386768
5	15.003663
5	13.953839
5	20.790598
5	11.729532
5	16.030859
5	16.327257
5	16.312645
5	17.177316
6	26.389560
6	12.758522
6	15.797843
6	9.973171
6	17.529994
6	14.127899
6	13.823789
6	12.787389
6	29.554128
6	16.466987
6	22.356001
6	22.674134
6	20.221795
6	15.419062
6	26.714056
6	18.816540
6	19.897068
6	15.598420
6	21.687832
6	22.339950
6	9.497180
6	19.607843
6	16.733174
6	18.739678
6	23.920950
6	12.889652
6	12.624740
6	22.301686
6	19.440386
6	12.960683
6	17.446526
6	24.323459
6	16.399188
6	26.570933
6	20.998059
6	10.848180
6	22.015059
6	20.355118
6	19.751434
6	19.369400
6	13.255026
6	14.132186
6	20.445903
6	23.589700
6	18.986714
6	6.968415
6	10.391299
6	16.485086
6	14.631553
6	16.259736
6	13.486608
6	30.199914
6	16.526970
6	12.614411
6	9.196928
6	23.134223
6	22.364161
6	20.080312
6	25.573261
6	22.110066
6	16.907958
6	15.436383
6	17.125974
6	14.956706
6	15.292162
6	19.375480
6	18.691424
6	24.083743
6	14.684072
6	24.826691
6	25.777115
6	20.712005
6	21.482862
6	11.155609
6	23.460817
6	16.018561
6	21.649485
6	19.375650
6	22.712704
6	16.586572
6	16.213433
6	17.194358
6	11.833246
6	14.268807
6	16.712061
6	21.490088
6	17.161187
6	10.985189
6	27.134533
6	14.161502
6	14.510753
6	23.136980
6	15.206415
6	25.825097
6	18.241397
6	20.497608
6	20.969347
6	16.674129
6	24.695918
6	19.087191
7	24.181360
7	10.576205
7	13.435928
7	13.997198
7	13.455263
7	18.849549
7	16.145584
7	22.721259
7	24.480574
7	13.747129
7	13.216657
7	10.273017
7	26.773394
7	18.706093
7	23.954814
7	23.619875
7	28.071284
7	13.060630
7	13.538979
7	16.514890
7	15.913723
7	11.732149
7	17.877046
7	13.336103
7	26.536400
7	29.442967
7	20.786667
7	19.981678
7	21.404126
7	17.819658
7	11.665501
7	15.476546
7	14.149918
7	19.693627
7	16.337522
7	21.387310
7	18.502142
7	9.091652
7	14.800179
7	11.666667
7	23.468372
7	9.770595
7	23.842330
7	20.837404
7	15.745147
7	20.696563
7	21.550833
7	18.360275
7	28.592884
7	9.113642
7	10.967333
7	22.584966
7	15.978178
7	13.896250
7	12.143670
7	20.663291
7	16.656037
7	17.862703
7	14.404842
7	19.169170
7	17.367005
7	18.542493
7	13.613475
7	15.177270
7	18.473303
7	19.246570
7	17.671310
7	15.176596
7	25.651042
7	22.139995
7	15.714998
7	11.286332
7	11.941120
7	13.550694
7	23.021280
7	14.434910
7	16.072545
7	17.210589
7	15.579492
7	16.421855
7	16.264738
7	32.729916
7	16.959048
7	19.456386
7	11.431575
7	25.621017
7	19.357686
7	13.663409
7	27.286164
7	18.480902
7	9.658936
7	19.565030
7	16.694848
7	12.680194
7	19.161728
7	6.694194
7	14.017036
7	22.660668
7	14.335476
7	17.474412
8	15.435370
8	14.535436
8	25.667001
8	16.976777
8	23.512295
8	22.892897
8	17.775683
8	16.357504
8	15.547710
8	13.443373
8	23.979817
8	18.467023
8	14.959836
8	9.569352
8	20.046372
8	18.789263
8	19.564214
8	25.745488
8	30.390312
8	18.285021
8	18.434422
8	16.811594
8	20.432559
8	19.548556
8	21.393923
8	21.315570
8	22.240654
8	20.706939
8	11.854839
8	20.335247
8	19.585959
8	23.552184
8	14.641483
8	13.978076
8	19.939583
8	27.481865
8	11.794084
8	20.444193
8	13.218186
8	10.505882
8	19.208071
8	16.296694
8	21.011889
8	21.625585
8	20.171920
8	36.755824
8	20.916203
8	18.392238
8	13.084684
8	20.620800
8	19.306349
8	26.275429
8	17.983253
8	9.578852
8	32.724427
8	17.230572
8	16.854859
8	15.838384
8	19.081541
8	26.784530
8	18.547405
8	21.525632
8	15.742459
8	16.880449
8	22.860504
8	9.368691
8	12.905980
8	19.723972
8	17.823233
8	20.214221
8	36.029541
8	14.407098
8	18.068222
8	19.759058
8	23.361987
8	16.460457
8	21.140726
8	16.538115
8	16.770921
8	19.598283
8	16.549740
8	27.001733
8	14.785992
8	18.386535
8	21.378195
8	12.795283
8	15.252418
8	13.149404
8	13.842697
8	18.568390
8	14.121349
8	25.485384
8	21.295318
8	16.600049
8	15.285923
8	27.306004
8	24.630041
8	23.517260
8	16.046422
8	12.701643
9	15.792498
9	16.833904
9	17.798687
9	22.690274
9	16.554195
9	16.968572
9	18.620011
9	17.117132
9	10.772651
9	20.773431
9	15.405627
9	13.197587
9	19.071090
9	20.115787
9	29.876483
9	22.774355
9	15.674029
9	16.357091
9	21.139623
9	11.015328
9	23.935977
9	13.621233
9	38.825640
9	12.167959
9	12.064219
9	14.921338
9	11.901690
9	18.142292
9	12.740797
9	21.828359
9	21.906658
9	13.707436
9	19.937440
9	17.761753
9	12.610131
9	18.816035
9	25.623057
9	15.096717
9	13.813246
9	19.907535
9	13.658738
9	8.022236
9	16.758943
9	16.848518
9	16.878400
9	19.023571
9	21.845018
9	18.334639
9	21.227292
9	14.794924
9	9.452279
9	28.964076
9	21.372668
9	18.011753
9	13.074851
9	12.083417
9	22.474108
9	16.489023
9	22.285204
9	16.469037
9	16.508744
9	22.696668
9	15.156181
9	20.290623
9	18.459489
9	14.388077
9	23.185632
9	15.907665
9	14.679940
9	11.637717
9	23.901512
9	12.519649
9	16.325064
9	14.823355
9	17.349816
9	18.478616
9	21.232227
9	10.984431
9	24.574581
9	17.945409
9	11.999758
9	24.756001
9	16.667512
9	18.110092
9	25.697397
9	23.426371
9	15.286815
9	17.106987
9	25.028009
9	19.671781
9	16.042627
9	23.616299
9	28.477963
9	18.445308
9	26.220006
9	14.977520
9	23.444372
9	12.439237
9	18.327030
9	14.260499
10	24.299475
10	31.733727
10	16.777217
10	27.462751
10	14.127368
10	16.972401
10	16.068389
10	14.437294
10	22.678817
10	25.252485
10	11.920262
10	15.707059
10	11.475880
10	23.031039
10	16.610520
10	10.206484
10	18.590275
10	30.786168
10	16.209670
10	20.746774
10	17.168079
10	11.769295
10	21.417139
10	11.156236
10	18.428291
10	15.592430
10	15.632018
10	17.701832
10	23.560857
10	25.285773
10	20.767040
10	14.630168
10	16.150269
10	9.629471
10	20.646688
10	22.854569
10	43.073988
10	16.180186
10	13.315890
10	18.805223
10	14.807481
10	21.710914
10	11.477686
10	15.740371
10	36.386228
10	14.235646
10	16.695503
10	15.941750
10	22.051416
10	40.251400
10	23.470709
10	24.347352
10	19.030770
10	17.994249
10	28.376385
10	28.386476
10	15.777173
10	16.780136
10	17.739427
10	16.335556
10	21.029450
10	14.927114
10	16.949236
10	17.375974
10	15.332464
10	14.072929
10	25.229758
10	15.546119
10	16.770625
10	13.961402
10	23.563328
10	21.739054
10	19.705282
10	17.071327
10	14.284792
10	10.861455
10	17.821755
10	23.716271
10	20.133195
10	15.612239
10	12.834855
10	16.223844
10	16.107677
10	10.409689
10	23.543725
10	20.811861
10	26.469168
10	27.662737
10	10.614564
10	11.331428
10	20.876787
10	14.610910
10	19.440957
10	23.567214
10	21.838889
10	20.319018
10	24.339779
10	15.802402
10	13.062880
10	19.936969
11	20.993781
11	28.546215
11	9.994773
11	23.063644
11	14.304384
11	16.970517
11	22.711281
11	29.873239
11	23.453804
11	20.015365
11	22.608696
11	17.437589
11	19.635922
11	13.532230
11	16.300219
11	13.939441
11	17.489757
11	22.362583
11	18.225472
11	14.141939
11	17.817449
11	11.262749
11	19.005675
11	14.696503
11	18.079389
11	21.535013
11	14.891075
11	16.119601
11	27.546012
11	29.853474
11	16.597405
11	14.618961
11	19.544358
11	10.979478
11	14.541972
11	14.464266
11	10.893493
11	28.859584
11	20.447766
11	32.712551
11	23.354072
11	11.887004
11	10.552147
11	41.671195
11	22.104778
11	20.626610
11	18.425975
11	18.686682
11	19.698372
11	15.236509
11	30.097720
11	16.204114
11	21.314588
11	22.630949
11	18.333498
11	17.535424
11	18.455744
11	15.139618
11	14.340191
11	12.664729
11	26.119295
11	32.411229
11	19.597607
11	17.034998
11	12.320990
11	15.604716
11	14.203559
11	13.844819
11	21.062221
11	9.831126
11	23.257349
11	24.339368
11	15.579985
11	26.717600
11	28.932462
11	28.386407
11	16.543004
11	15.768829
11	10.017832
11	21.783001
11	15.165025
11	18.021901
11	15.975334
11	18.674758
11	17.882006
11	18.156266
11	21.373410
11	22.749679
11	11.077404
11	18.217342
11	25.789474
11	10.679079
11	21.204650
11	14.307270
11	17.655408
11	13.528090
11	15.510389
11	12.405985
11	15.318286
11	22.339564
12	14.580282
12	14.704804
12	19.483871
12	17.343764
12	10.949261
12	21.585695
12	23.274327
12	14.894086
12	12.896922
12	13.272750
12	16.471953
12	15.014671
12	23.228225
12	13.880509
12	19.296082
12	10.260409
12	11.023755
12	22.514405
12	17.815764
12	15.379096
12	15.262510
12	12.606930
12	16.428381
12	33.258036
12	12.384193
12	17.007608
12	27.635968
12	13.312253
12	12.190798
12	24.372778
12	19.392262
12	19.745560
12	17.942664
12	15.214596
12	26.764014
12	16.160222
12	21.279792
12	13.259767
12	15.089758
12	19.462366
12	27.379384
12	16.012413
12	16.485644
12	11.189667
12	38.388503
12	16.389363
12	12.578418
12	21.630636
12	12.631343
12	12.463016
12	16.781737
12	18.316944
12	15.206306
12	20.121874
12	17.353047
12	17.987004
12	11.526253
12	19.764016
12	15.941415
12	11.108824
12	14.550562
12	10.135103
12	21.381015
12	12.812148
12	15.133397
12	8.250018
12	11.827983
12	14.599715
12	11.927767
12	30.442708
12	26.360505
12	28.184394
12	17.800193
12	18.462240
12	20.680666
12	12.423677
12	10.441796
12	23.674642
12	16.745965
12	10.425124
12	27.701414
12	18.454296
12	14.368639
12	13.884132
12	27.404411
12	14.931023
12	12.894497
12	17.806962
12	16.079554
12	13.438691
12	13.917543
12	11.743600
12	20.418441
12	16.476516
12	19.229335
12	23.900261
12	17.436718
12	13.853882
12	8.702029
12	26.551724
13	17.326733
13	24.269737
13	12.258350
13	11.271164
13	24.173406
13	17.389808
13	16.081563
13	22.569066
13	16.070242
13	20.551680
13	16.781013
13	20.992822
13	22.839622
13	25.651613
13	15.459499
13	22.405355
13	14.711702
13	15.398255
13	6.547980
13	20.130926
13	16.869871
13	15.728870
13	18.218326
13	16.232169
13	18.018961
13	20.409985
13	6.931900
13	18.861104
13	19.696929
13	13.019494
13	17.586920
13	18.164227
13	13.272805
13	21.356549
13	22.178644
13	31.885381
13	16.611046
13	16.806050
13	21.187781
13	16.000769
13	14.994422
13	16.977054
13	16.181804
13	10.301161
13	20.163363
13	26.776084
13	28.185430
13	23.256803
13	16.390769
13	20.139685
13	38.169777
13	9.795918
13	18.716925
13	15.961145
13	47.588010
13	12.787002
13	17.321999
13	19.600688
13	17.783500
13	11.498989
13	18.811047
13	16.854496
13	16.165667
13	16.737936
13	12.180107
13	18.025141
13	18.767166
13	14.470917
13	10.160887
13	24.080000
13	20.243885
13	23.354177
13	17.758845
13	16.176471
13	29.591505
13	30.842503
13	9.057948
13	21.907608
13	11.708858
13	24.718171
13	21.639491
13	12.463012
13	16.140308
13	21.911149
13	19.883608
13	13.018856
13	8.013286
13	25.336141
13	24.710799
13	22.372123
13	23.687457
13	18.656650
13	13.790381
13	17.735965
13	21.775213
13	22.621558
13	20.488603
13	22.016659
13	16.117888
13	11.435377
14	14.339284
14	18.912464
14	17.861233
14	19.779662
14	14.185631
14	16.743179
14	10.740606
14	14.122404
14	16.467691
14	8.958843
14	14.619831
14	14.750930
14	23.430999
14	19.614193
14	20.566632
14	18.893445
14	22.326497
14	17.417556
14	29.720921
14	24.423542
14	17.342793
14	19.993761
14	26.696500
14	19.149819
14	27.125747
14	15.079901
14	17.953762
14	23.324955
14	23.690926
14	27.287416
14	27.434300
14	34.772818
14	15.675238
14	15.976169
14	15.957194
14	13.068304
14	21.209690
14	23.060715
14	40.507976
14	16.064598
14	24.145420
14	17.597060
14	15.571544
14	11.392581
14	9.609941
14	27.663345
14	21.227554
14	11.522202
14	11.372496
14	14.902143
14	17.377774
14	14.154855
14	20.599430
14	26.759526
14	14.500397
14	16.370077
14	14.729538
14	22.231591
14	21.314308
14	15.714874
14	17.329144
14	10.891343
14	18.052113
14	19.008857
14	16.710043
14	16.352520
14	15.412844
14	23.737244
14	15.745772
14	11.158130
14	33.872979
14	14.242346
14	24.900480
14	26.620904
14	7.078171
14	10.182288
14	16.480450
14	16.687469
14	18.597176
14	18.487043
14	11.315890
14	14.296534
14	20.508057
14	25.331430
14	13.104095
14	18.096150
14	20.478911
14	8.899368
14	52.700975
14	17.792574
14	15.838134
14	13.359099
14	6.326037
14	16.152309
14	22.856201
14	13.048679
14	15.725382
14	15.014555
14	21.576895
14	14.252044
15	13.697794
15	18.219326
15	10.126918
15	21.013681
15	15.250524
15	24.020624
15	13.293550
15	15.005624
15	17.118619
15	14.924567
15	18.256925
15	13.089554
15	17.739961
15	23.112891
15	18.982907
15	18.387145
15	15.544613
15	27.454366
15	10.664231
15	21.726236
15	12.733090
15	11.436228
15	14.831981
15	15.644028
15	11.390133
15	20.225498
15	12.828054
15	14.860479
15	20.255688
15	8.336570
15	15.118522
15	18.536095
15	20.654119
15	21.847068
15	14.555509
15	21.156148
15	16.307049
15	10.684631
15	18.793070
15	17.484211
15	17.300524
15	23.345318
15	14.622671
15	22.352620
15	13.058716
15	14.012950
15	14.984591
15	18.873534
15	19.958694
15	14.101562
15	21.304483
15	20.799856
15	18.090826
15	17.834730
15	19.862951
15	26.239345
15	10.765257
15	14.504118
15	16.624882
15	17.983120
15	19.376683
15	14.529953
15	19.453552
15	18.080855
15	21.454368
15	18.883829
15	18.189477
15	13.485825
15	24.747880
15	14.901229
15	22.527352
15	29.782886
15	20.286225
15	17.464700
15	25.285225
15	35.012308
15	39.745623
15	24.894827
15	25.360525
15	17.543884
15	15.314772
15	20.452610
15	13.421042
15	17.919820
15	12.173913
15	21.633794
15	23.917487
15	9.303748
15	14.963540
15	20.660377
15	23.038333
15	24.261434
15	16.750755
15	19.233025
15	17.028990
15	30.228973
15	18.359790
15	19.925041
15	17.219287
15	15.712114
16	16.051467
16	11.706541
16	11.113856
16	12.857831
16	23.934192
16	15.669849
16	12.927928
16	14.557938
16	14.655704
16	25.532268
16	9.299152
16	25.853754
16	39.904077
16	19.274083
16	17.982222
16	12.592460
16	16.634325
16	22.328926
16	16.896987
16	28.994954
16	16.682152
16	21.998817
16	13.240756
16	17.398960
16	25.747570
16	10.494325
16	22.275571
16	24.638140
16	20.456936
16	17.974310
16	11.522233
16	25.069556
16	16.650197
16	17.290506
16	16.562957
16	16.803908
16	15.004732
16	13.580763
16	18.540946
16	19.499544
16	26.608479
16	17.569086
16	33.106816
16	10.329109
16	19.705287
16	19.316849
16	17.331849
16	16.327062
16	26.289157
16	16.964336
16	17.988522
16	16.239016
16	23.681654
16	13.166407
16	11.630054
16	14.511743
16	19.914576
16	36.222039
16	16.137226
16	19.099762
16	15.247449
16	18.717331
16	18.936377
16	14.686511
16	12.910357
16	27.043105
16	12.200969
16	18.784465
16	19.459369
16	14.752444
16	21.338340
16	19.084959
16	13.530032
16	26.796708
16	6.926785
16	25.929798
16	11.840589
16	21.512322
16	16.461044
16	13.907780
16	23.825688
16	19.304204
16	14.755644
16	24.203589
16	17.750273
16	20.097296
16	15.443360
16	16.528843
16	14.454778
16	15.426336
16	15.557218
16	21.375305
16	20.150688
16	21.580058
16	15.980040
16	15.549825
16	20.652819
16	20.971212
16	14.074345
16	13.080599
17	12.439195
17	8.931189
17	24.522826
17	16.600910
17	16.437620
17	17.490377
17	21.651607
17	15.481535
17	9.414635
17	17.151832
17	17.489151
17	13.578261
17	14.227477
17	27.724549
17	12.393916
17	28.032759
17	15.529614
17	22.018093
17	32.093387
17	21.409545
17	16.462774
17	11.649341
17	15.141781
17	17.270341
17	14.206662
17	17.069002
17	13.013484
17	16.059110
17	14.069224
17	14.223763
17	12.587719
17	21.227327
17	17.371402
17	19.499759
17	15.054738
17	17.640236
17	15.835830
17	12.587744
17	22.819723
17	10.322022
17	10.130711
17	16.714061
17	22.402310
17	10.814310
17	12.796980
17	14.902935
17	15.663697
17	25.715022
17	15.777822
17	22.069926
17	19.423369
17	22.230624
17	13.851201
17	35.136200
17	26.345109
17	20.122248
17	14.953468
17	21.636686
17	15.784844
17	16.940363
17	15.735472
17	15.839691
17	13.467253
17	26.642486
17	20.900882
17	13.766110
17	30.318820
17	15.294465
17	17.239159
17	22.364032
17	21.749875
17	19.965087
17	27.375133
17	15.476797
17	15.627875
17	17.402174
17	10.322480
17	21.783081
17	8.142632
17	17.627167
17	26.577181
17	23.481964
17	18.806842
17	20.143021
17	10.060379
17	15.058494
17	17.591998
17	13.915482
17	27.283182
17	16.923041
17	21.603435
17	15.800947
17	18.599091
17	21.352958
17	19.286162
17	20.809425
17	16.428739
17	13.051735
17	27.173460
17	14.345430
18	20.725710
18	16.215824
18	38.585971
18	15.244050
18	14.151070
18	21.121052
18	12.503447
18	18.408512
18	23.123638
18	19.470866
18	31.492458
18	11.727254
18	23.932531
18	27.133300
18	24.930946
18	20.949009
18	28.996627
18	17.187574
18	21.243414
18	17.042668
18	15.499769
18	22.821432
18	28.948572
18	18.279756
18	14.805425
18	40.046726
18	18.561621
18	17.412606
18	24.950495
18	12.202985
18	30.934231
18	17.126230
18	10.297152
18	15.402379
18	21.001824
18	7.144455
18	16.217000
18	26.639479
18	23.677391
18	15.396398
18	22.576099
18	26.237955
18	31.655993
18	20.163999
18	14.185373
18	19.951676
18	14.517789
18	22.665217
18	18.572346
18	17.838896
18	35.163098
18	21.092886
18	17.359522
18	13.998947
18	19.703305
18	18.310241
18	16.125422
18	23.668560
18	27.549819
18	17.463245
18	25.771383
18	18.470456
18	16.864282
18	11.813086
18	14.277716
18	23.035606
18	14.349095
18	20.560341
18	14.941552
18	21.306301
18	24.602762
18	18.053637
18	15.675151
18	12.016261
18	23.838267
18	10.425239
18	18.868383
18	18.825215
18	13.958282
18	27.731521
18	23.242592
18	15.869584
18	18.512825
18	20.882573
18	12.179095
18	15.349543
18	14.256975
18	17.600589
18	13.508911
18	20.304822
18	16.766111
18	7.915194
18	15.588865
18	18.806975
18	19.800411
18	17.263740
18	15.742475
18	21.745985
18	32.142535
18	14.682510
19	13.315341
19	9.634144
19	15.446215
19	9.820492
19	24.893794
19	16.182706
19	12.837000
19	15.303802
19	15.717007
19	16.797169
19	12.637799
19	16.383885
19	14.570190
19	24.803477
19	22.539959
19	15.843590
19	11.445787
19	14.666384
19	20.774945
19	22.107299
19	14.274097
19	12.790828
19	9.101673
19	20.147893
19	7.132715
19	30.474191
19	24.214060
19	14.381971
19	18.116994
19	20.637998
19	23.031677
19	19.128153
19	24.429876
19	25.306949
19	18.784758
19	24.890957
19	21.446936
19	24.050447
19	8.646759
19	13.134498
19	16.530833
19	15.214842
19	16.336336
19	17.479531
19	19.284513
19	15.965549
19	9.931950
19	17.666168
19	26.121113
19	12.789594
19	35.602117
19	21.325653
19	24.283578
19	18.287811
19	17.387550
19	13.129700
19	13.622073
19	14.624537
19	12.238538
19	15.822457
19	19.097520
19	13.365442
19	17.844728
19	18.066063
19	16.454275
19	28.659045
19	13.510340
19	12.643149
19	27.938641
19	14.134809
19	18.972972
19	19.007857
19	21.844946
19	13.663190
19	19.891831
19	13.739360
19	21.535067
19	18.722434
19	34.888706
19	13.332788
19	20.267016
19	23.379663
19	21.188219
19	17.422486
19	14.144117
19	31.535151
19	21.096289
19	15.849222
19	23.514511
19	15.285841
19	24.574256
19	25.248092
19	19.862278
19	25.345311
19	23.917537
19	16.893305
19	15.167317
19	12.067232
19	16.666319
19	14.302048
20	18.224479
20	13.533207
20	21.024990
20	16.454548
20	19.202807
20	30.627753
20	16.837941
20	14.066225
20	23.725213
20	19.119784
20	17.744483
20	16.690830
20	13.969806
20	17.631198
20	16.060655
20	12.099821
20	21.583288
20	16.047080
20	12.315249
20	27.536289
20	21.400394
20	13.527895
20	10.060565
20	22.588235
20	9.567261
20	14.826682
20	10.046608
20	18.906621
20	19.324566
20	16.393769
20	12.597572
20	17.491254
20	13.369796
20	10.888889
20	10.471151
20	14.038706
20	14.242452
20	19.002560
20	18.281579
20	25.939992
20	23.329320
20	18.411694
20	9.607734
20	13.280817
20	15.892635
20	6.943138
20	16.877122
20	19.162828
20	22.236275
20	14.979356
20	11.588410
20	13.320210
20	11.834168
20	29.840695
20	15.985195
20	22.509400
20	16.670717
20	23.529181
20	22.333768
20	23.440708
20	21.231899
20	18.688683
20	18.067069
20	20.578743
20	14.934479
20	23.894695
20	28.877920
20	26.862229
20	13.951379
20	18.336972
20	17.648667
20	15.009782
20	14.986794
20	14.164964
20	14.551148
20	17.554174
20	14.617154
20	17.179520
20	11.253911
20	9.996680
20	19.512106
20	14.513597
20	23.009175
20	21.646940
20	14.626019
20	20.286281
20	11.324331
20	21.142055
20	10.681717
20	12.956140
20	13.838432
20	14.030256
20	22.945502
20	17.876385
20	18.388060
20	21.778027
20	25.306226
20	17.088794
20	15.562297
20	26.379497
21	21.773494
21	23.831458
21	13.289441
21	22.651848
21	15.884413
21	18.283307
21	20.962709
21	14.331471
21	8.299309
21	20.905168
21	24.647544
21	17.482942
21	10.459620
21	25.891213
21	12.620867
21	20.559708
21	12.972253
21	12.922771
21	15.452390
21	18.919202
21	12.998781
21	14.529812
21	12.758837
21	19.491404
21	14.943089
21	21.000324
21	12.542511
21	11.965139
21	23.527184
21	19.612310
21	21.245887
21	17.848996
21	23.143401
21	15.994736
21	18.134194
21	15.316996
21	17.946309
21	13.592025
21	20.378114
21	22.097313
21	31.618623
21	15.874556
21	12.850675
21	13.574922
21	15.083782
21	20.089106
21	19.673256
21	31.040834
21	15.800931
21	12.189908
21	14.618888
21	19.685844
21	14.536331
21	17.720736
21	14.595012
21	18.373647
21	12.911879
21	22.162297
21	13.523916
21	22.526570
21	24.130532
21	16.519981
21	17.646568
21	11.048345
21	19.466659
21	21.820195
21	17.237862
21	36.708546
21	25.842654
21	19.319220
21	18.851109
21	29.880266
21	10.931990
21	9.184194
21	19.692452
21	19.695006
21	14.300286
21	10.610642
21	9.431579
21	11.323990
21	17.567943
21	16.069202
21	19.890895
21	8.731262
21	15.623838
21	14.824348
21	18.914176
21	17.321004
21	14.980703
21	40.121568
21	16.667995
21	17.699193
21	19.590967
21	14.294264
21	16.383138
21	15.813953
21	18.816139
21	10.893157
21	14.283364
21	16.850052
22	13.359853
22	10.742314
22	32.968685
22	28.283761
22	16.826002
22	11.476957
22	18.369737
22	15.299137
22	26.561944
22	14.936573
22	14.085952
22	12.356176
22	17.713355
22	21.665206
22	11.634699
22	16.478759
22	20.232076
22	24.376869
22	26.461192
22	13.216660
22	13.539769
22	25.683912
22	29.863047
22	27.981553
22	16.937253
22	16.929611
22	14.192343
22	22.575362
22	30.301665
22	20.747308
22	25.415882
22	12.499462
22	15.799295
22	18.735689
22	17.523126
22	22.794441
22	13.776812
22	15.340254
22	20.061955
22	28.379871
22	21.816845
22	20.999416
22	19.650444
22	19.346125
22	23.419928
22	18.604236
22	9.452790
22	19.785781
22	12.333710
22	14.175768
22	19.726199
22	15.235769
22	18.716537
22	19.830213
22	26.960027
22	11.483892
22	16.690169
22	16.047477
22	12.135095
22	12.026828
22	16.127880
22	16.863976
22	19.740241
22	16.424596
22	19.423454
22	20.650407
22	22.624325
22	26.312787
22	15.572880
22	11.572458
22	19.846279
22	8.623243
22	15.888068
22	19.807949
22	15.950104
22	11.562225
22	19.168094
22	14.444790
22	15.546980
22	18.591653
22	13.891051
22	12.401063
22	18.622301
22	20.011053
22	20.888812
22	20.231078
22	24.539924
22	17.180229
22	29.095937
22	20.326206
22	15.011108
22	19.003294
22	14.476206
22	28.849783
22	17.417466
22	20.967315
22	8.037493
22	25.962634
22	16.068562
22	31.422416
23	13.996183
23	16.485555
23	13.040024
23	24.215546
23	15.475436
23	18.050860
23	16.667021
23	11.029966
23	19.422934
23	21.626040
23	23.843801
23	21.738453
23	12.381205
23	16.102261
23	16.871685
23	29.075875
23	18.261187
23	11.229252
23	16.349383
23	18.070123
23	19.956667
23	17.396321
23	15.374111
23	20.242482
23	17.759226
23	28.383050
23	14.773820
23	23.233827
23	16.660455
23	19.986365
23	11.124950
23	15.063419
23	11.025303
23	13.909750
23	19.030161
23	19.051782
23	26.119346
23	18.417193
23	17.738774
23	16.508207
23	17.611589
23	21.943303
23	17.182800
23	13.059422
23	20.910747
23	17.578951
23	19.628780
23	24.635340
23	18.677512
23	17.096698
23	18.740912
23	15.585673
23	19.688905
23	14.145046
23	12.473256
23	19.381034
23	24.162285
23	25.039006
23	18.929035
23	21.894518
23	14.206496
23	19.163949
23	15.507132
23	15.142289
23	17.208199
23	13.704653
23	18.336924
23	14.741793
23	12.542307
23	25.608123
23	20.185577
23	17.879925
23	19.318392
23	12.995516
23	17.808008
23	18.775679
23	19.157358
23	18.243219
23	20.521608
23	13.316637
23	24.427317
23	27.054010
23	11.480129
23	25.692478
23	16.033888
23	26.505400
23	23.527252
23	16.423628
23	19.210815
23	16.937205
23	16.820065
23	18.664423
23	16.724848
23	16.548880
23	20.947631
23	16.269135
23	17.436009
23	11.666089
23	15.885347
23	17.885506
24	16.235019
24	15.261109
24	18.335075
24	18.468715
24	14.203361
24	18.193437
24	17.427555
24	14.811124
24	19.267145
24	10.210169
24	18.764348
24	27.045202
24	28.575497
24	20.541311
24	21.524784
24	10.977288
24	18.443337
24	26.559206
24	8.388852
24	9.989234
24	24.661724
24	17.419847
24	21.344585
24	21.758099
24	11.036244
24	13.209590
24	25.076155
24	11.978910
24	14.086254
24	16.289782
24	13.018262
24	14.399797
24	16.230129
24	21.619968
24	18.560959
24	21.699475
24	8.745452
24	27.115058
24	14.374533
24	18.572437
24	23.812595
24	13.688757
24	18.845442
24	28.062896
24	23.152548
24	11.845836
24	12.742026
24	13.829524
24	13.522809
24	20.187736
24	13.624765
24	18.301666
24	19.714246
24	19.720600
24	21.247621
24	15.838767
24	21.517792
24	18.125158
24	17.094268
24	14.586071
24	12.753121
24	15.416146
24	12.066577
24	14.257446
24	16.378423
24	15.214224
24	8.478119
24	23.983655
24	31.281041
24	12.868589
24	19.748786
24	19.054234
24	16.033640
24	10.246442
24	11.818349
24	12.836874
24	10.612473
24	11.826080
24	17.609344
24	22.415850
24	16.931240
24	21.710043
24	19.997865
24	29.832358
24	12.187441
24	16.792686
24	10.835532
24	14.710965
24	18.019802
24	36.581745
24	14.918985
24	19.159001
24	24.840706
24	19.255919
24	18.995121
24	15.001105
24	14.208505
24	22.833592
24	14.857209
24	13.778376
25	16.086074
25	26.310483
25	18.191356
25	19.759423
25	19.230355
25	19.654693
25	25.915361
25	28.048813
25	10.272324
25	14.473880
25	13.993901
25	15.140645
25	13.228346
25	9.496875
25	19.884802
25	10.446159
25	12.171319
25	17.939594
25	20.637120
25	18.423409
25	10.508970
25	14.085366
25	21.405865
25	14.948853
25	22.700229
25	26.956558
25	38.187632
25	14.432339
25	19.238232
25	17.671406
25	16.422636
25	36.468539
25	18.483844
25	13.877793
25	11.296037
25	16.431094
25	18.193048
25	36.271807
25	16.827042
25	22.831304
25	20.210691
25	16.851069
25	15.115712
25	11.815390
25	17.367450
25	9.297727
25	24.593107
25	15.454916
25	20.915807
25	29.508459
25	12.927375
25	17.990476
25	16.340587
25	14.158916
25	9.490547
25	18.809554
25	21.129789
25	22.720528
25	14.023932
25	16.564268
25	26.456600
25	44.160594
25	19.384615
25	14.821603
25	13.210356
25	25.868156
25	15.465796
25	13.203637
25	14.720602
25	17.234338
25	12.785272
25	20.920464
25	30.936049
25	21.128743
25	15.538908
25	12.510094
25	23.362060
25	17.159805
25	20.064558
25	17.972890
25	29.762848
25	20.339660
25	16.735707
25	26.760711
25	24.047520
25	18.268930
25	19.196394
25	17.915785
25	14.125305
25	20.577174
25	18.322394
25	15.563339
25	13.192958
25	13.940328
25	15.187315
25	18.934653
25	18.907840
25	15.869801
25	13.200269
25	19.694095
26	27.171003
26	14.044316
26	17.514567
26	14.512211
26	24.582263
26	22.078781
26	9.341648
26	10.498733
26	17.375930
26	15.313019
26	14.099872
26	11.513328
26	16.451623
26	16.833842
26	16.799169
26	19.599035
26	22.438643
26	22.543493
26	24.064061
26	16.177300
26	29.872366
26	11.840246
26	16.102961
26	26.544437
26	35.613100
26	16.051407
26	25.329495
26	16.206758
26	14.707291
26	15.320130
26	24.825879
26	10.742003
26	12.805722
26	29.389634
26	26.603287
26	15.942834
26	19.120810
26	21.402993
26	15.511246
26	10.513399
26	14.174058
26	15.709050
26	13.535331
26	15.572965
26	19.627255
26	16.027401
26	15.063046
26	32.471582
26	17.417046
26	14.628365
26	20.304966
26	17.935943
26	16.031011
26	12.148844
26	17.795605
26	17.128212
26	24.762831
26	17.404392
26	17.833810
26	19.649836
26	10.122955
26	19.283194
26	14.581307
26	17.990379
26	17.038844
26	20.147009
26	19.525729
26	17.328783
26	27.915345
26	21.962206
26	19.191862
26	16.768429
26	22.744745
26	29.588327
26	13.079328
26	21.788773
26	22.625537
26	13.483607
26	15.417505
26	14.432454
26	25.182304
26	17.573400
26	21.483572
26	22.926936
26	21.210675
26	12.561912
26	12.001001
26	20.607783
26	19.195683
26	19.402718
26	22.061300
26	23.098195
26	22.110165
26	11.992522
26	11.408740
26	14.267077
26	18.754306
26	17.752365
26	13.319871
26	18.553330
27	18.100104
27	12.031060
27	27.538224
27	16.824123
27	19.386384
27	19.416999
27	16.616563
27	19.552562
27	16.369862
27	26.809547
27	18.027291
27	15.755467
27	10.959524
27	12.381428
27	12.110614
27	17.631825
27	13.137356
27	16.836849
27	14.520870
27	11.976721
27	15.665176
27	13.901348
27	12.446195
27	9.206999
27	23.496736
27	18.091256
27	10.595608
27	11.156469
27	28.261997
27	17.075650
27	10.327458
27	16.561922
27	50.873100
27	13.987931
27	14.186374
27	21.210236
27	26.652707
27	20.179375
27	23.251722
27	16.080633
27	24.602594
27	13.995624
27	14.943179
27	16.349172
27	21.809644
27	19.732299
27	14.936590
27	27.044861
27	14.930112
27	15.256373
27	24.476428
27	16.939398
27	12.977954
27	17.625774
27	23.264095
27	19.049429
27	16.495742
27	12.835294
27	13.722978
27	17.963877
27	14.413493
27	14.211708
27	30.068266
27	15.696295
27	16.371320
27	8.316487
27	16.568920
27	19.128697
27	15.582538
27	17.128874
27	14.314086
27	13.848555
27	13.467453
27	14.627741
27	13.250036
27	15.808181
27	15.884634
27	21.153461
27	18.561730
27	11.423453
27	9.800243
27	10.678170
27	9.820813
27	23.366628
27	18.667643
27	17.380464
27	23.118501
27	8.573826
27	11.063830
27	18.125211
27	17.285160
27	17.320413
27	22.496235
27	13.109135
27	15.268924
27	13.025854
27	13.762967
27	22.134808
27	18.887113
27	24.282387
28	9.572522
28	10.604736
28	17.863275
28	20.596981
28	17.863823
28	19.840809
28	29.283108
28	14.174620
28	19.655197
28	14.505252
28	9.858613
28	12.154232
28	15.301566
28	20.442219
28	23.534483
28	13.710313
28	17.015495
28	11.824281
28	13.478197
28	16.829959
28	17.717494
28	18.474773
28	21.545067
28	15.391172
28	20.261985
28	17.531392
28	11.429652
28	22.737504
28	21.039892
28	13.331788
28	15.437930
28	19.197856
28	10.717041
28	14.262635
28	15.216564
28	22.543572
28	11.815015
28	18.816848
28	16.850646
28	23.294595
28	19.975924
28	16.190396
28	14.165295
28	35.752119
28	5.587097
28	16.941265
28	11.937847
28	20.180020
28	19.768977
28	16.012838
28	17.567410
28	19.514568
28	16.070793
28	12.665136
28	15.101613
28	18.390453
28	33.092369
28	14.739734
28	13.663834
28	18.606438
28	20.112147
28	14.044633
28	9.590458
28	14.624101
28	14.056122
28	14.749415
28	26.073658
28	21.328827
28	13.533323
28	15.916240
28	14.110000
28	11.159220
28	11.228375
28	14.210180
28	11.357329
28	21.565668
28	27.356745
28	19.486908
28	14.248986
28	13.639724
28	18.094096
28	24.666726
28	27.286409
28	10.586133
28	19.675676
28	25.968187
28	10.811984
28	14.126691
28	22.348712
28	16.262304
28	22.221206
28	18.563174
28	20.433382
28	17.751155
28	17.549596
28	13.591578
28	22.074109
28	16.207632
28	14.625518
28	22.733192
29	14.335505
29	12.041214
29	14.466645
29	11.340238
29	10.158857
29	20.876650
29	15.077647
29	13.022334
29	20.439541
29	8.533237
29	23.644333
29	13.602937
29	14.314107
29	17.115344
29	13.848471
29	10.777765
29	16.559780
29	23.847363
29	9.842921
29	12.347548
29	9.201179
29	17.037901
29	18.358945
29	10.810603
29	23.889668
29	22.656609
29	24.016923
29	17.232244
29	14.494379
29	17.556474
29	17.254097
29	13.784832
29	25.117874
29	14.871900
29	18.166617
29	10.603615
29	22.887805
29	14.253592
29	17.680120
29	21.013893
29	16.319554
29	17.894117
29	22.092229
29	23.736605
29	17.265366
29	14.673204
29	5.245575
29	35.492091
29	17.434936
29	25.265082
29	19.581658
29	13.169424
29	22.190538
29	20.952521
29	16.950673
29	24.080570
29	11.362958
29	21.552660
29	14.110744
29	15.728969
29	14.480458
29	35.113368
29	19.338012
29	20.641026
29	12.189703
29	30.356533
29	16.144705
29	10.090090
29	9.437146
29	16.684543
29	11.773819
29	18.776457
29	12.760608
29	24.300050
29	13.180011
29	23.955319
29	8.921625
29	25.246543
29	12.565826
29	22.131394
29	21.449991
29	17.563368
29	14.143378
29	25.175540
29	17.571744
29	26.355761
29	13.538229
29	17.251762
29	18.240718
29	25.997618
29	12.171508
29	20.701167
29	23.166072
29	14.125492
29	23.422246
29	21.729906
29	15.224132
29	16.054467
29	8.724140
29	22.658960
30	10.945467
30	15.221212
30	12.336379
30	14.107763
30	21.764655
30	25.600402
30	13.167538
30	12.791377
30	11.772727
30	14.497836
30	18.055403
30	19.459025
30	17.961655
30	16.297517
30	14.380276
30	13.276590
30	32.332268
30	12.038824
30	19.241302
30	12.284072
30	8.299982
30	21.000000
30	15.850571
30	21.466171
30	14.560760
30	21.613263
30	14.824173
30	15.492907
30	23.054291
30	27.314465
30	12.253440
30	14.560000
30	20.504726
30	22.528736
30	18.136970
30	31.024481
30	16.270388
30	13.529942
30	19.985441
30	19.128440
30	33.177152
30	15.053224
30	14.739966
30	20.791224
30	18.637634
30	18.052777
30	19.291400
30	14.227719
30	17.024010
30	15.970788
30	16.881731
30	18.308060
30	15.803597
30	18.067688
30	15.928813
30	19.217177
30	16.766213
30	22.512902
30	11.901548
30	18.665149
30	10.998038
30	15.549019
30	11.422869
30	16.416369
30	18.842931
30	16.474579
30	15.931318
30	18.575865
30	14.453880
30	17.000216
30	19.892259
30	23.477828
30	12.175645
30	11.167488
30	26.106880
30	11.290725
30	19.551941
30	12.603565
30	7.132728
30	21.902681
30	16.755333
30	12.163178
30	28.579463
30	19.774116
30	15.825391
30	11.075272
30	25.670340
30	14.345917
30	18.872898
30	22.105945
30	27.450549
30	10.651348
30	12.092943
30	16.013279
30	23.765690
30	8.336489
30	12.641703
30	14.546033
30	22.020767
30	19.827027
