1	11.365926
1	21.538462
1	11.756641
1	13.377778
1	23.203807
1	20.324074
1	27.156309
1	20.328283
1	21.606381
1	23.157138
1	24.691358
1	17.283951
1	24.111111
1	20.940171
1	11.411936
1	12.107280
1	16.057348
1	20.313977
1	31.111111
1	0.000000
1	11.358688
1	20.380228
1	30.488889
1	20.369164
1	14.205987
1	16.074074
1	22.921178
1	31.111111
1	23.124734
1	20.534570
1	12.089810
1	12.444444
1	20.345141
1	12.000000
1	11.535581
1	25.054081
1	11.570881
1	11.652525
1	20.645161
1	11.743349
1	21.455939
1	21.143474
1	20.177644
1	12.043011
1	0.000000
1	11.321365
1	19.444444
1	21.893004
1	26.333749
1	12.586938
1	14.562648
1	24.780362
1	21.359157
1	30.769231
1	20.870370
1	0.000000
1	11.725293
1	30.790378
1	20.444444
1	12.000000
1	28.877493
1	20.501792
1	20.229885
1	31.111111
1	31.111111
1	11.374336
1	20.614657
1	20.814551
1	11.524845
1	20.769231
1	22.618619
1	16.374269
1	20.873269
1	21.634738
1	11.409083
1	22.339506
1	20.353063
1	11.506849
1	21.494949
1	20.392619
1	24.165375
1	20.148508
1	20.312213
1	33.185185
1	62.222222
1	11.769006
1	30.761548
1	62.222222
1	11.470064
1	22.522055
1	22.958501
1	20.202020
1	0.000000
1	26.819923
1	15.555556
1	16.851852
1	32.355556
1	11.607744
1	22.185792
1	20.797565
2	11.876441
2	21.306192
2	21.502646
2	25.548197
2	15.379455
2	20.138313
2	6.046693
2	16.612522
2	30.617284
2	11.416504
2	21.848256
2	13.593256
2	14.084084
2	22.005420
2	9.106119
2	17.257285
2	20.723164
2	16.977653
2	12.173913
2	12.603627
2	28.056837
2	31.111111
2	25.321375
2	24.414815
2	18.403756
2	4.954683
2	20.683761
2	20.521030
2	14.664433
2	11.489002
2	13.844444
2	21.681682
2	17.111111
2	18.942411
2	23.676366
2	17.248785
2	10.938924
2	31.888889
2	11.675102
2	15.304659
2	28.342059
2	18.288799
2	15.727384
2	5.751186
2	20.283688
2	3.344710
2	20.937647
2	17.528679
2	15.722820
2	23.192840
2	12.249322
2	10.061625
2	20.188897
2	16.587846
2	20.165336
2	21.020794
2	14.888889
2	12.853417
2	16.284722
2	15.071798
2	11.617440
2	20.426487
2	22.204045
2	18.524560
2	15.917313
2	15.866667
2	21.258134
2	11.987044
2	17.440409
2	3.661789
2	20.609470
2	31.111111
2	17.788656
2	13.847615
2	22.735043
2	19.150396
2	31.621129
2	26.198830
2	11.781723
2	24.295194
2	20.319803
2	11.885873
2	22.201356
2	22.570806
2	23.511450
2	21.185372
2	20.492086
2	15.410907
2	19.065801
2	16.081719
2	27.608536
2	15.555556
2	15.645820
2	16.419753
2	20.909823
2	22.953442
2	20.811287
2	12.724014
2	19.609008
2	23.772864
3	23.788174
3	21.440292
3	23.194798
3	16.191341
3	16.857001
3	25.887800
3	26.950196
3	12.734766
3	15.451891
3	16.775848
3	16.080521
3	17.183152
3	18.299935
3	5.383191
3	18.610606
3	21.579047
3	21.453481
3	17.252671
3	14.041767
3	28.396719
3	16.079141
3	14.208754
3	16.028656
3	12.258243
3	22.914980
3	17.455079
3	17.199357
3	20.779654
3	15.330927
3	15.128540
3	11.077388
3	21.230087
3	17.935192
3	16.370228
3	13.933758
3	16.173146
3	11.844055
3	22.057428
3	21.442069
3	20.212908
3	12.609099
3	4.812278
3	25.372377
3	28.481129
3	6.152847
3	15.106977
3	16.918086
3	14.304944
3	14.832308
3	13.844171
3	15.004075
3	19.479084
3	18.169226
3	18.961669
3	7.968640
3	16.128947
3	6.470312
3	14.819795
3	11.715595
3	20.002389
3	18.124363
3	22.041431
3	22.279570
3	19.286162
3	18.239084
3	21.926278
3	19.099338
3	25.381646
3	14.011039
3	12.355301
3	21.056911
3	20.816516
3	15.044092
3	17.692390
3	24.276867
3	18.070154
3	12.568065
3	14.898396
3	12.351970
3	15.962877
3	20.640544
3	11.998776
3	18.002398
3	20.740741
3	17.433068
3	3.511532
3	13.360600
3	25.217817
3	14.958184
3	15.794053
3	21.423819
3	11.625945
3	35.747693
3	20.387707
3	20.336043
3	4.498386
3	17.931759
3	15.766024
3	15.217628
3	18.092429
4	19.607114
4	18.379436
4	16.773446
4	14.713015
4	10.892610
4	18.183878
4	9.175385
4	20.018047
4	16.954639
4	16.311795
4	13.167425
4	15.163652
4	21.527801
4	8.500220
4	21.278940
4	16.533778
4	16.723085
4	21.052156
4	21.748352
4	20.684767
4	26.021608
4	18.779172
4	18.084291
4	22.949982
4	15.955233
4	17.657005
4	10.170065
4	17.038381
4	20.172205
4	18.650334
4	17.233381
4	15.116499
4	18.019691
4	11.243029
4	17.952709
4	22.134232
4	16.464443
4	37.691398
4	21.388889
4	11.994028
4	13.923479
4	17.851390
4	23.542356
4	28.627451
4	12.575129
4	12.430776
4	18.400633
4	10.876384
4	15.740886
4	24.992272
4	28.694467
4	21.880939
4	18.421274
4	20.617040
4	8.428912
4	19.426187
4	17.351008
4	16.049085
4	25.671458
4	17.639356
4	20.604513
4	18.949266
4	24.556545
4	28.478325
4	24.872276
4	24.686239
4	28.823529
4	16.937781
4	14.818479
4	10.760673
4	24.444444
4	17.494673
4	20.628019
4	25.814964
4	12.132445
4	11.591506
4	17.802703
4	37.740401
4	17.839061
4	14.443487
4	25.177582
4	15.621989
4	13.135996
4	16.136907
4	16.445700
4	21.955622
4	21.531443
4	18.638743
4	14.201061
4	18.259195
4	17.330138
4	14.260268
4	18.004254
4	12.626685
4	21.557704
4	21.928243
4	33.293388
4	22.051348
4	12.776632
4	13.819036
5	12.717613
5	19.167917
5	19.218003
5	12.656357
5	23.059260
5	10.450198
5	9.740836
5	25.905137
5	13.752727
5	22.499514
5	11.768482
5	14.591691
5	26.302154
5	20.025258
5	15.497656
5	26.435877
5	46.530936
5	19.593151
5	19.898981
5	27.601875
5	20.784638
5	13.842105
5	16.458417
5	15.967282
5	15.912920
5	13.500661
5	20.426661
5	19.310345
5	12.774451
5	14.526489
5	11.346586
5	19.643938
5	13.349122
5	24.889177
5	23.729149
5	16.333205
5	27.343030
5	16.601885
5	15.761755
5	20.410474
5	15.054687
5	28.334328
5	16.956070
5	23.299369
5	20.213661
5	21.321343
5	12.062500
5	24.018763
5	22.523198
5	15.314442
5	18.710340
5	26.950221
5	13.567726
5	19.862448
5	27.559524
5	14.255295
5	22.706659
5	25.993275
5	27.684389
5	17.000931
5	23.197562
5	9.073790
5	26.200734
5	20.333025
5	19.781936
5	12.954943
5	15.588865
5	17.818325
5	22.270853
5	20.582944
5	19.430496
5	26.911353
5	15.973358
5	25.141500
5	16.006002
5	19.674736
5	14.542324
5	15.687739
5	10.624530
5	9.700200
5	18.216706
5	16.324220
5	14.086349
5	20.259089
5	24.310469
5	14.765625
5	15.922220
5	25.887814
5	14.348626
5	41.668857
5	29.325807
5	19.706122
5	13.249514
5	10.140340
5	13.627985
5	17.842085
5	11.931934
5	11.368508
5	22.426646
5	8.310106
6	15.953646
6	17.912058
6	15.805003
6	16.556969
6	18.645338
6	19.801471
6	11.846755
6	18.888227
6	16.792860
6	9.973229
6	20.903173
6	19.035762
6	16.589244
6	18.019340
6	18.176061
6	10.462633
6	12.198850
6	16.345760
6	14.591792
6	17.237108
6	21.230183
6	24.383046
6	20.855015
6	15.836724
6	20.655048
6	19.674952
6	28.738532
6	17.823632
6	13.361522
6	17.426828
6	13.879458
6	20.846024
6	17.707510
6	24.326286
6	18.392406
6	31.756680
6	17.358632
6	11.251027
6	7.130475
6	19.494462
6	16.716237
6	16.727766
6	13.565514
6	22.196866
6	14.388813
6	16.589505
6	22.383795
6	17.335606
6	15.547729
6	25.621627
6	14.136856
6	23.078911
6	16.923881
6	5.437853
6	20.433625
6	15.252674
6	17.811208
6	21.227066
6	18.776241
6	8.913913
6	14.893837
6	23.237975
6	14.296520
6	15.581851
6	26.385828
6	14.923530
6	18.454127
6	18.011145
6	12.574818
6	22.703840
6	17.004751
6	21.877035
6	15.859927
6	21.293984
6	13.994396
6	12.991190
6	27.141444
6	27.476206
6	10.938200
6	14.934291
6	18.419835
6	22.585478
6	18.433284
6	24.205253
6	16.948962
6	23.744239
6	24.650983
6	22.117093
6	22.863992
6	17.309652
6	10.627362
6	16.978769
6	24.342826
6	26.175814
6	18.510539
6	15.286649
6	23.536945
6	16.548251
6	22.559242
6	20.586914
7	12.615212
7	17.335706
7	16.468313
7	30.411653
7	13.694843
7	12.861143
7	19.653921
7	12.169666
7	43.682739
7	16.471577
7	24.792641
7	22.451632
7	18.190833
7	13.883821
7	16.150371
7	21.130638
7	16.295000
7	17.742186
7	15.627534
7	21.176581
7	15.180486
7	14.721001
7	30.734244
7	20.802618
7	20.705073
7	11.446841
7	18.701554
7	25.258490
7	12.565010
7	8.188425
7	21.979904
7	13.661787
7	25.577002
7	22.727667
7	17.882887
7	14.205271
7	18.305842
7	20.365714
7	15.595125
7	19.142379
7	18.824444
7	10.745090
7	14.092527
7	19.094192
7	18.383207
7	20.438284
7	22.047997
7	16.125503
7	13.444248
7	11.930524
7	15.602240
7	14.222324
7	11.989863
7	16.556541
7	18.720930
7	12.159681
7	11.310375
7	18.642411
7	17.360323
7	12.371740
7	10.401704
7	19.114539
7	16.975663
7	14.986465
7	17.452256
7	14.824749
7	23.258600
7	18.416165
7	29.169525
7	15.190491
7	13.256803
7	15.168687
7	29.241896
7	46.461448
7	25.566937
7	22.503700
7	11.685444
7	12.682747
7	15.438758
7	14.948230
7	17.791268
7	11.255306
7	14.926052
7	18.954869
7	16.750361
7	15.722722
7	13.967708
7	13.088858
7	23.899676
7	17.892227
7	15.301632
7	15.744083
7	12.088424
7	14.951358
7	18.729228
7	10.629339
7	12.027939
7	31.377164
7	13.757075
7	15.511706
8	17.333333
8	16.129893
8	13.643785
8	13.781764
8	10.554938
8	17.298253
8	19.059641
8	10.855682
8	7.818499
8	14.080411
8	30.098720
8	13.321498
8	18.006291
8	17.659098
8	16.378355
8	14.673031
8	14.916809
8	13.558153
8	14.698772
8	8.625027
8	16.294648
8	16.604424
8	17.470937
8	11.466693
8	9.793578
8	21.548077
8	15.460179
8	18.125965
8	20.816420
8	12.303277
8	24.666076
8	20.523652
8	16.493014
8	14.822108
8	35.966115
8	20.596237
8	20.275927
8	19.662344
8	25.740852
8	16.908168
8	19.478167
8	18.168085
8	25.516856
8	19.910873
8	14.778857
8	20.464961
8	13.330875
8	10.942644
8	12.124073
8	12.816131
8	13.135287
8	30.117711
8	15.822615
8	24.358118
8	17.147641
8	29.007513
8	15.287858
8	19.991578
8	25.915617
8	12.584678
8	19.557947
8	19.691482
8	20.162308
8	19.313410
8	20.217468
8	23.129948
8	18.229370
8	10.550560
8	23.617080
8	19.808167
8	18.269241
8	17.733061
8	20.510689
8	20.334245
8	13.939419
8	16.584126
8	19.990272
8	12.480127
8	13.407984
8	10.492748
8	12.943986
8	18.416317
8	17.544088
8	14.256704
8	15.020395
8	17.930437
8	23.483395
8	18.011817
8	17.053752
8	11.064919
8	17.335477
8	17.668827
8	22.610863
8	9.593074
8	21.232472
8	18.902023
8	19.238423
8	17.690541
8	25.349383
8	13.384808
9	17.822199
9	23.078544
9	25.899738
9	22.848865
9	19.725119
9	21.224560
9	13.649539
9	11.179852
9	17.338867
9	22.853654
9	14.991464
9	15.616541
9	15.494318
9	18.175187
9	24.514227
9	18.071349
9	24.152906
9	18.200395
9	19.916665
9	15.182426
9	8.392579
9	17.949067
9	14.525100
9	11.084157
9	10.922655
9	20.157068
9	14.941684
9	18.619615
9	33.466654
9	18.965490
9	12.579789
9	10.716533
9	18.992851
9	18.750805
9	28.424544
9	15.172260
9	23.934321
9	11.905676
9	18.331223
9	13.578136
9	24.558994
9	16.626025
9	17.640279
9	14.790251
9	14.518050
9	24.252705
9	20.915563
9	17.785145
9	20.175636
9	11.393766
9	18.958445
9	9.370166
9	23.302401
9	27.041372
9	13.832026
9	20.115138
9	18.340717
9	26.649916
9	18.426383
9	12.950176
9	13.375981
9	22.531080
9	15.476421
9	16.597698
9	17.212030
9	13.826862
9	20.280170
9	20.719766
9	15.311946
9	15.768330
9	14.788470
9	11.006719
9	19.360011
9	20.636295
9	19.052968
9	21.337719
9	21.415551
9	14.659294
9	22.664348
9	17.045854
9	19.230152
9	13.921403
9	19.969044
9	21.013273
9	19.563100
9	15.034818
9	16.655668
9	12.722435
9	27.169694
9	19.557853
9	8.655198
9	23.601654
9	25.416242
9	11.130237
9	14.740447
9	21.449834
9	16.527642
9	16.508045
9	22.289878
9	12.452101
10	13.409543
10	34.802700
10	12.208885
10	20.772382
10	13.753036
10	12.436252
10	20.392438
10	22.508920
10	20.350877
10	13.482064
10	22.994970
10	19.133728
10	20.770258
10	30.038573
10	17.847219
10	14.587554
10	17.961576
10	16.904385
10	17.530165
10	14.660867
10	16.533808
10	10.267331
10	20.082254
10	17.945384
10	18.857021
10	9.639618
10	17.383048
10	16.077242
10	15.028565
10	14.204281
10	21.782637
10	27.020507
10	20.161151
10	23.055069
10	21.876283
10	23.055875
10	18.011617
10	12.120578
10	9.035097
10	13.929653
10	13.274245
10	12.456390
10	16.864723
10	23.265751
10	11.344738
10	57.896787
10	31.399382
10	21.972278
10	26.620597
10	13.029368
10	22.735860
10	21.253581
10	14.343341
10	18.933572
10	20.967664
10	18.757975
10	26.057874
10	18.609750
10	15.427602
10	16.792529
10	20.501731
10	19.874387
10	20.527770
10	25.819543
10	20.476582
10	21.532877
10	12.488720
10	20.589005
10	23.683144
10	12.132701
10	24.228307
10	12.378664
10	24.663489
10	13.475936
10	13.741384
10	14.707688
10	11.021907
10	21.304675
10	15.571962
10	20.701092
10	16.287821
10	16.884081
10	21.009276
10	20.367135
10	21.148414
10	12.796510
10	12.424443
10	15.833455
10	11.416943
10	17.371037
10	15.711790
10	4.644047
10	19.951789
10	12.393699
10	19.828562
10	23.801142
10	15.720380
10	20.015896
10	15.289490
10	24.234230
11	19.563588
11	23.317297
11	16.366772
11	22.061425
11	25.016568
11	20.685726
11	16.331996
11	13.140301
11	13.449597
11	14.874833
11	18.389189
11	20.870752
11	16.432540
11	26.085929
11	14.774437
11	15.872791
11	16.398670
11	17.072614
11	20.429317
11	16.417703
11	18.783922
11	20.574628
11	23.581221
11	13.923161
11	20.693166
11	17.304853
11	16.458135
11	23.712878
11	11.381056
11	13.033228
11	16.818200
11	20.979029
11	15.815666
11	19.424354
11	20.268398
11	17.412338
11	24.376088
11	17.638546
11	17.128762
11	21.741084
11	14.382197
11	19.669301
11	15.380045
11	14.898084
11	13.893793
11	18.637271
11	19.890710
11	12.446987
11	15.446255
11	15.568573
11	19.448757
11	16.785818
11	25.518918
11	16.019509
11	20.226947
11	10.210937
11	25.167785
11	14.990716
11	21.294498
11	21.155661
11	12.905905
11	17.321429
11	21.685505
11	11.653133
11	18.626035
11	12.621932
11	17.809974
11	22.093799
11	16.033171
11	17.491956
11	18.439519
11	23.154454
11	13.385834
11	9.913207
11	21.156697
11	29.366563
11	9.862998
11	20.029169
11	24.944845
11	15.052178
11	12.135524
11	11.450079
11	16.278493
11	11.752556
11	17.974400
11	15.576195
11	17.078204
11	17.872340
11	16.368476
11	14.779890
11	20.088260
11	19.667859
11	17.504986
11	17.894275
11	17.888396
11	27.070027
11	22.246348
11	14.607509
11	19.352762
11	16.731419
12	20.170616
12	14.877059
12	20.896735
12	18.041494
12	11.870016
12	26.184864
12	13.770235
12	14.991654
12	22.861717
12	29.262386
12	17.251217
12	7.483132
12	12.722105
12	21.116068
12	9.618387
12	12.985905
12	17.629176
12	13.809202
12	28.164539
12	27.796320
12	14.789053
12	14.357922
12	16.140134
12	10.608696
12	9.968457
12	24.306121
12	13.410378
12	22.958681
12	18.499877
12	18.223411
12	25.097798
12	14.929794
12	22.304332
12	14.041701
12	15.918200
12	20.280987
12	20.220050
12	24.610135
12	19.276967
12	18.168341
12	10.363272
12	18.250706
12	14.845272
12	20.278467
12	13.941941
12	20.518772
12	18.322581
12	14.320831
12	24.421964
12	14.310815
12	18.026638
12	19.187021
12	14.433781
12	21.635255
12	29.888056
12	26.382329
12	22.145988
12	25.523821
12	23.141540
12	11.587506
12	14.340278
12	12.812623
12	15.160193
12	9.918787
12	17.796700
12	17.344059
12	18.606023
12	24.950326
12	17.600898
12	14.419720
12	14.182987
12	19.621245
12	42.531138
12	23.791177
12	10.712189
12	19.069699
12	17.874219
12	14.741253
12	24.619755
12	17.578947
12	20.441664
12	20.657970
12	14.858057
12	15.819412
12	12.236735
12	23.414314
12	12.371005
12	18.713418
12	14.819720
12	22.725690
12	22.682510
12	12.247083
12	15.561802
12	16.827914
12	40.764281
12	14.821915
12	22.771998
12	14.279379
12	16.804823
12	19.732038
13	19.705643
13	22.938937
13	19.885984
13	18.884328
13	18.265819
13	17.212189
13	16.569276
13	18.779485
13	14.866969
13	20.627110
13	12.531484
13	24.167083
13	29.228866
13	11.561110
13	19.478175
13	10.243683
13	11.816812
13	14.922561
13	20.898595
13	25.568375
13	24.087370
13	16.774827
13	36.884204
13	20.873892
13	29.545240
13	12.505138
13	11.085599
13	14.497388
13	13.522960
13	11.473483
13	14.912598
13	20.487805
13	22.830335
13	16.253473
13	14.069528
13	17.548577
13	12.029126
13	30.173415
13	14.330282
13	13.078764
13	21.849618
13	20.976535
13	22.858215
13	22.820449
13	12.948418
13	17.586615
13	17.828144
13	13.227710
13	18.524475
13	10.209165
13	20.771013
13	15.691398
13	22.950258
13	13.275023
13	17.920074
13	20.277857
13	13.683821
13	19.989087
13	9.364001
13	9.804059
13	15.117989
13	19.591001
13	17.283456
13	19.071626
13	20.041975
13	16.444695
13	25.293185
13	20.253988
13	17.508466
13	17.018333
13	20.829182
13	13.204353
13	17.734028
13	17.721519
13	26.503224
13	19.038494
13	11.186214
13	10.637380
13	24.817738
13	26.691913
13	43.693685
13	17.697244
13	14.482759
13	17.832460
13	34.519140
13	18.756731
13	24.164585
13	16.789728
13	15.254030
13	24.778454
13	23.309938
13	27.607917
13	17.289142
13	9.832641
13	17.391304
13	24.007407
13	17.554258
13	20.306974
13	15.226179
13	15.370129
14	12.494781
14	15.125412
14	22.001436
14	17.182930
14	13.032440
14	14.315048
14	17.635075
14	13.474290
14	11.440802
14	21.619414
14	20.636207
14	15.040784
14	13.242416
14	13.506355
14	7.160259
14	17.687543
14	16.844947
14	26.519094
14	22.459686
14	21.501115
14	23.405463
14	15.192923
14	20.214604
14	9.730202
14	15.132817
14	13.007716
14	26.472050
14	15.173102
14	21.209119
14	24.486087
14	26.395770
14	21.100324
14	25.807769
14	15.061206
14	11.977892
14	13.156234
14	29.201281
14	17.318767
14	17.953708
14	21.845257
14	17.139974
14	25.393458
14	9.699117
14	8.000858
14	15.910084
14	14.821070
14	16.206707
14	16.247096
14	14.332863
14	11.116548
14	10.485321
14	11.690348
14	17.314675
14	7.608845
14	23.613422
14	9.357001
14	23.192417
14	14.080038
14	26.163355
14	23.361916
14	13.208477
14	18.250977
14	14.158860
14	16.321264
14	34.036244
14	20.229531
14	14.427388
14	15.851429
14	25.119539
14	20.911834
14	25.769814
14	23.274498
14	18.254755
14	15.385051
14	19.260042
14	12.566860
14	22.943676
14	13.429665
14	9.635562
14	13.749499
14	12.948100
14	18.317757
14	18.190577
14	20.520744
14	12.774674
14	14.923776
14	14.425758
14	18.041778
14	18.524676
14	14.773989
14	18.120219
14	18.366316
14	16.528547
14	16.610426
14	16.696583
14	16.085819
14	18.727506
14	12.905018
14	17.642748
14	16.768575
15	20.407183
15	22.448635
15	16.838069
15	19.623751
15	13.879715
15	25.732287
15	17.838923
15	9.183057
15	28.881167
15	34.759407
15	15.048195
15	22.049648
15	18.898337
15	39.620704
15	24.647047
15	16.806428
15	13.727184
15	24.948359
15	23.627628
15	23.487440
15	23.525732
15	12.565739
15	15.183824
15	17.410301
15	13.612859
15	10.500637
15	12.490106
15	11.615522
15	14.967558
15	18.766306
15	24.713470
15	23.201507
15	16.138435
15	13.646028
15	11.728894
15	23.633141
15	22.082982
15	20.524240
15	14.095192
15	21.956411
15	12.407047
15	24.704576
15	14.775382
15	24.676708
15	30.943514
15	12.814414
15	22.526870
15	11.790402
15	26.996912
15	20.101112
15	25.642133
15	9.562890
15	16.405434
15	23.185629
15	14.462758
15	13.002531
15	19.956563
15	26.067743
15	16.983607
15	29.072764
15	17.341635
15	17.928124
15	17.727231
15	17.166389
15	14.763243
15	11.466144
15	11.375785
15	30.479207
15	26.066555
15	12.609170
15	22.021652
15	19.944646
15	16.775469
15	19.010461
15	16.703371
15	24.179301
15	22.013858
15	8.217660
15	32.947811
15	21.574359
15	16.459173
15	16.719974
15	22.216614
15	18.993582
15	19.096328
15	20.834186
15	21.099011
15	9.506437
15	15.747188
15	14.488429
15	23.122363
15	16.742483
15	14.444834
15	18.858936
15	25.668780
15	16.177637
15	24.589829
15	26.710007
15	14.542998
15	24.842173
16	11.374396
16	18.725552
16	12.225046
16	16.387569
16	13.962060
16	24.527117
16	16.049743
16	27.219870
16	24.071464
16	24.522946
16	20.873351
16	11.620507
16	11.816814
16	20.171131
16	13.907802
16	16.451093
16	28.357982
16	20.860349
16	38.631579
16	13.098541
16	17.131242
16	14.528938
16	18.056370
16	38.205607
16	16.958437
16	7.751649
16	17.911951
16	17.863542
16	20.349888
16	20.404708
16	21.512206
16	19.783154
16	22.688932
16	18.290602
16	17.747875
16	12.096989
16	26.036673
16	19.579048
16	12.752572
16	19.878740
16	15.882064
16	22.172912
16	15.738262
16	16.034649
16	16.451243
16	13.780730
16	19.280563
16	17.819870
16	14.515070
16	18.425423
16	21.879879
16	13.060752
16	18.231604
16	22.273278
16	23.952132
16	18.427855
16	19.128488
16	15.381730
16	22.983148
16	12.130463
16	18.915325
16	10.816668
16	13.843038
16	19.115587
16	19.567630
16	18.933517
16	19.388568
16	22.201982
16	16.065681
16	18.548526
16	15.094393
16	20.162231
16	16.628915
16	16.928356
16	30.278473
16	15.310034
16	17.123679
16	16.901421
16	14.911503
16	17.201990
16	17.779980
16	27.528968
16	17.218060
16	18.057070
16	19.222533
16	32.653402
16	19.248294
16	14.389284
16	17.671024
16	16.578572
16	21.332755
16	11.314431
16	16.947163
16	14.141758
16	25.600935
16	25.294637
16	22.358046
16	14.370258
16	17.442601
16	16.226591
17	9.787122
17	28.224263
17	31.047721
17	23.321324
17	29.914346
17	29.990250
17	27.662965
17	12.569055
17	38.906168
17	16.324733
17	14.740217
17	28.182857
17	10.838617
17	23.789997
17	38.640655
17	17.429646
17	20.272902
17	15.510939
17	12.981907
17	19.496861
17	14.337863
17	9.091036
17	14.581928
17	19.490928
17	18.790400
17	18.462770
17	14.471426
17	20.485200
17	18.538908
17	27.852694
17	26.758937
17	14.813964
17	17.393865
17	13.458762
17	22.612753
17	13.521990
17	18.352416
17	17.736871
17	23.441237
17	16.460808
17	26.266032
17	16.706424
17	13.910708
17	19.148437
17	13.649508
17	13.030340
17	20.369299
17	19.021151
17	19.022941
17	14.853653
17	20.719939
17	15.624986
17	12.457338
17	13.847900
17	13.665018
17	25.317751
17	20.825808
17	24.230048
17	14.910543
17	10.525834
17	19.873514
17	25.583199
17	21.794255
17	26.226548
17	16.882777
17	18.920572
17	17.037956
17	16.964967
17	10.822368
17	21.467104
17	16.787812
17	27.497436
17	17.828009
17	9.899683
17	31.051257
17	12.506147
17	28.820546
17	17.630584
17	17.466319
17	27.981528
17	22.517855
17	16.421649
17	21.866833
17	15.282874
17	11.708170
17	20.559040
17	16.784840
17	18.158069
17	33.608380
17	14.111633
17	13.200414
17	11.184820
17	21.987409
17	26.916387
17	18.052164
17	13.033954
17	22.168983
17	18.458068
17	13.733272
17	16.977024
18	20.233515
18	18.307189
18	26.080778
18	14.110734
18	21.956634
18	21.834715
18	22.752466
18	24.134894
18	22.959491
18	18.433722
18	20.143177
18	11.967086
18	15.281098
18	16.863671
18	19.211337
18	17.896856
18	13.631259
18	18.393512
18	19.161490
18	15.967752
18	20.070065
18	13.400703
18	16.935325
18	7.770278
18	21.783427
18	13.396831
18	17.783059
18	17.354091
18	18.363439
18	23.553058
18	21.573526
18	23.757929
18	17.003006
18	15.116714
18	21.957611
18	22.284644
18	13.317343
18	34.208461
18	12.597747
18	24.026296
18	26.628152
18	21.685595
18	25.242185
18	15.722348
18	15.849057
18	18.350321
18	26.028269
18	13.196104
18	19.577638
18	17.134213
18	18.289316
18	16.966419
18	25.344766
18	29.122207
18	12.744630
18	17.833170
18	19.521686
18	11.664662
18	11.958323
18	16.405221
18	16.767654
18	20.667510
18	23.730522
18	12.586493
18	26.683750
18	15.898130
18	22.085409
18	20.865621
18	21.532497
18	15.928732
18	5.711128
18	11.692634
18	9.989104
18	23.328316
18	11.259425
18	22.852323
18	16.703183
18	16.235150
18	8.885163
18	16.452395
18	22.545687
18	12.227610
18	17.655057
18	9.255580
18	18.903611
18	12.108451
18	24.043224
18	24.461862
18	13.829724
18	19.064696
18	10.621414
18	20.364597
18	16.554582
18	20.315016
18	15.608744
18	9.149618
18	17.797830
18	13.438740
18	21.483680
18	19.556307
19	16.668105
19	8.385203
19	11.115124
19	20.412790
19	12.846574
19	19.692418
19	18.309548
19	15.697649
19	18.782040
19	22.978485
19	16.487640
19	31.990577
19	22.202938
19	18.946094
19	19.650680
19	24.167089
19	15.245917
19	34.573913
19	13.824124
19	23.280535
19	15.726744
19	17.416763
19	18.718472
19	18.736770
19	17.321373
19	18.517306
19	15.413727
19	18.648936
19	17.757644
19	31.769473
19	25.778497
19	9.309087
19	22.582416
19	21.282471
19	24.162729
19	18.927026
19	20.106165
19	16.938165
19	12.943371
19	14.040887
19	14.036319
19	16.053092
19	22.831812
19	18.516313
19	19.674556
19	21.249798
19	26.480950
19	22.566840
19	9.793259
19	15.162508
19	22.672528
19	21.189234
19	15.095699
19	13.824421
19	21.303598
19	11.697177
19	15.802530
19	21.753793
19	14.841131
19	15.370499
19	17.901027
19	17.251163
19	15.963389
19	14.489345
19	19.623797
19	23.576693
19	20.183704
19	21.678549
19	18.887117
19	13.721866
19	22.015248
19	14.717925
19	9.455389
19	19.130805
19	14.470909
19	22.918023
19	13.625833
19	12.820522
19	21.547546
19	32.327284
19	21.468064
19	18.233457
19	13.373360
19	14.683176
19	21.402353
19	16.263502
19	38.648348
19	20.887610
19	22.470005
19	20.006693
19	14.608287
19	14.841693
19	24.253466
19	22.201128
19	18.769337
19	17.224629
19	16.355268
19	18.171551
19	20.274264
19	26.970414
20	22.728730
20	13.233316
20	11.388066
20	26.737790
20	16.116058
20	19.371769
20	11.987149
20	18.345315
20	13.796557
20	13.927495
20	16.998054
20	10.802729
20	23.416118
20	14.308011
20	16.263346
20	24.613312
20	22.608539
20	12.564680
20	14.465283
20	17.691373
20	17.599483
20	10.209003
20	14.987467
20	18.047682
20	15.396091
20	13.648254
20	18.783012
20	10.007822
20	16.380811
20	17.351969
20	18.588005
20	21.059298
20	13.710652
20	20.637498
20	19.902382
20	18.787283
20	20.042049
20	18.463196
20	20.840584
20	18.759809
20	13.391608
20	22.691973
20	21.296264
20	32.380864
20	15.155299
20	37.788081
20	22.109909
20	24.174655
20	20.061996
20	12.756459
20	13.721348
20	19.875808
20	18.377829
20	40.335664
20	24.313743
20	19.928919
20	18.509637
20	14.595439
20	25.402835
20	15.707115
20	16.557998
20	17.366987
20	15.751234
20	14.530341
20	15.420541
20	16.910276
20	15.537779
20	12.283208
20	20.898142
20	25.922990
20	17.487433
20	20.018259
20	22.926639
20	19.108732
20	13.142870
20	28.510895
20	17.572511
20	16.755225
20	17.864643
20	11.099409
20	19.864560
20	15.465544
20	9.586407
20	22.749353
20	18.248099
20	13.149827
20	22.970874
20	17.758402
20	18.275088
20	19.407915
20	16.153210
20	9.015546
20	21.088158
20	19.514673
20	9.222589
20	29.453541
20	15.203222
20	12.879406
20	14.275408
20	16.111962
21	22.545911
21	13.580113
21	13.217287
21	16.577192
21	29.245183
21	22.437817
21	13.665534
21	15.376373
21	25.018536
21	18.124596
21	15.205392
21	18.011696
21	27.896418
21	18.207821
21	25.432831
21	13.602490
21	13.982108
21	17.664891
21	26.153695
21	13.011628
21	24.737864
21	16.254535
21	13.207292
21	17.999719
21	20.817180
21	19.166188
21	24.814679
21	14.396002
21	17.673619
21	16.185427
21	22.354489
21	21.762350
21	16.398986
21	14.100642
21	16.709110
21	22.610425
21	24.999813
21	26.076445
21	21.604477
21	21.275388
21	20.884511
21	24.469901
21	21.782069
21	25.686171
21	21.554901
21	12.701212
21	16.807822
21	17.169224
21	16.761649
21	28.973008
21	13.187663
21	9.809583
21	14.485697
21	16.252755
21	21.544070
21	12.966375
21	24.806110
21	7.063105
21	12.700075
21	15.906773
21	15.161051
21	10.654646
21	20.830595
21	17.080132
21	27.469753
21	12.032760
21	10.490830
21	16.214017
21	18.905834
21	24.797275
21	16.875310
21	19.635961
21	23.065912
21	6.928592
21	12.391412
21	35.736499
21	20.706091
21	14.388032
21	13.887050
21	16.890633
21	9.719289
21	21.360347
21	17.074196
21	18.811433
21	23.489692
21	17.104773
21	19.406752
21	22.532829
21	13.708681
21	24.348616
21	24.335828
21	19.610530
21	14.348754
21	17.376243
21	11.198781
21	18.967416
21	19.494285
21	25.278701
21	23.469150
21	32.831977
22	10.336431
22	14.296245
22	30.379493
22	17.849794
22	24.819769
22	15.241207
22	18.750949
22	21.572462
22	19.796065
22	27.384484
22	18.511466
22	14.434072
22	14.696578
22	14.373496
22	24.483277
22	27.528309
22	10.879659
22	12.065991
22	28.870996
22	17.571380
22	24.604459
22	14.315304
22	20.069682
22	26.450535
22	12.372456
22	15.666396
22	18.552231
22	18.712275
22	23.303053
22	16.254420
22	15.774536
22	19.975688
22	17.009057
22	25.448356
22	24.925109
22	41.404561
22	16.439573
22	24.729846
22	25.144279
22	11.427313
22	15.473711
22	13.938694
22	22.795835
22	20.238444
22	14.090857
22	13.900513
22	12.029612
22	15.466439
22	21.383347
22	18.733231
22	20.331886
22	16.619092
22	11.134723
22	24.250606
22	16.705342
22	26.139126
22	28.458643
22	26.960704
22	18.938859
22	11.678042
22	25.034408
22	13.048562
22	11.333508
22	19.834248
22	18.387159
22	28.228276
22	12.998400
22	13.482915
22	15.143996
22	15.522619
22	20.838802
22	17.188175
22	18.564526
22	14.443847
22	29.361241
22	25.503595
22	20.591665
22	14.523121
22	17.082671
22	19.427082
22	14.838957
22	18.304274
22	22.198367
22	17.135651
22	25.508255
22	25.957558
22	16.719029
22	22.575808
22	20.689191
22	9.607843
22	16.308623
22	34.662166
22	22.849276
22	24.340142
22	19.340800
22	20.192190
22	23.079293
22	15.689655
22	22.080099
22	19.331329
23	23.075250
23	15.310900
23	18.474413
23	15.538763
23	11.558698
23	24.828831
23	11.282598
23	8.385826
23	17.412834
23	22.302975
23	14.901780
23	19.708943
23	21.160380
23	9.457020
23	16.608111
23	21.451935
23	24.983811
23	14.386191
23	18.885106
23	20.046408
23	28.070493
23	21.625116
23	12.367041
23	21.164820
23	11.393410
23	20.656226
23	17.323163
23	15.331815
23	17.555327
23	19.222391
23	17.263158
23	18.564780
23	27.316528
23	15.955441
23	25.068328
23	18.393092
23	21.436310
23	14.892547
23	16.457236
23	27.668461
23	17.078552
23	11.907449
23	18.854208
23	32.851504
23	13.723067
23	20.210845
23	24.312834
23	12.937259
23	22.494841
23	22.199752
23	12.011448
23	17.517596
23	15.394082
23	24.939968
23	12.869672
23	15.546944
23	11.095734
23	21.123137
23	16.516053
23	17.937284
23	19.252025
23	26.400176
23	14.146960
23	17.853450
23	18.585079
23	14.448320
23	15.904359
23	22.201303
23	26.460157
23	39.124231
23	10.213568
23	33.651445
23	20.041944
23	21.991973
23	14.521333
23	20.093566
23	17.362339
23	21.009328
23	19.849131
23	16.498345
23	14.829567
23	18.650256
23	15.037840
23	22.946971
23	17.957951
23	19.620271
23	24.975000
23	21.728880
23	33.313442
23	15.505939
23	10.753766
23	22.712625
23	15.403840
23	19.060686
23	15.954138
23	22.180278
23	17.456477
23	12.904990
23	14.752746
23	12.236132
24	21.026191
24	17.628405
24	19.616642
24	12.380234
24	16.077786
24	12.255063
24	28.427369
24	17.445753
24	22.636054
24	11.730054
24	16.606948
24	12.854480
24	22.670352
24	31.751829
24	32.763049
24	18.875153
24	18.041713
24	25.536817
24	24.798554
24	27.863967
24	19.770244
24	27.202124
24	29.229628
24	21.640987
24	16.019566
24	19.292142
24	12.016733
24	18.135165
24	18.369891
24	21.160044
24	13.444365
24	16.462202
24	20.200753
24	23.359851
24	18.472735
24	18.543917
24	16.393213
24	14.162264
24	19.131117
24	21.874149
24	18.630446
24	18.585489
24	11.857307
24	22.979813
24	18.068342
24	24.281607
24	19.132720
24	24.684092
24	19.703495
24	45.119395
24	12.807293
24	14.405462
24	23.939919
24	15.648038
24	23.240887
24	23.241808
24	18.569990
24	15.211821
24	23.876740
24	15.983785
24	29.680253
24	10.231877
24	15.689868
24	19.550268
24	19.848691
24	15.034452
24	22.340840
24	16.646116
24	14.814407
24	17.477267
24	12.266130
24	21.237497
24	23.626159
24	28.800772
24	25.713868
24	20.848553
24	23.159968
24	10.449491
24	19.340054
24	8.981307
24	21.814046
24	18.513272
24	23.430414
24	20.239835
24	22.428473
24	37.900212
24	12.384240
24	28.263847
24	32.940578
24	18.625077
24	11.516850
24	19.317394
24	11.571678
24	20.043445
24	16.419499
24	15.685004
24	27.620660
24	23.779985
24	12.958899
24	18.005115
25	20.495902
25	18.450758
25	13.841997
25	23.064142
25	29.389313
25	16.838504
25	19.748608
25	25.060682
25	32.714445
25	21.374991
25	19.522397
25	15.829668
25	20.105701
25	13.026728
25	13.847736
25	9.950382
25	21.207569
25	15.220141
25	22.737124
25	17.331352
25	20.762992
25	19.237811
25	13.422317
25	18.158820
25	20.084607
25	11.631677
25	16.770276
25	11.284354
25	11.722472
25	16.767339
25	19.971029
25	11.175916
25	16.347122
25	12.788689
25	15.233007
25	13.468306
25	14.787316
25	20.788571
25	10.796103
25	13.087394
25	15.349053
25	14.945561
25	17.724845
25	17.529346
25	15.768597
25	13.050932
25	18.813068
25	13.190826
25	21.677965
25	14.231158
25	16.123377
25	22.270529
25	18.746406
25	11.880148
25	16.104482
25	15.264169
25	24.249087
25	27.952792
25	19.399190
25	10.375056
25	14.007074
25	20.557053
25	19.545939
25	15.288803
25	17.661643
25	17.628826
25	17.456165
25	17.316061
25	15.614251
25	14.806490
25	10.448299
25	15.493956
25	16.627278
25	15.246207
25	20.246254
25	19.380202
25	14.477642
25	24.916482
25	26.514822
25	14.159792
25	11.395465
25	13.228420
25	16.084450
25	11.793319
25	20.973387
25	22.062581
25	20.934213
25	32.083228
25	17.748751
25	16.033104
25	16.710358
25	28.324061
25	18.074715
25	12.921265
25	19.733284
25	14.810464
25	14.439105
25	16.193010
25	16.597996
25	8.681867
26	21.593813
26	23.975040
26	16.197519
26	16.381990
26	15.810535
26	18.203647
26	18.661600
26	14.719842
26	25.395967
26	23.034377
26	20.769850
26	16.602606
26	12.624185
26	13.850069
26	17.482540
26	19.780642
26	15.880361
26	16.928951
26	18.613835
26	23.863287
26	20.506312
26	17.567627
26	22.086781
26	21.147056
26	18.582352
26	23.493765
26	19.662413
26	23.836224
26	24.661247
26	14.811801
26	20.641228
26	20.639752
26	20.208285
26	8.952591
26	12.623095
26	15.267321
26	15.653716
26	17.155531
26	15.990140
26	17.349343
26	20.783654
26	17.912420
26	25.069235
26	14.561069
26	12.353481
26	10.819708
26	16.718906
26	23.523363
26	17.702710
26	17.555826
26	16.316527
26	18.193513
26	12.063518
26	13.212084
26	28.698061
26	18.157635
26	15.271644
26	20.292572
26	9.322882
26	30.195101
26	24.930222
26	17.089609
26	20.562197
26	18.770676
26	10.947705
26	14.199698
26	14.750706
26	21.314536
26	18.005612
26	16.580226
26	12.726966
26	26.339822
26	26.436190
26	29.472166
26	12.630428
26	24.358247
26	13.416273
26	16.891077
26	17.516463
26	20.257394
26	24.238159
26	21.636457
26	17.134968
26	18.789873
26	14.354435
26	28.125729
26	16.937135
26	22.152498
26	19.852123
26	24.147721
26	21.591673
26	17.606636
26	21.146414
26	13.996783
26	23.758255
26	19.659790
26	17.881786
26	16.341389
26	28.500497
26	24.542488
27	22.760736
27	17.439528
27	14.238417
27	13.659028
27	20.818194
27	18.325723
27	23.584565
27	27.914471
27	18.939477
27	17.899954
27	16.220410
27	16.074185
27	8.145827
27	17.322065
27	9.749109
27	20.936698
27	16.533550
27	11.072275
27	16.486314
27	24.931694
27	15.100927
27	12.505586
27	14.268365
27	17.852915
27	18.419340
27	12.725341
27	12.969576
27	20.158504
27	29.042385
27	18.569420
27	20.819475
27	12.941941
27	26.733415
27	18.679623
27	17.545122
27	19.349678
27	14.319289
27	20.436551
27	12.836226
27	8.941503
27	22.206946
27	13.019933
27	18.863185
27	12.347562
27	16.622812
27	22.445360
27	18.364170
27	13.495262
27	13.465412
27	12.983102
27	15.117948
27	18.293645
27	19.374600
27	14.161512
27	10.016993
27	23.302561
27	15.317613
27	16.636551
27	25.341217
27	24.714104
27	19.782028
27	21.045799
27	16.924967
27	22.726217
27	10.863968
27	21.437920
27	16.177432
27	11.571697
27	10.022989
27	19.826963
27	12.423285
27	13.388403
27	17.556308
27	21.962910
27	14.301671
27	16.570107
27	23.679729
27	12.236936
27	27.176592
27	13.709228
27	26.981944
27	12.098382
27	11.781218
27	15.042430
27	14.065828
27	12.366925
27	22.134599
27	18.130125
27	15.601465
27	17.376248
27	17.758671
27	18.165620
27	10.338028
27	16.953299
27	18.541920
27	14.987090
27	10.483868
27	15.129764
27	16.706581
27	20.118920
28	14.093795
28	11.492573
28	26.165983
28	18.058053
28	21.152684
28	10.563199
28	19.082266
28	14.339365
28	14.755624
28	18.943376
28	23.604201
28	12.642993
28	14.256929
28	12.710887
28	15.900983
28	26.300335
28	27.076252
28	21.928494
28	19.635830
28	14.094839
28	18.735530
28	15.793012
28	16.356864
28	17.160565
28	21.475771
28	13.920719
28	11.060897
28	27.378495
28	16.679015
28	28.940380
28	19.047215
28	14.939700
28	18.082917
28	17.022051
28	15.361391
28	17.322774
28	18.844502
28	19.176250
28	20.602723
28	22.963853
28	18.182190
28	15.706368
28	22.653281
28	18.268332
28	23.601143
28	20.991502
28	17.618104
28	19.823205
28	18.194882
28	16.029709
28	25.086003
28	13.685409
28	23.994930
28	14.692858
28	20.080389
28	26.728943
28	22.027581
28	20.774147
28	32.281369
28	24.619350
28	20.450378
28	16.018318
28	10.662189
28	19.042841
28	13.018131
28	21.612491
28	10.352205
28	12.987812
28	24.648038
28	12.614379
28	12.285312
28	37.189944
28	15.067732
28	23.919542
28	20.274217
28	16.832479
28	17.292473
28	19.527346
28	20.192786
28	15.144231
28	20.599269
28	25.114000
28	22.198888
28	22.311069
28	20.923493
28	24.989858
28	38.384027
28	18.404848
28	19.170281
28	15.663891
28	19.395418
28	18.403212
28	22.480734
28	11.555910
28	28.774537
28	11.990735
28	26.106715
28	9.665782
28	19.601673
28	11.171414
29	19.837134
29	14.124820
29	22.396517
29	21.718823
29	13.027141
29	13.163964
29	14.635874
29	10.178946
29	15.557139
29	24.463838
29	10.854139
29	14.634834
29	10.734613
29	16.688893
29	14.534243
29	15.716540
29	16.167568
29	9.046188
29	11.410435
29	20.097506
29	11.493773
29	18.779543
29	19.090167
29	24.017971
29	24.354848
29	14.815518
29	10.672364
29	19.489472
29	15.331826
29	18.371432
29	22.383414
29	11.773915
29	19.104312
29	16.777240
29	15.532952
29	17.014299
29	14.781214
29	25.921577
29	15.189848
29	21.683807
29	15.831224
29	20.282465
29	16.746331
29	17.461638
29	20.697799
29	28.982648
29	19.410300
29	20.028805
29	29.424144
29	21.098417
29	15.165351
29	17.649548
29	15.628892
29	19.256147
29	18.359332
29	24.217186
29	19.449517
29	28.581138
29	17.400259
29	38.117321
29	18.939635
29	19.956894
29	12.005016
29	21.759352
29	17.902093
29	13.165792
29	15.799580
29	22.388729
29	11.452689
29	19.019100
29	22.487189
29	10.877519
29	23.741634
29	24.668342
29	21.311004
29	15.343475
29	14.289467
29	27.624542
29	11.906588
29	20.937512
29	19.587184
29	15.313810
29	24.363404
29	16.338769
29	12.329276
29	20.243651
29	18.361251
29	19.715417
29	15.907915
29	27.617836
29	15.332860
29	29.640575
29	22.434580
29	14.053087
29	11.838921
29	14.888928
29	12.103377
29	9.932376
29	11.543592
29	20.299084
30	18.975873
30	8.460262
30	11.259910
30	17.420785
30	16.574929
30	14.289024
30	12.135540
30	20.233742
30	17.446464
30	20.463621
30	13.877797
30	17.462989
30	19.148251
30	21.333403
30	16.983240
30	10.973208
30	20.543263
30	17.498408
30	11.949916
30	11.350780
30	14.476528
30	15.411409
30	23.488780
30	17.498242
30	13.183133
30	19.581045
30	29.198200
30	22.845507
30	15.974441
30	15.983767
30	11.769844
30	13.481504
30	41.812994
30	14.387519
30	14.974632
30	19.321796
30	19.182293
30	19.297078
30	23.709397
30	20.110219
30	15.817074
30	18.701017
30	10.377685
30	15.236911
30	18.494159
30	13.978939
30	14.183359
30	16.828255
30	20.674623
30	16.743804
30	13.153535
30	13.473519
30	20.091069
30	18.415039
30	14.689682
30	20.759951
30	17.514397
30	13.462410
30	11.526533
30	13.304622
30	19.048708
30	13.287256
30	16.332939
30	15.811563
30	14.911139
30	24.656022
30	13.780208
30	15.691554
30	21.267056
30	11.223196
30	13.574021
30	14.651531
30	16.187450
30	27.515786
30	18.555885
30	24.636261
30	19.308919
30	17.764038
30	13.941606
30	20.631793
30	10.467913
30	12.742729
30	23.666765
30	19.710480
30	19.099067
30	22.531494
30	16.609971
30	19.846895
30	13.174744
30	15.029258
30	18.663510
30	18.102730
30	17.444016
30	18.915635
30	25.394555
30	20.489950
30	10.907107
30	27.792129
30	28.362720
30	24.571811
