1	20.786026
1	20.420668
1	20.740741
1	12.698413
1	20.635990
1	2.793553
1	21.709402
1	20.309540
1	31.111111
1	22.301262
1	33.703704
1	20.258398
1	20.157068
1	30.006575
1	21.923937
1	20.588235
1	16.851852
1	13.443073
1	20.247816
1	17.500000
1	11.742919
1	11.291834
1	20.282612
1	28.518519
1	23.686869
1	11.885144
1	12.544803
1	20.295660
1	11.443167
1	20.204631
1	26.403509
1	23.022222
1	11.342593
1	12.043011
1	20.315601
1	11.927975
1	11.480638
1	20.185947
1	20.780322
1	14.141414
1	20.154015
1	22.222222
1	15.975976
1	21.079365
1	21.050725
1	21.717949
1	11.491039
1	20.534877
1	26.250000
1	11.596973
1	15.828460
1	22.451777
1	20.282828
1	11.636980
1	0.000000
1	62.222222
1	11.326165
1	20.365497
1	20.406213
1	20.341880
1	20.649452
1	12.674897
1	20.138737
1	12.353892
1	15.555556
1	20.703437
1	30.174029
1	21.642512
1	11.443167
1	11.468745
1	20.374728
1	20.538533
1	20.265036
1	11.369631
1	15.947712
1	20.211988
1	11.979566
1	22.592593
1	21.977574
1	21.538462
1	31.888889
1	11.811676
1	16.851852
1	28.545246
1	16.374269
1	21.406728
1	14.777778
1	23.270099
1	18.666667
1	11.474147
1	35.555556
1	17.777778
1	15.009747
1	11.459259
1	20.817844
1	31.746032
1	22.336182
1	20.228624
1	23.632479
1	20.269360
2	15.323383
2	8.439577
2	23.275095
2	11.353826
2	13.864734
2	35.057778
2	12.295409
2	20.957485
2	12.539683
2	11.967655
2	11.432565
2	17.288705
2	3.111572
2	19.994671
2	62.222222
2	19.973482
2	16.068283
2	13.426539
2	21.116706
2	12.789688
2	11.898293
2	30.241546
2	7.556617
2	52.030651
2	12.483308
2	12.835779
2	21.507193
2	24.750617
2	13.162246
2	23.228812
2	24.947589
2	20.589664
2	11.549939
2	9.524088
2	11.551440
2	24.761905
2	13.482505
2	24.796480
2	17.940564
2	16.474802
2	32.941176
2	15.080577
2	20.533986
2	18.976865
2	21.108084
2	31.604938
2	17.819510
2	20.384854
2	12.288401
2	17.262302
2	14.804901
2	20.984955
2	14.996476
2	13.827160
2	14.606506
2	11.326554
2	20.452311
2	14.093390
2	24.578313
2	38.888889
2	17.630223
2	21.677149
2	29.080360
2	11.799106
2	30.592593
2	22.488298
2	21.216173
2	20.412979
2	20.646785
2	10.453880
2	13.845922
2	27.683300
2	24.211994
2	15.631902
2	24.508218
2	23.333333
2	13.732970
2	12.923077
2	16.270382
2	9.739130
2	14.466667
2	13.155556
2	16.714366
2	16.197022
2	31.324201
2	21.944444
2	16.759259
2	18.036176
2	21.782373
2	14.406332
2	15.555556
2	25.394112
2	13.299406
2	15.476593
2	41.429053
2	20.928847
2	18.442153
2	30.505837
2	11.740904
2	19.527187
3	13.966288
3	15.693780
3	9.659336
3	24.034335
3	31.175390
3	20.788202
3	28.294467
3	22.101132
3	22.806384
3	18.615061
3	15.371561
3	2.163400
3	21.043771
3	18.486022
3	22.513661
3	17.347269
3	17.024973
3	24.214945
3	14.727441
3	14.241843
3	15.266763
3	15.593776
3	22.430194
3	5.328238
3	21.280000
3	22.779156
3	35.882301
3	12.151141
3	16.694878
3	12.700459
3	15.339145
3	15.119281
3	11.974864
3	8.759201
3	12.194110
3	15.124378
3	12.232742
3	21.161079
3	20.406213
3	25.760626
3	13.324720
3	21.005603
3	15.538666
3	23.415604
3	25.580852
3	18.710179
3	18.036502
3	18.413169
3	17.896996
3	13.725490
3	21.149781
3	14.528302
3	11.772865
3	23.813766
3	21.251191
3	17.104280
3	21.523887
3	17.551745
3	20.564972
3	18.976928
3	17.764491
3	15.288344
3	31.593561
3	22.312996
3	14.603175
3	16.883582
3	8.408517
3	8.114986
3	15.048895
3	23.451112
3	11.476543
3	14.176686
3	21.759584
3	17.148959
3	12.209533
3	8.721675
3	20.518004
3	18.898635
3	23.083631
3	20.396412
3	13.614107
3	20.846360
3	16.772714
3	18.293076
3	14.450309
3	21.902993
3	23.258448
3	11.324850
3	21.385902
3	17.426465
3	16.314145
3	16.979167
3	32.492293
3	11.875451
3	16.613264
3	23.778210
3	22.194531
3	17.954064
3	29.681406
3	14.500715
4	22.675830
4	15.690586
4	27.575439
4	22.702140
4	28.006984
4	5.345788
4	19.912402
4	20.071685
4	13.588560
4	6.315789
4	25.484930
4	16.008871
4	12.866290
4	20.500538
4	18.011696
4	21.035354
4	18.573537
4	21.392593
4	16.848535
4	27.409060
4	25.978495
4	19.057739
4	33.506222
4	18.479028
4	24.216021
4	15.393394
4	18.575591
4	15.014971
4	13.798664
4	16.091954
4	9.394222
4	25.127358
4	12.944576
4	7.009274
4	14.750730
4	21.446494
4	20.339912
4	21.062171
4	18.844324
4	15.091378
4	14.689170
4	16.297400
4	19.134909
4	15.441638
4	13.930348
4	17.696123
4	16.947687
4	19.031854
4	14.127249
4	15.685650
4	23.375558
4	16.961846
4	18.747249
4	22.025565
4	12.798023
4	23.086093
4	15.005889
4	12.254042
4	15.061087
4	19.840441
4	10.489793
4	6.973528
4	16.844690
4	22.454374
4	14.970826
4	9.499007
4	13.945179
4	22.038070
4	20.865548
4	17.055962
4	16.478775
4	14.791667
4	12.138590
4	13.440478
4	15.662639
4	12.943147
4	17.455808
4	18.996374
4	11.578767
4	16.748528
4	13.518519
4	28.172696
4	26.158050
4	15.901715
4	8.931928
4	22.490507
4	15.143642
4	15.483087
4	23.316339
4	15.385212
4	18.735849
4	23.497209
4	16.089721
4	16.421053
4	23.009546
4	25.370638
4	20.736677
4	17.335423
4	13.675619
4	13.393822
5	4.338336
5	21.031580
5	18.145336
5	10.061902
5	29.755844
5	22.616309
5	14.212620
5	14.735149
5	15.879331
5	18.759697
5	10.837739
5	23.476753
5	12.964670
5	21.766313
5	20.117530
5	16.402878
5	11.943283
5	9.338226
5	17.973452
5	21.658483
5	9.423578
5	10.590544
5	19.842873
5	15.047696
5	18.987495
5	16.494203
5	17.970724
5	18.500106
5	16.888112
5	13.636210
5	25.736304
5	14.614913
5	20.689448
5	19.382232
5	14.901044
5	14.682055
5	26.773271
5	13.564992
5	11.032787
5	21.978645
5	14.775316
5	18.600437
5	12.640988
5	11.353126
5	21.029283
5	15.561513
5	29.464052
5	7.000000
5	13.476366
5	17.218196
5	22.825834
5	25.450734
5	15.840359
5	23.194977
5	21.838961
5	16.100934
5	15.185507
5	17.669112
5	25.424886
5	18.911165
5	11.627691
5	6.568768
5	17.053881
5	35.663353
5	20.610552
5	4.928127
5	12.657855
5	10.434106
5	11.675607
5	21.995256
5	21.586759
5	14.443562
5	19.898477
5	20.923971
5	13.281285
5	14.759962
5	17.587359
5	19.038999
5	17.538902
5	19.650763
5	12.692352
5	14.302198
5	16.738488
5	29.035349
5	15.677303
5	32.899236
5	29.406674
5	18.135938
5	12.174526
5	9.859850
5	28.188711
5	31.402909
5	18.201058
5	16.170966
5	16.525927
5	12.735261
5	17.370854
5	13.009978
5	11.546096
5	13.221307
6	16.121824
6	17.153645
6	12.681159
6	18.786782
6	21.931086
6	11.365502
6	16.893020
6	16.959015
6	25.377473
6	18.157193
6	9.121252
6	18.922646
6	25.460522
6	10.387481
6	20.776671
6	11.683629
6	32.548864
6	18.252641
6	21.033520
6	18.108292
6	24.122637
6	18.070675
6	16.111294
6	27.669969
6	23.079274
6	18.688885
6	30.436461
6	17.934705
6	15.491658
6	14.807101
6	26.959368
6	17.063712
6	11.805200
6	11.603528
6	12.236208
6	18.872549
6	21.313566
6	14.247908
6	33.103573
6	23.720211
6	27.251172
6	14.321539
6	25.289294
6	17.431373
6	27.858509
6	23.218643
6	10.958505
6	26.243404
6	16.030137
6	18.488648
6	23.060128
6	20.189569
6	19.858907
6	9.507308
6	22.297016
6	20.662753
6	12.203658
6	15.758690
6	14.580983
6	20.690979
6	29.479927
6	25.289310
6	25.000683
6	9.658816
6	12.684698
6	19.629151
6	26.594227
6	17.541886
6	12.057578
6	25.765037
6	15.764672
6	23.660204
6	19.046715
6	20.143399
6	23.597260
6	16.369769
6	15.393726
6	20.274675
6	13.929912
6	27.898274
6	13.068753
6	18.060832
6	20.735064
6	20.123381
6	27.522009
6	16.306940
6	17.137630
6	11.232130
6	21.502945
6	20.225597
6	14.659805
6	17.133920
6	28.995864
6	19.859289
6	20.490661
6	15.290622
6	16.385494
6	19.797980
6	19.830071
6	16.144082
7	31.792746
7	15.544168
7	15.647059
7	18.557692
7	26.725920
7	14.108156
7	31.832347
7	19.370492
7	18.759337
7	13.727317
7	14.395058
7	14.218895
7	19.306013
7	20.150427
7	13.720086
7	18.267717
7	15.264719
7	15.869996
7	20.389500
7	15.328089
7	26.808511
7	23.197285
7	27.177611
7	15.128567
7	16.456240
7	24.530034
7	13.172606
7	12.593886
7	18.257171
7	20.154730
7	13.931640
7	21.830738
7	13.200897
7	20.220406
7	15.202524
7	10.730296
7	27.270407
7	22.149329
7	17.883543
7	19.863171
7	24.273308
7	14.123685
7	11.364591
7	13.774761
7	12.690175
7	16.875170
7	11.502703
7	15.570446
7	16.362559
7	13.972980
7	26.885404
7	10.117053
7	18.927970
7	21.423096
7	13.849287
7	17.111681
7	15.699517
7	17.850159
7	16.909565
7	12.589213
7	13.506662
7	18.595058
7	23.747885
7	13.536183
7	24.497199
7	15.521064
7	17.635150
7	25.396601
7	25.507090
7	22.700339
7	19.052521
7	17.380326
7	16.993661
7	19.410511
7	14.553770
7	10.322316
7	14.164036
7	13.638470
7	23.327207
7	18.633029
7	19.559733
7	19.214591
7	18.208263
7	13.971442
7	18.798291
7	12.574006
7	15.050894
7	28.447146
7	15.819700
7	7.217408
7	18.032311
7	10.114017
7	16.665688
7	18.283289
7	21.052311
7	19.997389
7	13.181577
7	18.731740
7	20.474611
7	17.002584
8	19.758657
8	20.718738
8	19.215686
8	14.631571
8	13.952720
8	11.085244
8	13.891102
8	32.024852
8	17.407481
8	41.008049
8	21.421477
8	30.852651
8	16.426667
8	13.192958
8	12.689173
8	21.954624
8	28.388495
8	17.237370
8	14.512396
8	28.578811
8	12.760940
8	17.933941
8	17.689412
8	18.531802
8	13.995711
8	19.478452
8	6.840485
8	22.561321
8	20.643549
8	19.352211
8	14.762000
8	15.274595
8	14.199683
8	12.339305
8	25.466049
8	19.697708
8	17.560923
8	19.510176
8	15.023858
8	11.757520
8	19.807047
8	15.263557
8	12.085354
8	23.379290
8	25.292901
8	35.425594
8	18.520593
8	15.017224
8	11.934375
8	29.172037
8	18.317111
8	14.982489
8	24.805812
8	23.926374
8	36.233412
8	26.577340
8	17.589205
8	11.681220
8	16.615740
8	12.430684
8	9.404568
8	19.109921
8	12.209440
8	13.950119
8	13.560719
8	14.996187
8	12.093873
8	29.803878
8	15.197303
8	29.400370
8	26.581696
8	15.792851
8	28.264369
8	17.246021
8	17.145765
8	15.366347
8	22.441430
8	11.490633
8	27.629400
8	8.736202
8	22.061289
8	15.111162
8	10.637653
8	11.213781
8	22.319417
8	18.889941
8	22.474541
8	17.754723
8	17.698738
8	15.388216
8	10.195685
8	11.967855
8	11.304018
8	20.753324
8	16.605491
8	16.771190
8	13.405044
8	14.826741
8	21.612325
8	21.205039
9	23.000605
9	19.832687
9	19.439205
9	14.770730
9	17.581038
9	13.612853
9	20.361026
9	25.440755
9	14.817383
9	20.005772
9	11.428571
9	9.111724
9	28.056452
9	19.946349
9	29.199983
9	18.955406
9	21.503787
9	18.267121
9	15.534424
9	17.477084
9	12.465336
9	20.348719
9	16.334820
9	17.476115
9	21.354746
9	15.227053
9	16.868496
9	21.611650
9	19.636598
9	23.152613
9	17.864826
9	19.060113
9	20.914559
9	20.927487
9	19.977890
9	19.101609
9	21.218093
9	23.952590
9	20.965019
9	14.823804
9	16.367210
9	20.574324
9	13.478374
9	18.408100
9	12.484961
9	21.962525
9	11.586110
9	25.341221
9	15.991131
9	21.248218
9	20.592541
9	21.911454
9	13.564759
9	20.767824
9	18.545348
9	19.892464
9	14.666667
9	19.806373
9	27.105802
9	17.092930
9	20.290128
9	12.217307
9	19.659709
9	14.147677
9	18.915663
9	24.802544
9	19.582008
9	20.847851
9	19.727807
9	22.996953
9	21.736299
9	15.155817
9	12.978434
9	26.925805
9	18.517866
9	22.268527
9	16.351241
9	13.889992
9	13.667422
9	19.652221
9	9.660385
9	17.271535
9	24.519923
9	15.667500
9	19.922581
9	16.339184
9	16.189364
9	33.587469
9	21.650335
9	15.843688
9	19.225917
9	15.991916
9	22.172054
9	11.806820
9	10.057831
9	13.565577
9	20.596190
9	21.644413
9	17.264815
9	31.282028
10	22.993435
10	20.036149
10	13.492395
10	23.396924
10	12.973635
10	14.704065
10	23.133337
10	14.937289
10	11.579837
10	13.270794
10	25.791618
10	16.539627
10	15.003237
10	19.882176
10	15.383268
10	36.112524
10	18.786459
10	23.555643
10	9.615345
10	9.558733
10	15.813149
10	23.206967
10	13.973591
10	16.935826
10	10.911633
10	19.715847
10	26.342266
10	20.697230
10	10.397878
10	17.796919
10	20.525145
10	11.534023
10	17.017668
10	20.145410
10	14.334445
10	14.796441
10	20.595650
10	20.099354
10	8.434996
10	23.809577
10	19.543655
10	12.499840
10	27.128889
10	19.637906
10	30.051491
10	19.489292
10	26.423571
10	24.596264
10	16.118694
10	10.042485
10	10.965321
10	16.122330
10	18.123788
10	28.813216
10	26.262645
10	16.768864
10	20.772592
10	25.733286
10	15.743588
10	15.482632
10	15.512254
10	17.056659
10	8.828152
10	22.102550
10	16.674022
10	16.569656
10	28.372540
10	13.421488
10	22.436581
10	30.602790
10	9.832096
10	13.054187
10	17.056443
10	14.470722
10	22.473220
10	11.991708
10	19.951008
10	18.275441
10	25.418401
10	30.996140
10	12.123624
10	16.101480
10	21.016645
10	11.748640
10	16.264392
10	10.587479
10	25.857462
10	12.504703
10	31.181407
10	24.779491
10	29.363520
10	19.230897
10	29.088227
10	16.357582
10	19.908660
10	10.375773
10	10.103041
10	23.730903
10	23.471641
10	20.493084
11	10.673178
11	32.295885
11	25.066880
11	24.096434
11	13.767630
11	17.218503
11	20.384037
11	13.513916
11	18.155088
11	17.627041
11	15.051237
11	12.733633
11	16.940756
11	23.073599
11	13.452041
11	25.249894
11	15.309353
11	13.334608
11	19.690274
11	14.347616
11	20.204562
11	22.151304
11	21.229611
11	14.379068
11	19.567169
11	16.203762
11	14.673065
11	19.112501
11	11.770097
11	13.159792
11	17.198183
11	31.220966
11	17.547216
11	13.709307
11	17.931472
11	14.630187
11	15.691676
11	17.657571
11	35.037037
11	17.129228
11	15.691473
11	13.256009
11	14.122491
11	26.871981
11	11.574188
11	20.289721
11	17.223409
11	14.826841
11	21.375935
11	17.036071
11	14.653502
11	19.082399
11	16.964060
11	21.212121
11	24.543346
11	22.310561
11	13.548713
11	26.440875
11	15.547335
11	19.976936
11	20.888335
11	28.071867
11	14.974181
11	17.744719
11	21.802204
11	18.581010
11	15.132859
11	18.263055
11	16.885844
11	10.495305
11	14.018110
11	31.610315
11	14.685825
11	16.150482
11	14.996871
11	20.978947
11	19.277467
11	21.764850
11	23.201379
11	20.084816
11	10.500418
11	24.633902
11	14.566178
11	17.114445
11	12.301528
11	22.779389
11	23.137813
11	6.059773
11	16.436226
11	22.037828
11	13.178928
11	17.758667
11	16.468795
11	19.199752
11	17.723628
11	29.406503
11	13.698988
11	25.948946
11	11.895345
11	21.408118
12	19.617428
12	20.328877
12	14.578215
12	20.564859
12	16.125464
12	32.671655
12	15.558604
12	20.426865
12	23.099541
12	21.240698
12	39.414814
12	17.766787
12	25.360265
12	19.426595
12	26.217637
12	17.949735
12	19.681686
12	17.514288
12	15.998292
12	23.210803
12	29.384679
12	17.517668
12	11.030813
12	10.590124
12	20.833841
12	13.052576
12	14.285659
12	14.968994
12	21.769029
12	19.601217
12	17.253397
12	16.816291
12	14.927490
12	7.156263
12	14.762903
12	28.085988
12	15.357084
12	15.964620
12	21.130508
12	25.075678
12	23.671648
12	23.021945
12	16.522529
12	18.191424
12	16.015990
12	20.896660
12	15.790451
12	14.292537
12	14.398549
12	12.530396
12	26.341289
12	8.110844
12	17.586471
12	13.673749
12	12.799971
12	17.155966
12	20.150752
12	15.910829
12	13.517583
12	19.717949
12	15.763289
12	17.584251
12	15.792123
12	23.528513
12	21.126559
12	16.972470
12	22.664418
12	21.099598
12	22.514977
12	15.677844
12	26.736347
12	24.808191
12	30.696395
12	20.959677
12	13.524094
12	20.734165
12	21.147832
12	22.435476
12	15.119012
12	13.576091
12	12.391792
12	17.944227
12	29.031513
12	11.878158
12	19.875818
12	11.539158
12	23.364318
12	34.234000
12	14.132034
12	22.217023
12	14.624331
12	15.763382
12	17.257539
12	21.769392
12	15.257817
12	17.622006
12	18.745393
12	19.832071
12	21.304856
12	16.750415
13	18.103769
13	26.271543
13	14.817832
13	14.050703
13	22.808566
13	23.224219
13	14.673839
13	13.717464
13	16.794672
13	29.805514
13	34.052628
13	15.130377
13	19.860995
13	15.418091
13	13.445783
13	17.752735
13	11.912614
13	22.193737
13	24.251062
13	25.636864
13	9.894114
13	14.924990
13	18.993454
13	11.175946
13	9.042687
13	18.161477
13	17.429944
13	16.394606
13	17.000679
13	23.574945
13	19.653839
13	21.666074
13	32.143148
13	17.088258
13	14.333354
13	22.292343
13	16.578476
13	19.727630
13	26.712376
13	16.976466
13	33.885662
13	20.212919
13	18.419180
13	17.277956
13	10.473618
13	15.326778
13	16.801906
13	23.034857
13	20.067507
13	21.903439
13	15.176584
13	36.014360
13	15.818787
13	27.397799
13	19.262126
13	16.160330
13	23.167210
13	12.082355
13	14.766253
13	17.189080
13	18.373767
13	9.636250
13	17.159105
13	29.751177
13	22.534501
13	18.164721
13	19.008074
13	23.304597
13	24.026065
13	12.285650
13	14.739155
13	14.227040
13	39.627184
13	14.299132
13	8.556876
13	22.505007
13	26.113602
13	18.887971
13	29.296621
13	15.260141
13	14.779766
13	18.131098
13	13.867001
13	17.668275
13	27.189193
13	14.353528
13	14.061501
13	8.745597
13	14.642967
13	16.731571
13	15.801511
13	35.974615
13	12.156624
13	14.520145
13	15.341944
13	25.864771
13	17.976347
13	17.038123
13	19.751758
13	15.080231
14	23.182846
14	19.625451
14	19.193548
14	13.811403
14	14.931024
14	15.032991
14	22.186663
14	10.717802
14	17.868833
14	17.723097
14	32.908847
14	18.381089
14	10.710608
14	18.215692
14	10.525366
14	21.408010
14	11.856558
14	17.261405
14	17.567466
14	11.767081
14	23.603478
14	20.624971
14	19.415070
14	12.845255
14	17.174707
14	13.908131
14	21.053011
14	18.772889
14	11.936068
14	27.093274
14	13.221425
14	15.145879
14	14.861374
14	14.729162
14	22.177577
14	22.765104
14	14.409878
14	12.640736
14	16.664213
14	16.097923
14	17.858752
14	28.536704
14	8.357961
14	22.929250
14	20.292458
14	17.799008
14	13.326967
14	20.796719
14	19.979989
14	10.351427
14	17.420650
14	23.745743
14	15.110877
14	13.329341
14	15.567699
14	30.077858
14	28.321724
14	13.324368
14	16.085730
14	22.203143
14	12.209752
14	14.026975
14	22.933898
14	20.090265
14	22.006644
14	12.062624
14	18.340195
14	27.027967
14	24.452485
14	15.135354
14	17.255798
14	23.256260
14	12.033715
14	21.057813
14	21.662696
14	16.886352
14	19.387688
14	20.248729
14	17.452718
14	18.763124
14	13.854753
14	9.791510
14	20.383397
14	13.589994
14	27.361213
14	15.341336
14	17.218350
14	13.450398
14	21.905671
14	21.931066
14	20.022904
14	13.300967
14	14.404432
14	30.607237
14	13.707254
14	13.269399
14	26.193052
14	40.209825
14	21.813426
14	23.589294
15	23.789268
15	22.005098
15	15.879198
15	26.362260
15	23.839967
15	9.420145
15	13.694547
15	18.333282
15	28.050228
15	12.869761
15	10.495604
15	16.364425
15	19.642551
15	19.473638
15	20.319803
15	19.779249
15	28.416994
15	16.703980
15	24.253901
15	15.717223
15	21.197091
15	11.879598
15	22.105263
15	21.135693
15	21.624077
15	16.645357
15	23.340206
15	17.491784
15	23.608534
15	14.512351
15	17.810321
15	23.374944
15	22.158033
15	17.275516
15	16.166474
15	12.850902
15	14.110715
15	29.095003
15	22.321719
15	12.569897
15	8.035894
15	15.116511
15	13.396960
15	17.092096
15	29.297605
15	21.058037
15	23.259105
15	8.606357
15	14.557919
15	14.214502
15	36.986584
15	18.985517
15	19.555105
15	14.474229
15	18.830502
15	16.129395
15	17.206252
15	9.756499
15	19.343607
15	18.535004
15	21.542847
15	17.460465
15	14.404564
15	13.419291
15	22.276448
15	17.810715
15	34.232766
15	27.315498
15	10.780095
15	21.215662
15	21.570861
15	17.352310
15	15.135534
15	25.615545
15	18.566668
15	22.644068
15	15.244510
15	22.367734
15	14.848437
15	15.877198
15	34.818259
15	14.933333
15	18.280422
15	20.217096
15	16.356797
15	12.166275
15	21.105631
15	11.703174
15	16.470588
15	16.937514
15	24.672949
15	17.329043
15	17.938542
15	8.250112
15	32.840562
15	24.297012
15	15.244780
15	18.874989
15	26.534986
15	14.694140
16	28.334223
16	19.565697
16	20.272247
16	31.023151
16	16.079439
16	15.940912
16	36.616323
16	29.113892
16	30.631766
16	17.937540
16	18.274011
16	17.451795
16	23.676012
16	22.093620
16	12.194838
16	24.495900
16	22.441837
16	26.558712
16	17.390568
16	16.021220
16	17.056977
16	14.694187
16	13.619735
16	21.134730
16	21.604738
16	38.728685
16	15.438408
16	16.269863
16	18.303285
16	18.412917
16	12.942628
16	24.527926
16	22.638953
16	19.950593
16	13.926312
16	5.780792
16	12.396915
16	27.698639
16	16.607875
16	15.421318
16	11.086060
16	15.169511
16	14.456631
16	15.518921
16	15.162098
16	20.180434
16	18.088619
16	17.247985
16	21.467168
16	14.063855
16	11.476314
16	21.047801
16	31.144694
16	23.626478
16	23.015845
16	15.302661
16	16.796677
16	32.621359
16	15.605126
16	28.584666
16	23.066394
16	20.715015
16	18.179140
16	20.843563
16	20.611225
16	14.956411
16	11.629704
16	14.667262
16	14.668247
16	20.075770
16	14.016642
16	11.234975
16	19.595107
16	17.880987
16	16.738713
16	21.697334
16	19.025463
16	19.413967
16	11.558642
16	30.486860
16	20.980639
16	12.662316
16	18.293848
16	17.381234
16	11.096433
16	21.360045
16	16.103433
16	19.110903
16	14.176600
16	13.748602
16	20.562487
16	13.334852
16	14.788504
16	19.408454
16	15.084339
16	17.467483
16	21.155722
16	18.838150
16	10.899544
16	12.333297
17	17.804989
17	16.653956
17	18.274058
17	12.699195
17	21.349534
17	18.415806
17	22.530454
17	14.976572
17	33.398577
17	20.234506
17	24.690689
17	19.373970
17	17.679070
17	16.033684
17	21.317324
17	19.428330
17	26.217088
17	16.597562
17	21.892628
17	15.167718
17	16.930377
17	18.032287
17	20.129963
17	13.472610
17	18.785499
17	19.198827
17	15.811741
17	18.960020
17	25.539813
17	13.190388
17	15.251219
17	11.390637
17	15.817258
17	22.381147
17	22.938882
17	18.494125
17	19.697939
17	27.994853
17	16.849584
17	12.169465
17	16.408204
17	16.886593
17	16.742246
17	16.935893
17	19.717924
17	14.163596
17	23.875754
17	16.371254
17	23.670322
17	22.979057
17	18.683131
17	14.406661
17	20.106536
17	18.469871
17	19.930190
17	20.239437
17	14.763608
17	19.968954
17	21.906426
17	16.959702
17	25.962076
17	17.842336
17	26.794987
17	18.651081
17	19.015358
17	16.100166
17	9.716242
17	15.540022
17	22.989884
17	31.839902
17	17.118848
17	20.411166
17	16.709193
17	23.741276
17	15.099040
17	14.387352
17	14.048160
17	11.920043
17	15.639707
17	14.376150
17	13.202560
17	14.136863
17	18.988506
17	31.856693
17	19.341489
17	23.999434
17	18.489773
17	22.046720
17	17.318019
17	33.419861
17	19.227635
17	15.739940
17	14.082299
17	21.943058
17	14.289604
17	18.119948
17	21.816381
17	25.005399
17	20.861700
17	16.447562
18	19.502975
18	21.442870
18	17.398192
18	14.878971
18	14.440027
18	11.788004
18	27.159273
18	27.156600
18	32.613581
18	15.254319
18	20.363395
18	21.176676
18	16.389957
18	15.927218
18	26.477756
18	21.740376
18	19.419490
18	12.911862
18	15.957940
18	31.539155
18	21.387784
18	18.701423
18	20.354312
18	20.107335
18	11.793928
18	19.113491
18	18.997146
18	35.791294
18	21.899560
18	14.638666
18	19.147687
18	16.778483
18	15.128180
18	15.879017
18	16.043997
18	16.282701
18	17.384456
18	26.746780
18	20.476020
18	17.615835
18	15.014549
18	13.625190
18	22.440403
18	16.213065
18	17.408590
18	15.175182
18	15.694524
18	25.128503
18	21.135035
18	16.255468
18	21.980715
18	13.593003
18	18.324277
18	18.175001
18	18.349826
18	17.304322
18	28.198619
18	17.209360
18	11.295462
18	26.589114
18	25.651868
18	14.352083
18	23.519589
18	25.143641
18	21.453218
18	26.012324
18	18.655024
18	15.934882
18	13.277234
18	29.981551
18	15.155096
18	16.731985
18	21.903259
18	19.519307
18	25.304577
18	20.054710
18	14.551829
18	21.257445
18	16.562376
18	18.325282
18	19.941942
18	14.715933
18	10.129284
18	13.169158
18	11.366538
18	24.729866
18	27.790243
18	13.134195
18	18.537075
18	18.767389
18	20.792822
18	13.750273
18	12.654001
18	18.591499
18	22.739129
18	19.490675
18	16.597573
18	10.252078
18	29.598136
18	31.171358
19	15.280760
19	25.860102
19	18.076057
19	23.678111
19	21.831241
19	11.108633
19	13.667602
19	28.653583
19	23.069690
19	19.724349
19	27.755703
19	14.757002
19	23.644644
19	14.819244
19	26.107981
19	31.392671
19	15.641872
19	20.101005
19	13.933565
19	10.315893
19	28.468537
19	21.149791
19	23.166756
19	10.480102
19	20.671835
19	17.295723
19	14.005497
19	29.448030
19	13.423957
19	15.593608
19	17.038988
19	11.615532
19	19.040473
19	19.737912
19	11.042870
19	17.406438
19	17.214437
19	13.373747
19	18.020324
19	10.834793
19	17.046262
19	17.421004
19	17.116255
19	19.712133
19	16.763388
19	16.751882
19	19.632771
19	23.663458
19	19.106154
19	17.020164
19	13.860552
19	20.297308
19	16.102696
19	19.492614
19	23.015766
19	11.757196
19	24.572928
19	23.839343
19	17.496097
19	32.806941
19	11.063225
19	19.208468
19	15.240630
19	20.052189
19	16.847576
19	25.281582
19	16.576698
19	13.016216
19	18.068322
19	19.101614
19	14.748502
19	13.653557
19	17.625890
19	13.710411
19	8.434993
19	12.418169
19	19.042529
19	14.759329
19	20.370190
19	27.591241
19	16.934764
19	17.421100
19	23.477283
19	22.325295
19	11.951448
19	19.777168
19	16.048081
19	27.267905
19	14.499130
19	18.980461
19	20.103224
19	18.764794
19	19.737185
19	19.115558
19	17.358674
19	12.783637
19	11.904662
19	29.371099
19	17.822321
19	20.844489
20	17.459026
20	16.361011
20	22.191317
20	11.954322
20	19.114352
20	30.482049
20	14.822257
20	14.589342
20	16.428519
20	18.161982
20	23.020239
20	22.207218
20	8.057233
20	12.339134
20	11.962848
20	19.778863
20	12.955652
20	20.177123
20	16.965350
20	17.822801
20	22.396648
20	17.953195
20	13.439906
20	20.701893
20	17.293971
20	29.110434
20	19.513609
20	18.484149
20	13.561297
20	9.891353
20	17.333840
20	9.995832
20	23.432169
20	15.426933
20	20.162963
20	20.466621
20	4.196394
20	18.082867
20	20.202453
20	16.419138
20	22.145739
20	9.226239
20	19.205803
20	19.406832
20	14.444576
20	18.201661
20	21.662805
20	11.790120
20	22.423058
20	20.025769
20	15.826211
20	13.366505
20	11.195484
20	21.659088
20	28.746767
20	14.538826
20	14.083546
20	26.083861
20	31.281948
20	11.633466
20	25.265347
20	19.831933
20	23.000330
20	18.222829
20	23.549345
20	14.118335
20	17.863643
20	15.356665
20	25.789474
20	34.496696
20	21.626243
20	29.205892
20	15.620093
20	13.817438
20	13.613145
20	17.851568
20	22.104506
20	14.142770
20	15.624224
20	18.319542
20	10.554008
20	29.768617
20	13.560665
20	14.290423
20	18.767896
20	26.534514
20	10.279707
20	11.253422
20	18.737433
20	15.916196
20	17.903674
20	29.736629
20	29.873400
20	24.571212
20	12.862317
20	24.709947
20	13.415910
20	17.800918
20	25.749496
20	19.196866
21	11.975923
21	21.926581
21	17.043805
21	22.741502
21	20.692997
21	15.974732
21	15.287025
21	16.632576
21	26.973667
21	21.013665
21	20.907782
21	9.979825
21	22.400000
21	17.333210
21	20.864893
21	20.844620
21	16.790541
21	12.995293
21	13.252523
21	15.441558
21	14.319480
21	20.087902
21	17.477309
21	28.075201
21	22.300677
21	14.549730
21	13.909132
21	15.603451
21	14.410737
21	19.106448
21	21.840267
21	19.372663
21	13.564356
21	18.968742
21	17.227283
21	17.979467
21	17.262731
21	19.003709
21	15.105732
21	11.575498
21	18.843975
21	17.551551
21	17.370558
21	16.209967
21	22.496680
21	14.125022
21	20.235033
21	23.002502
21	25.980954
21	13.302250
21	23.912973
21	15.768330
21	25.874067
21	14.065753
21	17.856597
21	12.232573
21	23.725886
21	13.708939
21	16.127972
21	22.765297
21	18.184417
21	16.800162
21	20.015540
21	16.297710
21	22.548420
21	18.372012
21	26.129479
21	27.750399
21	18.080094
21	16.737577
21	21.887789
21	11.563730
21	19.722213
21	26.082956
21	15.920132
21	13.531721
21	15.417746
21	16.207292
21	12.636740
21	18.419714
21	19.489848
21	16.415612
21	23.390290
21	11.757562
21	10.720519
21	24.441191
21	16.019231
21	12.302874
21	16.886922
21	26.487699
21	19.004242
21	12.183855
21	20.976654
21	19.699531
21	21.021285
21	15.985925
21	30.239967
21	18.730034
21	23.756335
21	19.408624
22	17.863200
22	32.041935
22	13.522097
22	25.280456
22	13.580823
22	18.857866
22	11.368037
22	21.182855
22	17.945820
22	14.701982
22	16.914742
22	12.269597
22	15.858657
22	18.522975
22	13.687733
22	12.842561
22	18.472839
22	16.556551
22	16.816572
22	22.060606
22	20.633820
22	19.922470
22	16.758732
22	17.536149
22	22.722059
22	14.483461
22	24.735497
22	22.034622
22	12.557283
22	12.971647
22	28.004704
22	17.880395
22	23.425734
22	24.676175
22	17.895107
22	12.580577
22	23.151108
22	30.108053
22	28.227953
22	16.113919
22	19.404241
22	15.254865
22	31.712782
22	9.578304
22	14.131914
22	18.377935
22	18.699835
22	16.547832
22	17.120103
22	16.147901
22	14.549755
22	19.526608
22	20.978484
22	16.208820
22	26.674207
22	17.862400
22	17.911048
22	22.968080
22	19.351316
22	18.505695
22	17.363363
22	16.778689
22	18.530347
22	13.532482
22	14.422059
22	21.527508
22	19.908828
22	22.045410
22	19.174347
22	23.279518
22	11.781665
22	9.737040
22	17.072778
22	24.484666
22	21.086509
22	11.545529
22	16.600812
22	12.422096
22	27.384214
22	10.568036
22	13.850011
22	22.093885
22	17.880890
22	16.966484
22	9.976669
22	20.644687
22	35.652108
22	17.113168
22	22.297162
22	15.637242
22	16.759397
22	7.741470
22	16.727229
22	14.932987
22	12.402016
22	10.151400
22	30.156798
22	16.445111
22	13.625954
22	13.717037
23	14.012135
23	23.862039
23	16.538970
23	21.917101
23	16.180955
23	22.734319
23	22.988242
23	34.979278
23	17.362124
23	13.421065
23	15.334796
23	24.030665
23	18.150973
23	17.019178
23	21.615253
23	20.769139
23	18.550949
23	24.431961
23	20.954563
23	17.171726
23	20.258222
23	17.770854
23	22.027383
23	26.678872
23	15.105451
23	11.005780
23	11.939741
23	18.221379
23	18.938954
23	18.571175
23	18.562907
23	11.286553
23	14.314567
23	11.608381
23	13.624820
23	12.797288
23	20.190406
23	21.239502
23	32.517474
23	22.643369
23	15.886031
23	20.203133
23	6.817043
23	21.222011
23	15.417948
23	9.949374
23	14.181058
23	19.170969
23	26.025641
23	18.221695
23	22.538059
23	13.199667
23	23.622977
23	13.374422
23	15.130659
23	18.045269
23	13.397087
23	10.847024
23	30.247753
23	20.534269
23	16.770808
23	22.308478
23	27.428313
23	20.592503
23	8.062234
23	26.923768
23	22.419991
23	15.440304
23	19.324127
23	13.315604
23	21.379287
23	18.081509
23	18.182914
23	21.998284
23	17.362272
23	22.580398
23	26.204455
23	15.397747
23	20.382735
23	26.560614
23	16.984377
23	6.819454
23	10.953146
23	17.870660
23	14.652055
23	16.271521
23	13.852336
23	18.723452
23	9.976424
23	12.995215
23	19.343599
23	23.343265
23	24.175220
23	15.097542
23	27.616724
23	18.244930
23	25.241701
23	14.698035
23	11.562627
23	13.535511
24	19.791636
24	14.290539
24	18.479469
24	15.549959
24	25.888452
24	18.914669
24	27.586309
24	25.144379
24	17.412138
24	16.076821
24	13.668848
24	12.119881
24	17.410430
24	21.804354
24	18.969577
24	14.130391
24	22.648220
24	17.064948
24	23.306394
24	24.636938
24	12.856900
24	12.739280
24	16.011719
24	16.913444
24	11.582545
24	17.348684
24	25.311954
24	29.639860
24	21.608641
24	9.701275
24	11.479173
24	15.319587
24	21.914679
24	24.026224
24	18.813152
24	19.271729
24	12.960380
24	12.034340
24	20.278552
24	13.988387
24	12.860498
24	15.836108
24	8.523446
24	12.686892
24	17.210568
24	17.958851
24	12.282833
24	17.946057
24	14.938272
24	23.830898
24	13.354774
24	19.269772
24	17.133679
24	14.538448
24	15.836035
24	12.040516
24	9.993293
24	19.192819
24	15.356686
24	21.932586
24	15.151678
24	21.917517
24	15.988287
24	17.371345
24	8.450687
24	12.010986
24	16.375882
24	18.582812
24	21.859058
24	15.520843
24	11.154978
24	15.599248
24	14.638844
24	18.925977
24	16.880224
24	14.114222
24	18.024443
24	25.756308
24	20.997977
24	20.216728
24	22.374735
24	17.486794
24	13.971090
24	19.182837
24	26.871486
24	27.652332
24	19.607791
24	21.859588
24	13.047522
24	11.868102
24	15.328828
24	13.473891
24	18.710609
24	21.375935
24	14.095458
24	15.751630
24	23.058644
24	15.312022
24	10.741292
24	24.542884
25	17.463418
25	20.363760
25	17.293097
25	16.023748
25	12.317110
25	8.840566
25	15.149402
25	20.062961
25	13.853460
25	23.525520
25	15.815095
25	19.724938
25	22.799186
25	25.220861
25	23.487209
25	14.728392
25	29.215564
25	15.193245
25	13.546584
25	10.037874
25	18.804432
25	18.941198
25	19.746537
25	15.242910
25	13.997913
25	16.464119
25	22.695910
25	20.172078
25	11.078715
25	15.057186
25	26.033082
25	18.921517
25	19.577479
25	25.419771
25	16.017562
25	20.276618
25	16.949414
25	19.496589
25	21.566835
25	17.272115
25	15.829600
25	13.384975
25	21.656628
25	16.448459
25	19.950926
25	16.383411
25	20.381282
25	8.677824
25	30.922483
25	17.642099
25	20.268135
25	24.637658
25	24.699378
25	13.157597
25	21.110964
25	20.292625
25	24.712718
25	26.774815
25	23.943863
25	17.650726
25	14.846780
25	13.257281
25	22.174678
25	28.531257
25	21.100690
25	19.111887
25	13.870567
25	12.998402
25	16.611111
25	18.494870
25	17.990563
25	24.174808
25	18.329065
25	19.806202
25	14.949937
25	18.151151
25	12.628017
25	13.222431
25	20.678589
25	23.234609
25	20.687398
25	26.186914
25	12.005744
25	17.572719
25	16.621436
25	17.554267
25	15.437054
25	15.958743
25	12.288668
25	14.682984
25	18.843191
25	20.500488
25	10.816506
25	26.445471
25	17.935796
25	19.263074
25	20.330199
25	17.674277
25	23.749346
25	18.679903
26	18.686552
26	15.735142
26	23.315609
26	19.130860
26	21.600138
26	17.289939
26	21.021104
26	13.456172
26	15.409178
26	15.791039
26	22.974612
26	13.384445
26	19.469494
26	23.051630
26	22.211676
26	15.342284
26	21.141113
26	20.098651
26	16.325319
26	13.577682
26	23.233263
26	19.176906
26	16.089200
26	21.414112
26	15.008424
26	17.595458
26	17.528219
26	21.570214
26	12.333906
26	8.214247
26	23.803336
26	18.643175
26	14.148634
26	15.763555
26	11.614114
26	18.342687
26	10.425262
26	19.805842
26	16.141965
26	10.848426
26	27.255151
26	27.433211
26	20.663957
26	17.289506
26	20.112425
26	22.874086
26	14.321485
26	15.765299
26	23.352009
26	16.991756
26	13.670546
26	14.544679
26	14.087683
26	11.665160
26	11.741239
26	18.217197
26	34.160491
26	18.560318
26	15.233590
26	15.741511
26	28.068232
26	21.350641
26	15.261520
26	16.036516
26	18.054342
26	10.913128
26	7.941043
26	12.489662
26	17.958323
26	19.346893
26	24.394469
26	20.079752
26	8.693001
26	10.763892
26	9.936726
26	15.270506
26	5.656641
26	16.642298
26	17.493192
26	22.482754
26	16.450573
26	21.636225
26	13.054877
26	16.737589
26	11.348370
26	25.388964
26	20.549860
26	24.089506
26	26.383470
26	19.363283
26	12.800574
26	19.886578
26	17.427577
26	12.222158
26	31.171305
26	16.616316
26	10.265198
26	16.357769
26	24.326431
26	8.165606
27	16.728902
27	13.200966
27	21.993761
27	10.369590
27	8.561683
27	16.613748
27	16.173458
27	24.948993
27	8.764172
27	19.874180
27	19.044841
27	18.312027
27	20.733735
27	31.584507
27	16.689060
27	10.296231
27	16.900203
27	12.044385
27	15.407114
27	21.348692
27	24.021620
27	11.787474
27	24.368876
27	16.941578
27	17.190689
27	25.309609
27	20.764944
27	21.411380
27	24.779820
27	17.647134
27	15.061398
27	13.981259
27	12.554334
27	14.138276
27	21.800562
27	19.379023
27	10.356212
27	20.925380
27	13.739059
27	15.042015
27	10.678489
27	16.134392
27	29.008468
27	19.787557
27	20.510761
27	19.422760
27	20.259273
27	17.684737
27	15.567411
27	14.122732
27	13.040788
27	16.181126
27	29.034535
27	15.002967
27	23.198140
27	20.973964
27	16.039056
27	24.451277
27	11.831985
27	28.957849
27	19.345040
27	14.808249
27	5.951973
27	21.461585
27	17.558009
27	14.953996
27	18.098970
27	18.638758
27	10.063835
27	34.913251
27	16.714204
27	14.952971
27	12.452018
27	24.384067
27	25.105329
27	23.616947
27	23.463687
27	10.617063
27	22.417201
27	29.488087
27	19.032974
27	16.383422
27	20.934808
27	11.171228
27	22.693980
27	21.359804
27	13.939895
27	23.776722
27	22.176671
27	19.357881
27	14.747686
27	18.307015
27	10.624760
27	9.438939
27	19.473835
27	23.901325
27	23.312372
27	14.167951
27	29.790618
27	20.502422
28	21.700908
28	21.530921
28	29.554477
28	26.709214
28	14.742031
28	19.403143
28	9.598763
28	16.252678
28	22.009145
28	18.039768
28	20.805132
28	18.386427
28	14.194989
28	11.263553
28	15.263719
28	11.199383
28	24.329279
28	23.219797
28	15.501308
28	22.823968
28	15.148055
28	25.178515
28	19.918583
28	13.153553
28	15.873676
28	18.883281
28	20.779714
28	22.375794
28	24.727116
28	16.971229
28	26.167341
28	15.500734
28	21.180298
28	22.774306
28	24.739793
28	20.108185
28	16.483720
28	16.656990
28	13.541812
28	14.417852
28	18.414663
28	14.557931
28	17.845401
28	9.025189
28	19.540261
28	27.623582
28	19.215432
28	16.087861
28	20.342015
28	19.755250
28	18.535099
28	27.604078
28	22.715690
28	26.311916
28	18.912983
28	18.334056
28	16.244569
28	10.064706
28	28.225383
28	9.201019
28	17.587571
28	19.116190
28	15.609422
28	20.803113
28	33.256148
28	17.415550
28	11.920086
28	14.650525
28	10.624080
28	21.352710
28	19.587491
28	17.397116
28	24.804646
28	22.520785
28	15.519573
28	6.910676
28	21.200937
28	15.301273
28	24.367217
28	20.391385
28	15.296750
28	15.578653
28	18.979079
28	17.078305
28	16.704236
28	18.866533
28	14.931150
28	12.558916
28	14.908588
28	24.368093
28	17.876191
28	11.925357
28	17.041826
28	20.884918
28	15.643125
28	15.021420
28	19.389002
28	28.878153
28	17.071820
28	19.441071
29	12.612560
29	12.752457
29	16.090043
29	24.743563
29	18.050328
29	25.269823
29	14.530438
29	21.932680
29	14.033313
29	22.458283
29	24.361271
29	15.729734
29	18.535657
29	12.852002
29	11.249785
29	18.366222
29	14.036442
29	19.273303
29	34.712910
29	18.086262
29	25.868248
29	16.696884
29	21.056773
29	11.974401
29	20.124654
29	15.398216
29	25.686634
29	29.670007
29	21.227045
29	16.327825
29	29.490153
29	25.985468
29	17.108119
29	31.149913
29	16.441718
29	11.330354
29	16.513551
29	18.372605
29	24.783925
29	18.425142
29	12.487094
29	25.194725
29	20.766077
29	17.015565
29	20.758411
29	21.179487
29	19.995733
29	26.614769
29	21.360065
29	9.240233
29	16.838014
29	18.214786
29	15.507730
29	21.140077
29	14.389161
29	15.374667
29	17.786110
29	16.551724
29	21.097271
29	15.152273
29	19.911917
29	29.915796
29	19.053825
29	21.799409
29	34.649639
29	9.135400
29	24.980265
29	12.916162
29	20.726248
29	19.576802
29	30.816791
29	20.491977
29	15.085231
29	15.221787
29	21.140122
29	17.521236
29	15.467994
29	13.519517
29	20.333839
29	10.868433
29	20.193179
29	12.858026
29	18.368523
29	13.913130
29	7.908505
29	17.865075
29	21.524188
29	25.076530
29	28.438840
29	23.589544
29	22.750266
29	23.984712
29	22.020344
29	14.930745
29	16.262552
29	30.100108
29	13.409168
29	15.109164
29	16.377372
29	13.294868
30	16.754179
30	11.461426
30	21.992930
30	13.154951
30	20.918197
30	15.096970
30	12.770991
30	17.684611
30	13.038717
30	19.245620
30	22.419301
30	37.814399
30	17.471439
30	16.009230
30	23.772176
30	15.459441
30	15.595721
30	13.258980
30	34.850966
30	13.749113
30	18.649528
30	22.214481
30	13.829245
30	24.006290
30	34.194854
30	10.874855
30	14.454399
30	31.816554
30	11.710284
30	11.365449
30	21.963699
30	14.832440
30	12.963173
30	13.222677
30	17.046632
30	13.638708
30	18.710106
30	20.214162
30	20.350589
30	24.413424
30	14.523473
30	23.756972
30	11.937863
30	17.307027
30	19.004271
30	15.095885
30	18.142879
30	19.839905
30	14.942959
30	23.303114
30	21.915302
30	21.100743
30	18.405489
30	18.264176
30	23.119854
30	26.469383
30	20.206724
30	10.966983
30	14.435070
30	14.948030
30	46.935837
30	13.797178
30	19.738703
30	13.292328
30	25.500032
30	39.524142
30	12.143068
30	16.390681
30	15.042230
30	27.183041
30	17.851323
30	20.037648
30	17.693893
30	14.891423
30	14.396920
30	18.788804
30	29.879212
30	27.870312
30	10.762200
30	16.482066
30	10.160683
30	15.423352
30	20.750375
30	14.677913
30	19.096629
30	10.952507
30	16.042523
30	12.822411
30	18.469722
30	23.102644
30	12.736779
30	15.858678
30	20.474744
30	25.784861
30	12.561350
30	22.651797
30	17.905061
30	13.284479
30	21.620414
30	19.491386
