1	29.217391
1	20.925969
1	20.934579
1	20.959444
1	20.076739
1	21.777778
1	20.598891
1	20.452830
1	56.000000
1	22.810811
1	20.445638
1	20.533333
1	20.092769
1	20.356204
1	21.116139
1	21.090909
1	58.947368
1	20.072289
1	20.461538
1	20.567273
1	20.008715
1	19.988816
1	21.796818
1	0.000000
1	20.052695
1	24.000000
1	24.000000
1	20.042677
1	20.335196
1	26.727273
1	20.480818
1	0.000000
1	28.000000
1	20.454172
1	20.637681
1	20.039216
1	19.908745
1	20.539474
1	20.167832
1	0.000000
1	20.487805
1	21.132075
1	0.000000
1	20.363636
1	22.750000
1	20.200913
1	20.492114
1	28.903226
1	23.462963
1	0.000000
1	20.049958
1	20.067381
1	25.037543
1	20.553846
1	20.800000
1	21.241379
1	20.181568
1	0.000000
1	20.092910
1	20.594458
1	20.010801
1	20.169014
1	21.211429
1	27.200000
1	20.046693
1	20.820513
1	31.111111
1	55.138462
1	0.000000
1	20.209366
1	21.561181
1	20.094576
1	0.000000
1	20.143885
1	20.136752
1	21.094170
1	20.063872
1	24.266667
1	20.327869
1	19.901701
1	20.331950
1	20.088452
1	23.245283
1	52.000000
1	20.157161
1	20.341357
1	25.147776
1	21.904762
1	20.406780
1	20.074576
1	20.108108
1	21.128205
1	27.184466
1	20.296296
1	20.399299
1	20.079162
1	20.187175
1	19.979317
1	34.135458
1	20.035191
2	0.000000
2	21.038526
2	20.495015
2	21.184358
2	20.324873
2	23.058824
2	17.119234
2	24.298077
2	12.023381
2	17.186473
2	20.155642
2	20.068670
2	20.996029
2	16.298802
2	20.059701
2	25.032916
2	24.022051
2	11.398152
2	20.463458
2	20.114025
2	20.113422
2	20.356546
2	22.102964
2	22.633333
2	20.196721
2	20.104058
2	20.042105
2	25.856148
2	20.858164
2	20.833638
2	20.705882
2	20.718816
2	20.610169
2	35.744681
2	20.276580
2	56.000000
2	21.600000
2	21.196262
2	20.324324
2	20.329621
2	20.178813
2	23.441860
2	20.331950
2	20.691176
2	22.534179
2	20.351544
2	25.669903
2	0.000000
2	20.321070
2	14.340699
2	39.257732
2	20.379471
2	20.055814
2	26.500000
2	20.102564
2	20.058083
2	22.992783
2	20.005339
2	20.875740
2	20.138313
2	20.574969
2	20.302405
2	12.669307
2	28.132075
2	20.250214
2	20.282587
2	20.256459
2	20.171779
2	26.478261
2	20.194690
2	21.343726
2	20.098830
2	20.059993
2	52.769231
2	22.260000
2	21.243781
2	1.052811
2	20.420757
2	20.088889
2	21.575758
2	29.426273
2	20.376412
2	20.619368
2	20.165879
2	20.687415
2	23.255487
2	20.796421
2	10.908034
2	23.286195
2	20.379205
2	20.106024
2	20.110949
2	18.026612
2	35.294692
2	19.952756
2	27.419087
2	16.135182
2	22.752624
2	20.826766
2	0.000000
3	21.703850
3	13.433513
3	52.104348
3	14.193326
3	20.317383
3	9.570258
3	21.487603
3	20.254630
3	20.602663
3	25.622642
3	20.821680
3	14.527397
3	24.357143
3	8.697395
3	23.043873
3	20.156028
3	21.431787
3	20.183841
3	8.238736
3	46.666667
3	20.278752
3	28.469331
3	20.875571
3	21.742424
3	26.863312
3	21.400799
3	21.906918
3	22.158001
3	11.732124
3	28.120794
3	28.875000
3	22.578765
3	24.708861
3	20.409336
3	19.135967
3	16.421241
3	13.900817
3	13.188406
3	21.825358
3	23.044248
3	19.692308
3	19.920949
3	20.555294
3	24.995708
3	20.357798
3	9.109852
3	23.257541
3	19.055126
3	20.240964
3	20.638655
3	14.361468
3	29.616628
3	20.509728
3	10.874260
3	19.275362
3	8.926674
3	10.514004
3	20.086228
3	21.304348
3	21.627772
3	26.626443
3	18.897833
3	10.612245
3	23.457098
3	20.947062
3	25.438486
3	22.254428
3	33.555992
3	17.916019
3	20.257480
3	17.546456
3	20.397765
3	13.750675
3	20.333333
3	27.377778
3	16.447327
3	20.098712
3	20.313725
3	20.815534
3	22.675043
3	22.289926
3	19.970888
3	31.367698
3	15.592068
3	28.583333
3	20.676923
3	25.052632
3	26.847653
3	21.770238
3	15.779898
3	17.689282
3	30.282195
3	26.782609
3	14.825046
3	20.800000
3	20.020979
3	22.571648
3	20.113751
3	20.551920
3	20.197949
4	19.359820
4	20.218630
4	14.395307
4	23.757576
4	28.258475
4	30.038186
4	21.995181
4	26.125308
4	21.279657
4	12.506700
4	21.959785
4	20.629060
4	24.498397
4	16.799570
4	25.539238
4	22.832618
4	18.158884
4	18.390011
4	14.588689
4	23.813743
4	14.240051
4	15.133262
4	23.813084
4	17.975691
4	14.741099
4	21.730024
4	12.300278
4	36.740331
4	22.176801
4	13.836233
4	12.265187
4	15.840266
4	23.523801
4	17.718292
4	28.358394
4	20.410152
4	14.935367
4	10.083952
4	20.764495
4	20.060150
4	19.208654
4	30.671623
4	21.087866
4	26.546383
4	22.935929
4	22.428990
4	21.721519
4	21.281168
4	20.075472
4	56.000000
4	20.603774
4	44.914163
4	17.231401
4	15.943482
4	10.180587
4	26.292491
4	20.426396
4	19.909975
4	28.462428
4	23.503975
4	26.661171
4	15.394141
4	16.112281
4	24.797623
4	24.705882
4	15.772595
4	20.667773
4	20.225099
4	18.311534
4	25.288987
4	19.431791
4	17.302436
4	23.356584
4	26.142620
4	25.170877
4	20.770909
4	40.634254
4	20.314389
4	14.719778
4	38.769231
4	19.551811
4	21.105528
4	19.035064
4	24.822353
4	15.844064
4	22.837607
4	9.560614
4	23.207720
4	23.939709
4	27.405778
4	23.391425
4	20.091312
4	19.786242
4	6.812984
4	24.204094
4	24.948966
4	17.821429
4	20.139037
4	22.366864
4	20.808574
5	24.068906
5	27.987185
5	26.535804
5	24.587646
5	21.880559
5	20.677266
5	23.115326
5	16.915562
5	27.653575
5	13.902363
5	21.640523
5	26.201987
5	26.295570
5	17.311362
5	14.989973
5	8.761651
5	20.770241
5	21.793024
5	19.651354
5	20.054795
5	21.704698
5	35.801277
5	22.296978
5	26.742857
5	23.668170
5	18.098859
5	21.311983
5	16.748037
5	3.044236
5	13.760043
5	22.873181
5	17.349461
5	20.318052
5	17.872756
5	32.422339
5	12.163141
5	20.082361
5	14.713438
5	24.049809
5	21.469767
5	28.971963
5	20.006151
5	11.367911
5	22.229333
5	11.657850
5	19.316854
5	22.636380
5	12.662018
5	8.738344
5	13.963255
5	25.214165
5	24.883478
5	21.423853
5	23.075908
5	31.533409
5	22.726930
5	21.630241
5	18.901602
5	16.132417
5	22.446764
5	8.452048
5	15.716346
5	17.874794
5	13.052584
5	20.634656
5	27.118881
5	24.001478
5	21.337585
5	10.891576
5	14.522171
5	14.561507
5	7.822500
5	20.809339
5	23.447064
5	9.940168
5	24.298507
5	6.220293
5	20.190826
5	29.456209
5	28.976744
5	15.136900
5	14.557320
5	20.115373
5	11.047363
5	17.549296
5	23.356131
5	20.199529
5	16.527099
5	17.176797
5	20.211354
5	21.619707
5	22.074478
5	29.528825
5	19.018770
5	22.469136
5	20.145434
5	20.377224
5	20.791328
5	22.059406
5	16.274572
6	20.125818
6	19.061967
6	24.154272
6	16.521969
6	16.036769
6	14.225284
6	19.818996
6	20.753890
6	18.246517
6	12.278449
6	16.713282
6	16.055892
6	23.348785
6	27.428631
6	16.200094
6	25.829138
6	9.862367
6	16.761265
6	23.094017
6	23.256913
6	20.257511
6	14.635818
6	21.777778
6	26.168224
6	20.023417
6	9.262436
6	25.546611
6	20.611973
6	15.588994
6	21.139795
6	28.057689
6	9.123493
6	17.471850
6	16.970150
6	19.596183
6	17.906977
6	22.905677
6	13.130875
6	20.137285
6	10.596407
6	8.616367
6	11.183803
6	20.226866
6	6.782007
6	18.958434
6	20.855172
6	22.208704
6	18.923897
6	19.927624
6	11.817159
6	17.157337
6	18.826763
6	25.971534
6	19.525627
6	32.192818
6	26.305616
6	20.866521
6	24.635978
6	23.066461
6	20.886775
6	20.825501
6	9.717467
6	19.409040
6	21.691974
6	6.832630
6	17.420537
6	35.308122
6	10.941524
6	27.278610
6	19.989777
6	9.668917
6	17.016831
6	21.489347
6	16.913095
6	7.817073
6	24.063492
6	20.329939
6	24.679343
6	25.125999
6	16.901925
6	9.788958
6	21.084073
6	21.996115
6	22.900088
6	20.160875
6	29.389706
6	15.238592
6	23.116415
6	22.355658
6	7.536455
6	20.276208
6	10.860294
6	20.744722
6	20.038495
6	14.226712
6	27.964194
6	17.867122
6	14.369980
6	20.545587
6	17.644371
7	20.173827
7	18.497510
7	22.629224
7	20.451314
7	10.255718
7	13.890339
7	24.487310
7	26.015056
7	14.538719
7	15.979798
7	22.519725
7	25.046944
7	8.707651
7	18.825004
7	24.374821
7	18.962587
7	24.375162
7	16.764817
7	29.776119
7	19.321882
7	23.006652
7	20.220448
7	15.525780
7	23.780822
7	21.863014
7	13.102367
7	22.508738
7	24.958098
7	29.484099
7	15.146216
7	21.928421
7	19.064483
7	11.479173
7	23.201258
7	26.516036
7	21.405405
7	16.015398
7	13.963221
7	7.543493
7	11.905025
7	19.966532
7	20.546296
7	19.645350
7	16.961617
7	21.212419
7	11.416986
7	25.515328
7	17.629411
7	25.321101
7	14.406371
7	21.021645
7	6.491792
7	20.202847
7	25.560582
7	29.877902
7	20.247934
7	14.388190
7	17.222757
7	23.749294
7	27.237750
7	17.118427
7	15.231699
7	10.632687
7	31.224242
7	21.151268
7	18.972717
7	21.569061
7	17.838192
7	21.038192
7	20.764310
7	7.018309
7	17.530244
7	22.048417
7	58.240000
7	16.737206
7	25.440758
7	15.553022
7	34.489117
7	15.825918
7	19.084572
7	27.795545
7	23.017663
7	20.841493
7	22.031270
7	21.334735
7	15.826362
7	17.454734
7	20.281305
7	12.144666
7	30.072491
7	11.955518
7	22.811352
7	21.055605
7	20.511939
7	36.030559
7	13.576566
7	21.014433
7	16.627511
7	14.703084
7	33.098507
8	13.841313
8	13.682142
8	27.300691
8	19.361050
8	23.550312
8	14.837896
8	15.249097
8	24.697131
8	16.190588
8	24.631980
8	20.874119
8	17.127613
8	30.664576
8	17.604585
8	24.467310
8	19.151941
8	24.189261
8	20.978954
8	25.654975
8	13.666321
8	20.156989
8	13.031512
8	10.787726
8	26.715860
8	20.366921
8	15.606184
8	15.755713
8	21.164591
8	20.372250
8	26.355472
8	19.531682
8	18.236311
8	19.756033
8	20.354024
8	24.204113
8	13.075251
8	20.252360
8	25.635830
8	26.743941
8	23.636856
8	19.949342
8	15.777441
8	20.802223
8	27.118394
8	15.404111
8	33.000616
8	26.087248
8	21.701149
8	26.534359
8	21.225806
8	26.519862
8	13.076649
8	28.816557
8	24.779267
8	18.212986
8	22.051684
8	21.637997
8	21.604568
8	15.469793
8	17.736486
8	12.106084
8	17.365801
8	21.708104
8	13.662437
8	22.282362
8	11.985316
8	21.651817
8	13.660054
8	25.959690
8	13.303743
8	15.543529
8	26.257999
8	12.724359
8	22.450812
8	24.684211
8	17.978665
8	21.899769
8	21.230278
8	26.132883
8	21.446809
8	21.583789
8	18.271090
8	14.026255
8	23.952736
8	14.175635
8	9.017221
8	35.652646
8	11.699605
8	14.205779
8	13.079879
8	19.668082
8	31.279328
8	15.627736
8	13.934187
8	26.179904
8	12.926264
8	19.387919
8	20.987654
8	19.453384
8	22.422091
9	25.763710
9	17.246634
9	31.433321
9	20.466084
9	17.590361
9	23.007012
9	21.709545
9	24.150674
9	16.077977
9	9.537315
9	3.572897
9	27.573805
9	15.080768
9	20.020262
9	17.924806
9	19.580764
9	12.393959
9	18.923771
9	9.003134
9	22.561123
9	6.600805
9	18.291457
9	14.146742
9	16.524934
9	20.469813
9	13.424174
9	14.226430
9	24.060811
9	24.563952
9	20.787463
9	16.038186
9	16.158722
9	16.053600
9	12.990179
9	20.322006
9	19.762784
9	16.185410
9	21.680786
9	28.180645
9	21.593830
9	9.160063
9	22.340040
9	17.947068
9	25.911434
9	20.580442
9	15.605201
9	12.015522
9	14.870466
9	12.022119
9	21.370049
9	26.149300
9	23.078137
9	24.856198
9	24.450256
9	20.300885
9	15.540706
9	19.738167
9	19.578401
9	29.072559
9	15.382476
9	23.799337
9	12.656048
9	18.205543
9	16.666487
9	17.154840
9	12.274710
9	11.597265
9	15.191435
9	21.306753
9	23.551020
9	12.203277
9	21.024735
9	23.482765
9	19.314232
9	23.588913
9	16.387043
9	9.540605
9	9.858021
9	29.178947
9	18.775351
9	15.406973
9	24.787573
9	4.467582
9	41.977894
9	19.692341
9	20.413469
9	20.768932
9	26.119202
9	15.596946
9	5.141520
9	23.908967
9	24.812419
9	20.180288
9	13.002293
9	13.276142
9	19.880768
9	19.269506
9	13.386226
9	11.758598
9	25.151168
10	19.210046
10	7.673622
10	9.614349
10	18.459878
10	11.963607
10	19.377163
10	16.453488
10	6.628734
10	22.018491
10	18.130558
10	25.240046
10	11.053357
10	31.512580
10	25.186211
10	11.058894
10	25.589744
10	21.785311
10	11.876803
10	20.406881
10	22.666537
10	27.086410
10	30.135170
10	20.767533
10	16.707182
10	20.118465
10	17.720780
10	22.413709
10	16.276295
10	16.765637
10	21.246415
10	31.818726
10	19.781478
10	23.883803
10	22.058792
10	23.178732
10	25.592506
10	25.348595
10	17.209423
10	15.099232
10	16.789374
10	24.613109
10	20.006725
10	12.354600
10	16.737492
10	21.136899
10	20.496732
10	16.689269
10	26.369710
10	26.634502
10	17.004301
10	21.928893
10	11.501888
10	21.066646
10	7.828692
10	19.893400
10	21.052163
10	27.777153
10	26.016909
10	18.367440
10	18.929023
10	14.950344
10	28.645051
10	17.404126
10	20.946335
10	26.176116
10	9.977986
10	19.740784
10	27.144684
10	14.072962
10	21.600348
10	19.835417
10	21.158795
10	18.606472
10	24.393100
10	6.732796
10	13.738960
10	22.502618
10	35.939177
10	23.013699
10	20.527216
10	16.378267
10	12.810283
10	13.349934
10	13.156000
10	27.804671
10	6.265353
10	25.563848
10	17.992218
10	7.338330
10	26.539309
10	17.753740
10	27.341869
10	13.020388
10	24.489426
10	17.973126
10	22.434101
10	20.160101
10	16.695411
10	27.426920
10	24.482471
11	12.553762
11	18.209362
11	11.045743
11	12.947126
11	23.450361
11	12.452632
11	22.877442
11	23.530769
11	12.890518
11	11.177036
11	10.244935
11	22.804124
11	23.272528
11	15.098648
11	17.966572
11	20.979902
11	12.349727
11	15.080719
11	10.383874
11	19.545561
11	10.364823
11	23.266476
11	22.453216
11	14.702115
11	11.855542
11	5.178495
11	19.541902
11	34.143460
11	15.414236
11	21.198057
11	24.100311
11	16.908133
11	12.761854
11	21.653889
11	8.181752
11	12.067068
11	25.033501
11	18.758962
11	18.929421
11	10.562479
11	8.697312
11	4.806229
11	12.701665
11	14.545290
11	16.747777
11	18.974014
11	17.286140
11	28.688275
11	23.138904
11	15.829190
11	16.789852
11	24.344086
11	16.747207
11	12.176752
11	15.308642
11	14.017639
11	13.109350
11	20.736894
11	19.811896
11	23.884844
11	14.626796
11	23.796269
11	15.576444
11	24.808290
11	18.715405
11	24.278250
11	25.398136
11	19.566219
11	13.985907
11	6.484817
11	21.513109
11	16.693928
11	18.090744
11	30.832632
11	21.484689
11	23.483240
11	21.653645
11	18.096344
11	13.706103
11	10.791575
11	19.994818
11	16.115108
11	11.591729
11	20.669475
11	13.872064
11	17.617647
11	15.873253
11	18.219858
11	21.054213
11	5.375795
11	12.021659
11	21.764343
11	31.185664
11	17.109887
11	29.083692
11	11.181806
11	16.381822
11	22.103022
11	20.226019
11	16.405347
12	31.539503
12	20.987338
12	17.452874
12	12.735597
12	19.101415
12	12.542952
12	20.906440
12	16.172124
12	25.080468
12	8.093451
12	11.234434
12	20.168686
12	20.158757
12	17.520124
12	12.510387
12	18.367320
12	15.177150
12	20.014815
12	21.498509
12	21.630564
12	24.864617
12	20.649926
12	22.914873
12	19.136057
12	22.689493
12	15.585817
12	11.919888
12	21.795761
12	28.223945
12	15.084973
12	16.737183
12	12.673797
12	20.472796
12	11.510712
12	8.055540
12	23.734389
12	21.700387
12	13.705894
12	20.317551
12	20.576120
12	13.890842
12	17.500763
12	11.070650
12	22.875152
12	22.724555
12	15.920555
12	18.025865
12	22.148340
12	39.227144
12	18.827059
12	19.460012
12	21.846500
12	16.996229
12	30.322123
12	33.536723
12	22.940397
12	10.482781
12	19.273114
12	12.288994
12	20.195431
12	24.713022
12	24.084055
12	7.884811
12	14.178871
12	24.658629
12	20.197753
12	13.068489
12	14.703810
12	11.781812
12	15.543453
12	14.260764
12	14.691664
12	28.005616
12	14.769231
12	31.491137
12	21.002256
12	29.715994
12	29.341235
12	14.755907
12	9.103858
12	16.822825
12	20.465312
12	16.764152
12	18.110801
12	30.978723
12	21.439127
12	24.672566
12	23.313947
12	11.921058
12	20.448039
12	18.665432
12	13.185542
12	18.623594
12	36.515537
12	21.458448
12	22.788908
12	14.581786
12	25.929005
12	20.099531
12	24.345333
13	18.627155
13	18.058679
13	21.934163
13	16.311667
13	14.155478
13	29.837154
13	17.724033
13	12.520367
13	24.503850
13	19.004432
13	23.314026
13	14.994832
13	21.556900
13	15.891221
13	20.043618
13	12.955003
13	15.547239
13	16.433518
13	28.108294
13	13.761481
13	13.498818
13	11.693125
13	7.812876
13	15.843293
13	27.098927
13	24.094244
13	20.535740
13	17.980439
13	17.747757
13	12.356534
13	18.713716
13	19.107945
13	36.573405
13	15.854689
13	21.356070
13	15.418151
13	24.800428
13	17.932460
13	23.280434
13	26.078897
13	13.592777
13	16.028105
13	11.311073
13	21.360909
13	22.427989
13	17.757353
13	22.743380
13	19.309599
13	12.136570
13	17.197097
13	10.714247
13	8.379098
13	12.076713
13	15.669693
13	14.750492
13	6.986028
13	21.088608
13	11.561045
13	25.422035
13	28.820084
13	24.562707
13	17.914779
13	31.913895
13	14.223169
13	20.479659
13	17.399659
13	21.644325
13	17.605351
13	29.385505
13	30.413391
13	13.148812
13	18.445343
13	17.151875
13	14.040425
13	9.205479
13	11.424172
13	13.300765
13	18.694158
13	10.412573
13	15.249881
13	17.979811
13	9.183152
13	17.941902
13	20.854906
13	19.158945
13	21.025641
13	18.002865
13	24.061881
13	21.240129
13	21.904292
13	17.659091
13	14.837054
13	15.437963
13	17.602465
13	18.592734
13	20.782462
13	16.288274
13	23.560814
13	24.383811
13	10.604369
14	16.986367
14	21.964081
14	11.290401
14	20.989840
14	12.405839
14	24.486220
14	16.535853
14	18.483242
14	28.849006
14	15.779661
14	11.408664
14	22.439955
14	8.743596
14	23.355936
14	12.106871
14	13.736409
14	12.457790
14	15.239653
14	15.020416
14	12.816804
14	12.212900
14	21.435897
14	29.489153
14	13.317818
14	9.877868
14	20.919774
14	14.714317
14	22.295630
14	22.420198
14	10.316984
14	16.720810
14	11.460214
14	14.101436
14	26.408516
14	19.631650
14	14.113247
14	17.146472
14	13.584314
14	22.200485
14	22.678439
14	20.330749
14	20.738106
14	36.981132
14	16.033482
14	15.496047
14	21.379791
14	16.713136
14	14.025831
14	28.682927
14	12.510455
14	16.504920
14	14.379023
14	15.111477
14	18.211636
14	22.001018
14	41.728085
14	13.697842
14	23.551065
14	16.890756
14	15.106354
14	20.360942
14	17.382116
14	9.816092
14	29.789243
14	15.487865
14	15.658741
14	11.535794
14	21.662879
14	20.906586
14	18.580090
14	15.224844
14	18.431208
14	12.656497
14	13.833592
14	23.024701
14	25.557181
14	17.852137
14	27.598566
14	18.073258
14	24.340528
14	15.735197
14	22.389869
14	26.968775
14	15.660672
14	18.901836
14	16.968693
14	19.992343
14	19.868709
14	15.367913
14	18.582212
14	20.156360
14	13.192475
14	16.764732
14	23.346939
14	18.191287
14	21.040973
14	25.603531
14	16.492247
14	15.239168
14	17.034467
15	28.055588
15	21.300782
15	13.703352
15	20.561358
15	12.314619
15	23.651877
15	15.261565
15	30.044625
15	23.589499
15	14.036260
15	20.592617
15	17.833437
15	13.453646
15	14.315672
15	16.170660
15	20.469697
15	12.923210
15	15.778810
15	23.554799
15	20.311842
15	21.892604
15	21.905544
15	19.971611
15	17.106772
15	18.422750
15	20.545240
15	22.018723
15	17.914639
15	16.932319
15	11.269286
15	16.280592
15	10.382714
15	27.869590
15	17.777339
15	14.313955
15	20.604580
15	13.516910
15	17.618966
15	5.291086
15	17.623918
15	24.044135
15	11.098485
15	15.419174
15	21.141778
15	19.713296
15	10.298392
15	16.859887
15	14.442614
15	15.363007
15	19.774697
15	19.189968
15	28.493151
15	20.738427
15	21.300749
15	14.541912
15	18.967212
15	17.058046
15	14.645582
15	16.993616
15	22.684822
15	15.322961
15	21.527679
15	20.338406
15	16.556017
15	26.711844
15	28.697577
15	15.633139
15	7.764464
15	6.886447
15	22.064298
15	12.348415
15	26.431095
15	19.479874
15	22.129032
15	9.661639
15	23.244975
15	20.324288
15	19.617588
15	12.578368
15	15.321094
15	16.724172
15	43.651917
15	20.942928
15	14.292269
15	20.387070
15	27.216129
15	13.805484
15	12.027704
15	17.905244
15	20.016142
15	15.512168
15	15.109290
15	22.974185
15	11.104253
15	13.831504
15	18.894923
15	37.144304
15	22.164515
15	17.984615
15	13.357752
16	21.766615
16	13.762638
16	26.896978
16	22.146382
16	15.348310
16	26.370370
16	21.034895
16	16.193736
16	20.364018
16	17.071990
16	21.747459
16	15.523668
16	15.020308
16	20.147241
16	19.584386
16	12.253560
16	20.230465
16	12.099567
16	16.751411
16	21.385766
16	10.320872
16	13.422422
16	14.822153
16	10.164226
16	9.695804
16	31.823767
16	22.907163
16	10.327281
16	19.765000
16	16.193496
16	9.355331
16	6.321393
16	18.650177
16	29.188900
16	17.269435
16	17.670662
16	17.136446
16	15.617300
16	23.500303
16	13.906667
16	20.562856
16	16.672549
16	17.116966
16	31.562864
16	31.830262
16	18.549726
16	22.039141
16	7.044938
16	22.903371
16	21.829803
16	13.646688
16	20.472586
16	18.574221
16	33.503090
16	19.052155
16	21.326967
16	19.209839
16	26.280530
16	21.363388
16	26.576155
16	13.824607
16	23.297818
16	19.113844
16	21.617647
16	13.038119
16	23.767957
16	17.638792
16	14.358974
16	30.287220
16	22.203147
16	21.311566
16	15.313289
16	8.145807
16	14.057539
16	14.458105
16	17.635879
16	19.024594
16	24.005337
16	15.118652
16	11.759302
16	10.958466
16	7.078003
16	13.634631
16	20.523560
16	16.590793
16	18.539690
16	16.540586
16	18.034265
16	18.875847
16	20.685591
16	14.192913
16	15.483472
16	18.494422
16	18.469391
16	15.038812
16	25.315729
16	22.979407
16	22.751964
16	21.435994
16	17.711969
17	25.077011
17	22.113677
17	15.816735
17	30.798919
17	13.111379
17	20.619958
17	20.302149
17	25.763586
17	17.223562
17	21.020293
17	16.433611
17	19.706626
17	26.591460
17	25.761619
17	22.463107
17	14.078116
17	24.567694
17	21.648610
17	20.349890
17	12.279755
17	13.253062
17	27.090084
17	12.104189
17	21.949749
17	23.107173
17	12.342824
17	16.329142
17	22.814487
17	19.929780
17	14.069371
17	24.931914
17	13.441056
17	25.184232
17	17.886251
17	14.923924
17	27.841153
17	11.784763
17	18.232715
17	17.257805
17	17.784216
17	15.308100
17	14.856831
17	16.981477
17	21.583455
17	16.029380
17	15.578794
17	22.388028
17	12.183102
17	21.570191
17	12.446905
17	25.693770
17	22.378378
17	18.531455
17	25.848197
17	14.341863
17	16.807880
17	13.557108
17	24.162664
17	13.990217
17	20.158961
17	21.320993
17	17.870588
17	21.534456
17	16.654847
17	13.127340
17	12.598373
17	11.686802
17	22.299189
17	16.499612
17	18.829324
17	12.498444
17	12.299465
17	24.786065
17	13.054508
17	20.099585
17	11.752334
17	28.767701
17	23.040636
17	17.712555
17	24.529998
17	13.810405
17	8.439012
17	14.145651
17	19.924382
17	19.077888
17	9.778729
17	18.618663
17	17.957633
17	13.931595
17	7.164269
17	34.963806
17	7.737257
17	22.039356
17	7.973199
17	24.525410
17	12.491593
17	16.978678
17	33.868763
17	17.752010
17	14.594948
18	26.106890
18	32.607876
18	15.080956
18	14.371142
18	17.527559
18	20.937844
18	15.638684
18	22.709088
18	23.094617
18	16.700982
18	12.447491
18	19.874939
18	15.456727
18	22.978665
18	24.302624
18	20.127620
18	24.203871
18	40.903170
18	20.106158
18	29.209984
18	11.084044
18	32.580165
18	7.770419
18	14.499502
18	14.227733
18	29.093535
18	14.110974
18	18.264932
18	29.275691
18	13.728485
18	19.087839
18	31.005067
18	24.461017
18	16.481928
18	17.114452
18	30.745325
18	15.291227
18	11.801429
18	16.003623
18	14.308836
18	11.828504
18	21.853380
18	16.279818
18	16.021453
18	17.510380
18	8.878656
18	15.788991
18	19.065540
18	34.978029
18	12.245243
18	13.559796
18	7.218635
18	14.008825
18	11.364555
18	28.220589
18	16.064205
18	7.659629
18	22.614252
18	19.226267
18	19.718759
18	10.435593
18	24.767463
18	15.968243
18	14.381313
18	15.533070
18	36.982236
18	14.813139
18	30.924512
18	25.130971
18	16.924536
18	18.612544
18	14.748794
18	15.229112
18	7.100722
18	14.612981
18	11.985330
18	13.564412
18	15.640420
18	14.597671
18	10.908590
18	10.803859
18	9.675067
18	16.164022
18	25.602210
18	23.052033
18	20.658294
18	23.826969
18	16.785340
18	18.302636
18	30.103917
18	16.608898
18	16.579209
18	11.907238
18	16.310940
18	17.639628
18	15.433364
18	15.354083
18	14.160167
18	16.449541
18	28.138200
19	18.526580
19	14.950080
19	14.587899
19	25.004212
19	19.853301
19	22.930244
19	14.917323
19	22.453497
19	15.380198
19	9.319458
19	18.619902
19	11.594702
19	13.716921
19	21.541410
19	21.543784
19	17.123012
19	22.832570
19	30.345705
19	17.587986
19	18.618886
19	14.340974
19	15.671088
19	28.230901
19	14.058285
19	20.239210
19	14.639671
19	15.646672
19	12.570812
19	16.342732
19	21.348456
19	30.367010
19	33.015752
19	18.260554
19	23.679282
19	11.771211
19	21.847591
19	27.440780
19	11.601924
19	15.661509
19	12.324171
19	15.411789
19	16.995429
19	17.972040
19	19.296543
19	19.104135
19	17.197413
19	13.906698
19	16.492901
19	16.872862
19	8.434783
19	17.921648
19	15.782524
19	19.894061
19	11.374468
19	12.773406
19	26.846783
19	30.222222
19	16.795538
19	11.674539
19	17.901191
19	30.898824
19	32.514068
19	8.068517
19	18.861144
19	15.692167
19	23.229706
19	33.455005
19	20.215517
19	14.892747
19	22.111588
19	9.034812
19	18.838794
19	10.222930
19	17.638106
19	6.595879
19	19.369708
19	18.071429
19	26.230502
19	32.789171
19	16.471262
19	20.548053
19	20.009806
19	17.942350
19	6.909719
19	15.786980
19	15.979581
19	25.381949
19	15.886985
19	21.270056
19	23.923747
19	15.949127
19	26.245868
19	21.301558
19	12.748886
19	18.166214
19	19.057995
19	14.856272
19	9.523055
19	18.976166
19	21.652304
20	11.712942
20	27.930002
20	14.194444
20	22.529776
20	11.670853
20	18.601904
20	22.497564
20	23.746871
20	16.644923
20	12.042200
20	24.032058
20	18.417052
20	11.404522
20	20.296683
20	23.299270
20	18.625772
20	6.209007
20	19.991201
20	12.960864
20	16.778523
20	12.052587
20	16.857751
20	25.855856
20	22.059490
20	12.128824
20	12.177877
20	10.905170
20	21.644858
20	21.706721
20	10.739344
20	13.246415
20	20.619777
20	16.800968
20	17.753976
20	7.000000
20	12.839885
20	11.998436
20	16.210259
20	16.660871
20	19.957646
20	22.938215
20	53.852635
20	22.890251
20	23.309179
20	15.126922
20	16.905312
20	30.168741
20	24.526316
20	21.406728
20	20.869996
20	17.959274
20	12.998347
20	23.944260
20	22.763590
20	15.308860
20	17.285251
20	21.496405
20	17.475289
20	14.807597
20	17.469957
20	9.659864
20	22.316390
20	18.487124
20	17.842420
20	22.127951
20	17.932036
20	21.983959
20	21.541234
20	20.788775
20	17.693972
20	23.593571
20	18.016791
20	18.611496
20	19.734485
20	16.482308
20	23.730860
20	18.995726
20	29.000760
20	23.998240
20	20.028956
20	12.291299
20	18.561979
20	15.279174
20	20.847525
20	15.062193
20	16.112851
20	36.208282
20	16.843267
20	18.723734
20	14.267626
20	18.762406
20	32.347298
20	20.864478
20	10.804598
20	15.843794
20	24.461295
20	12.091622
20	25.866845
20	21.584914
20	20.854121
21	13.255696
21	18.483816
21	36.438707
21	20.757489
21	24.887792
21	29.712882
21	29.757999
21	16.612296
21	18.007781
21	19.986065
21	16.423790
21	14.472504
21	24.477096
21	15.958424
21	28.791853
21	15.389608
21	11.556843
21	19.089705
21	22.106329
21	13.777606
21	21.191098
21	17.381811
21	18.483427
21	16.132429
21	16.679874
21	26.038130
21	22.392465
21	18.182435
21	22.536628
21	9.904561
21	11.769558
21	23.936120
21	12.895268
21	22.481752
21	15.689052
21	19.432210
21	13.498507
21	22.688569
21	18.545963
21	17.440901
21	16.194834
21	14.101189
21	17.482347
21	23.590755
21	14.077773
21	15.363011
21	17.144572
21	10.974790
21	11.795452
21	16.978417
21	33.504655
21	16.906073
21	17.415441
21	17.154150
21	18.707303
21	10.423150
21	9.257943
21	18.941394
21	22.173588
21	22.883721
21	17.336901
21	20.699583
21	26.535108
21	19.470292
21	19.831090
21	21.820459
21	13.426180
21	19.020567
21	17.965870
21	15.554792
21	26.110392
21	14.499298
21	19.744608
21	25.858183
21	12.962963
21	25.891049
21	15.340611
21	13.961804
21	23.621751
21	31.339251
21	12.077376
21	26.584548
21	23.419326
21	25.958865
21	19.764081
21	26.438788
21	9.906982
21	26.785024
21	17.597354
21	21.374828
21	28.715789
21	17.949949
21	19.061689
21	18.063632
21	19.158165
21	10.855019
21	27.426485
21	19.276135
21	23.711515
21	13.310215
22	13.419611
22	11.267424
22	11.504725
22	27.851240
22	20.892340
22	17.159567
22	8.887078
22	23.384363
22	17.424296
22	9.218182
22	17.828594
22	25.810181
22	25.970580
22	24.828085
22	12.025622
22	17.808087
22	18.483009
22	11.640535
22	25.142143
22	23.370117
22	17.995759
22	8.933807
22	22.629463
22	10.255160
22	18.591906
22	29.145242
22	16.870621
22	15.975678
22	19.798776
22	20.493908
22	21.575890
22	18.901546
22	9.726986
22	20.661509
22	11.138430
22	17.793854
22	24.662921
22	9.329032
22	21.929816
22	24.550446
22	14.434903
22	19.763262
22	13.220986
22	13.045085
22	21.686776
22	19.660663
22	22.334385
22	18.774595
22	31.708879
22	21.217327
22	23.261667
22	16.349101
22	20.890677
22	21.426962
22	20.554017
22	28.315859
22	18.038398
22	24.079582
22	18.151146
22	14.905786
22	18.448317
22	20.999391
22	17.812848
22	20.348144
22	20.016194
22	11.949139
22	21.118891
22	15.808802
22	28.178824
22	21.935692
22	34.206664
22	44.664200
22	18.043568
22	11.508531
22	17.821753
22	24.195667
22	19.747568
22	17.857177
22	23.529703
22	14.827653
22	25.031892
22	23.812797
22	14.696278
22	22.176296
22	21.236462
22	15.994427
22	20.540100
22	25.606462
22	19.929849
22	29.548444
22	19.203300
22	17.081144
22	23.617217
22	14.018515
22	33.228853
22	17.676918
22	11.886792
22	14.702696
22	10.826295
22	19.320190
23	20.118946
23	19.442925
23	30.298390
23	17.561851
23	14.765406
23	23.594579
23	20.442672
23	11.182913
23	16.081416
23	17.991909
23	21.141448
23	11.488393
23	24.375386
23	15.884090
23	14.999191
23	18.268641
23	18.667316
23	17.274502
23	19.026984
23	17.118061
23	16.728051
23	18.354603
23	16.845288
23	14.193025
23	10.182859
23	19.522978
23	26.837158
23	16.074516
23	11.397523
23	16.608504
23	23.094592
23	13.312539
23	7.249683
23	9.506997
23	12.371295
23	21.050619
23	16.528305
23	17.376202
23	13.550729
23	22.082556
23	9.825656
23	19.782751
23	13.224061
23	14.815166
23	15.731844
23	27.086434
23	25.625346
23	22.881083
23	22.873715
23	17.333459
23	17.185787
23	14.272572
23	13.935623
23	16.549736
23	13.290625
23	21.397415
23	15.590075
23	23.596841
23	16.131724
23	17.163704
23	18.757079
23	20.435982
23	10.114857
23	19.704571
23	21.762582
23	16.598586
23	30.113907
23	14.108775
23	28.278992
23	20.282083
23	22.386360
23	14.930663
23	4.410576
23	27.408861
23	14.471105
23	21.286188
23	18.386874
23	23.833544
23	9.688731
23	14.430590
23	15.871957
23	13.246266
23	14.366211
23	13.719848
23	17.169554
23	28.231561
23	28.326518
23	26.673401
23	24.428639
23	13.257070
23	23.343460
23	11.962499
23	18.167939
23	11.860020
23	26.468557
23	29.179816
23	17.709994
23	22.478441
23	13.685035
23	28.954107
24	22.131163
24	20.164166
24	13.535373
24	14.237288
24	27.982790
24	27.396658
24	17.048327
24	32.858943
24	20.506329
24	22.272388
24	22.975160
24	40.426620
24	24.086135
24	18.509918
24	25.424385
24	15.173889
24	13.419039
24	8.114870
24	19.134513
24	41.080008
24	22.221620
24	22.794505
24	21.933616
24	22.368527
24	19.967008
24	22.503987
24	23.571633
24	7.267907
24	22.352683
24	22.243209
24	15.509855
24	12.638217
24	10.945023
24	8.910390
24	22.023447
24	14.285898
24	17.670246
24	17.348498
24	10.774277
24	13.080306
24	20.483914
24	28.583450
24	22.533199
24	17.277465
24	18.988463
24	17.855072
24	14.303732
24	26.557338
24	13.590392
24	28.160981
24	6.960706
24	17.742014
24	20.488709
24	21.483039
24	16.589665
24	15.766937
24	17.615853
24	16.465085
24	15.756237
24	17.216943
24	25.091409
24	13.616301
24	12.224713
24	19.894597
24	18.582175
24	16.684960
24	19.407609
24	12.667331
24	18.687090
24	18.908387
24	27.335526
24	27.746546
24	17.298542
24	12.114494
24	23.779677
24	20.919757
24	14.472574
24	20.950105
24	17.137714
24	28.390033
24	17.748259
24	23.095238
24	24.871562
24	19.175365
24	18.481221
24	14.015345
24	23.100284
24	34.025203
24	16.165460
24	21.583290
24	9.833584
24	17.816587
24	8.252219
24	21.910095
24	29.332024
24	14.178218
24	16.147463
24	28.658157
24	16.337896
24	22.664019
25	22.607075
25	13.668554
25	17.621900
25	21.967597
25	19.019231
25	14.685523
25	22.385714
25	17.101370
25	20.824226
25	15.402695
25	23.988141
25	23.503846
25	19.446640
25	24.711001
25	18.840220
25	8.469294
25	12.577023
25	19.565048
25	7.923296
25	19.234797
25	23.150115
25	25.657683
25	21.463812
25	23.539647
25	20.727340
25	17.807147
25	34.259731
25	18.747111
25	15.509088
25	9.661579
25	18.842043
25	11.104481
25	17.319864
25	18.999361
25	19.828120
25	9.521294
25	25.500171
25	15.988910
25	21.859303
25	19.953565
25	28.162176
25	16.365392
25	18.952732
25	16.367494
25	11.332529
25	18.173282
25	20.796512
25	31.127166
25	21.138346
25	21.577370
25	18.380790
25	23.861607
25	23.625417
25	34.800493
25	22.761332
25	24.548144
25	18.133732
25	18.426618
25	20.767534
25	16.617014
25	15.386983
25	22.201410
25	28.975443
25	17.300966
25	8.683761
25	18.859947
25	42.322203
25	21.798321
25	22.210869
25	28.081136
25	15.700447
25	11.878400
25	12.140443
25	25.144427
25	11.894683
25	21.236078
25	19.173757
25	13.941755
25	12.951317
25	19.970347
25	16.307780
25	19.936895
25	15.552531
25	19.126855
25	25.890378
25	17.415613
25	20.927985
25	25.769231
25	22.643607
25	12.571310
25	26.626794
25	18.892246
25	18.015943
25	13.036555
25	15.486438
25	25.374276
25	13.166409
25	17.004959
25	25.641263
25	38.244051
26	18.873500
26	9.263796
26	23.532533
26	23.083209
26	16.232241
26	13.432365
26	15.230519
26	15.203048
26	15.672299
26	12.559232
26	15.987958
26	15.399725
26	14.110283
26	27.598854
26	16.766592
26	13.211488
26	17.224772
26	23.265174
26	20.264317
26	23.703791
26	8.983395
26	28.492197
26	14.974469
26	13.633503
26	7.265583
26	19.004704
26	18.034076
26	39.650399
26	10.727433
26	23.298838
26	9.404175
26	14.797581
26	18.586224
26	17.515639
26	19.940187
26	22.012023
26	20.645263
26	18.779194
26	20.887495
26	12.795979
26	18.428349
26	32.999688
26	12.425063
26	10.824810
26	18.667515
26	20.215907
26	20.575034
26	17.200477
26	14.985191
26	14.160312
26	31.692481
26	21.002728
26	20.731322
26	17.444679
26	21.045075
26	22.236220
26	20.222797
26	33.758242
26	16.032597
26	29.668144
26	32.821038
26	15.005480
26	16.100144
26	18.697649
26	20.024398
26	12.308097
26	16.190150
26	19.340631
26	5.628762
26	23.034694
26	19.777748
26	27.698958
26	27.593995
26	18.771384
26	18.182591
26	15.583908
26	20.368208
26	14.876094
26	20.996426
26	14.098446
26	21.898842
26	21.732541
26	19.941660
26	20.015953
26	16.029029
26	24.705298
26	22.968097
26	19.260898
26	15.184847
26	18.533231
26	29.875343
26	16.668765
26	25.608186
26	16.168879
26	21.999509
26	20.822036
26	10.645191
26	11.501804
26	17.928948
26	10.876024
27	17.533182
27	16.783276
27	11.173167
27	15.197139
27	13.774803
27	18.745285
27	14.576749
27	24.151943
27	19.603365
27	10.974585
27	10.101827
27	26.986180
27	18.480057
27	10.569097
27	19.193958
27	26.179451
27	9.039588
27	23.600225
27	23.558595
27	25.916669
27	19.693944
27	20.020832
27	27.853687
27	25.762850
27	15.327251
27	10.089506
27	16.743574
27	14.040486
27	7.049673
27	12.642992
27	23.374102
27	13.930131
27	23.876923
27	9.396285
27	28.398169
27	11.421521
27	9.220220
27	21.256490
27	22.284375
27	12.595817
27	15.028608
27	16.964654
27	21.367210
27	5.039025
27	16.049445
27	13.179218
27	23.461229
27	15.729613
27	14.307980
27	16.844237
27	18.349729
27	10.353813
27	21.292391
27	23.383836
27	23.333333
27	14.983839
27	13.151728
27	17.132627
27	15.494618
27	15.700481
27	27.968673
27	21.778351
27	10.735602
27	15.983593
27	19.102334
27	13.075409
27	12.895318
27	24.113879
27	21.287066
27	9.559400
27	21.787840
27	11.963566
27	22.138061
27	29.831491
27	14.816135
27	11.106874
27	12.186743
27	9.338892
27	16.100835
27	32.189430
27	21.462644
27	12.162992
27	13.428158
27	23.712986
27	19.665430
27	28.579842
27	19.267984
27	7.236923
27	19.396675
27	30.004106
27	27.335837
27	14.679878
27	11.721249
27	23.173552
27	30.157010
27	28.309196
27	16.805262
27	30.271729
27	26.536313
27	13.348674
28	16.161074
28	20.873828
28	16.724089
28	16.487907
28	21.782238
28	9.222476
28	17.953112
28	15.991352
28	22.952578
28	20.836084
28	14.080232
28	22.528075
28	14.813317
28	18.395200
28	16.567636
28	6.599498
28	8.740595
28	18.461121
28	22.027142
28	18.947991
28	22.233920
28	14.009552
28	16.795118
28	17.427777
28	14.680722
28	25.548221
28	15.064588
28	20.270253
28	27.616110
28	15.887099
28	16.578298
28	27.003236
28	15.587519
28	22.155282
28	13.831615
28	18.411818
28	20.388263
28	22.312858
28	13.709574
28	17.898276
28	18.830307
28	18.090498
28	21.632530
28	14.730483
28	12.312189
28	25.331948
28	20.487079
28	10.855711
28	26.721736
28	15.565217
28	17.098505
28	23.196675
28	13.897373
28	12.971075
28	27.531957
28	18.499038
28	19.981892
28	34.812834
28	15.149622
28	12.131458
28	17.009437
28	16.929868
28	15.136584
28	8.643450
28	13.815348
28	17.300902
28	24.353076
28	12.715217
28	21.651485
28	25.656225
28	20.647215
28	17.269716
28	14.638724
28	20.279232
28	30.300000
28	14.870900
28	23.540515
28	15.533826
28	20.755048
28	9.634861
28	12.636238
28	20.878713
28	28.398577
28	14.567655
28	21.036162
28	13.936174
28	24.608022
28	19.710182
28	15.579096
28	19.775774
28	17.396146
28	18.974599
28	14.084848
28	15.250801
28	11.157495
28	19.220820
28	19.285217
28	14.574679
28	26.477412
28	20.155167
29	18.414267
29	23.709004
29	15.464857
29	18.447461
29	11.364374
29	17.593569
29	16.876986
29	24.397938
29	17.759189
29	19.195108
29	15.946961
29	20.874083
29	21.082482
29	18.830918
29	11.521616
29	16.388801
29	16.079900
29	23.708043
29	22.882071
29	19.822289
29	8.914070
29	24.675665
29	11.200435
29	14.495140
29	17.517513
29	15.170933
29	13.016790
29	16.036981
29	18.981526
29	18.770212
29	32.973553
29	9.735472
29	28.909821
29	19.663774
29	18.482812
29	17.582966
29	14.819846
29	13.620938
29	13.098031
29	27.656784
29	31.119363
29	17.773573
29	18.817336
29	20.600501
29	18.732939
29	13.569099
29	19.699134
29	23.497853
29	15.208159
29	12.508239
29	19.666951
29	44.425174
29	27.170843
29	19.659010
29	20.704225
29	12.163946
29	15.120353
29	21.440476
29	18.109599
29	15.532460
29	20.967136
29	18.368273
29	6.042080
29	17.791682
29	9.823184
29	29.177661
29	20.870266
29	12.416430
29	20.525693
29	18.938628
29	17.467644
29	20.243656
29	17.543860
29	11.884529
29	21.876726
29	16.168407
29	15.202156
29	18.882818
29	23.518447
29	16.650694
29	8.147885
29	18.044711
29	14.536091
29	26.257936
29	17.547001
29	9.871393
29	13.157869
29	15.868931
29	20.498627
29	19.870076
29	22.531350
29	17.853544
29	26.299858
29	19.432116
29	8.780442
29	19.702506
29	8.451340
29	12.145811
29	14.326250
29	21.988026
30	14.506150
30	21.454813
30	16.868054
30	20.317802
30	19.628350
30	15.065258
30	15.136783
30	18.385657
30	24.924947
30	20.035686
30	18.199877
30	18.340805
30	13.323374
30	10.598291
30	25.356560
30	10.077904
30	18.363465
30	24.307974
30	13.642356
30	30.388430
30	23.134826
30	22.610371
30	13.493976
30	18.986208
30	9.599156
30	38.796910
30	20.531002
30	20.425935
30	29.619409
30	11.835268
30	22.792503
30	15.169410
30	17.729107
30	24.746806
30	17.018587
30	13.919096
30	18.222311
30	24.058231
30	11.717342
30	29.279808
30	27.139847
30	17.691440
30	20.117018
30	16.213749
30	17.729230
30	28.265633
30	21.562199
30	24.232491
30	12.925060
30	18.674408
30	16.547145
30	17.366864
30	17.141010
30	13.402029
30	20.727110
30	14.416105
30	14.858491
30	16.413913
30	11.013035
30	21.073860
30	17.991266
30	19.877934
30	23.909005
30	19.557552
30	23.103225
30	22.167936
30	8.394004
30	18.705711
30	22.474916
30	22.610404
30	15.464479
30	18.779009
30	14.211803
30	21.679560
30	20.159481
30	13.895968
30	30.851727
30	20.211479
30	23.168444
30	13.484051
30	15.711674
30	18.214404
30	24.013793
30	22.550602
30	12.557535
30	19.029521
30	27.834826
30	24.887392
30	12.011379
30	15.520677
30	16.323648
30	17.465467
30	13.664544
30	22.253471
30	21.137950
30	25.594997
30	15.377145
30	17.273046
30	29.891368
30	31.523731
