1	21.558785
1	20.118343
1	19.295154
1	19.583333
1	20.238871
1	21.250000
1	21.492537
1	24.737945
1	20.193833
1	19.545998
1	19.742173
1	20.358209
1	48.000000
1	20.339943
1	22.056075
1	22.745098
1	20.340909
1	19.357208
1	20.253165
1	19.466930
1	19.432892
1	20.652819
1	32.169312
1	23.085106
1	22.085890
1	19.413834
1	19.881657
1	19.604743
1	19.740260
1	22.302302
1	19.909666
1	25.948718
1	20.230326
1	20.079051
1	24.290909
1	21.292639
1	0.000000
1	22.857143
1	21.289507
1	22.400000
1	22.815534
1	19.538616
1	22.698073
1	45.714286
1	0.000000
1	24.267161
1	22.424242
1	19.793814
1	20.246914
1	23.715670
1	0.000000
1	24.878049
1	19.786477
1	22.150883
1	20.571429
1	30.608696
1	40.000000
1	21.440781
1	19.699700
1	30.736842
1	20.315582
1	39.024390
1	20.384615
1	22.449414
1	1	20.538117
1	1	23.193277
1	19.557196
1	25.287356
1	21.164021
1	20.756014
1	23.699060
1	20.245810
1	40.634921
1	0.000000
1	19.346405
1	21.483804
1	20.429379
1	20.921986
1	20.478088
1	20.298507
1	22.352941
1	20.525588
1	19.377778
1	20.673077
1	20.804290
1	22.650602
1	19.535684
1	19.733333
1	19.467980
1	19.692308
1	20.241449
1	22.800000
1	20.226629
1	20.147835
1	19.630033
1	20.345369
1	20.190476
1	20.206186
2	21.656566
2	20.425532
2	23.040000
2	28.422247
2	22.518519
2	19.598394
2	20.337756
2	20.387097
2	0.000000
2	20.557940
2	20.373216
2	19.873532
2	22.545455
2	31.269841
2	20.000000
2	21.612200
2	14.910394
2	20.137300
2	20.898100
2	5.806252
2	25.727700
2	19.692308
2	22.687927
2	26.238342
2	8.525004
2	19.503106
2	20.705219
2	20.982143
2	24.046243
2	20.418410
2	21.464714
2	20.759494
2	21.213961
2	20.976290
2	7.165591
2	20.983607
2	39.091735
2	21.528239
2	13.371347
2	20.568663
2	24.436364
2	23.021583
2	24.474394
2	20.066225
2	26.122449
2	30.920522
2	19.341317
2	1.185870
2	18.491803
2	19.938838
2	23.972835
2	19.807956
2	22.739018
2	19.457505
2	22.680412
2	33.506139
2	21.597300
2	24.328911
2	21.081081
2	22.634352
2	14.067406
2	38.492462
2	20.410256
2	19.978190
2	20.606647
2	19.168357
2	19.881657
2	20.256410
2	20.640439
2	21.035197
2	18.834561
2	22.691293
2	19.053763
2	22.484725
2	21.581395
2	20.252672
2	20.439560
2	18.818923
2	19.501134
2	20.113250
2	32.023692
2	20.115274
2	19.343284
2	5.838692
2	19.069767
2	19.025141
2	20.724360
2	19.602649
2	2.854562
2	21.783439
2	20.499266
2	20.400534
2	22.568093
2	20.383014
2	20.477816
2	19.417476
2	20.365369
2	20.185462
2	20.545746
2	19.890881
3	13.248526
3	14.128013
3	20.273302
3	4.658426
3	19.709664
3	4.830012
3	21.110661
3	21.272842
3	20.193424
3	18.444306
3	21.149268
3	21.113402
3	12.276292
3	25.092234
3	23.074866
3	16.155718
3	19.632353
3	26.961747
3	23.100000
3	22.710942
3	23.636364
3	17.974026
3	20.050378
3	26.537947
3	19.820628
3	15.707098
3	23.276836
3	21.691275
3	20.477742
3	7.011624
3	23.061889
3	20.732064
3	13.152866
3	19.931585
3	18.853047
3	30.929406
3	18.600237
3	19.937695
3	17.665094
3	17.937832
3	21.723164
3	20.139470
3	19.132867
3	23.375000
3	24.327679
3	19.606218
3	22.119323
3	15.282366
3	19.407008
3	19.874739
3	13.978820
3	14.885451
3	24.574337
3	22.531646
3	18.106509
3	23.720783
3	19.649966
3	30.501931
3	21.037736
3	7.766392
3	13.069959
3	28.210526
3	15.779278
3	18.000946
3	19.710145
3	19.985826
3	21.681068
3	12.685564
3	24.316923
3	21.200000
3	18.712221
3	21.234568
3	18.507463
3	20.275344
3	21.781377
3	21.687810
3	20.133779
3	24.991023
3	21.376643
3	21.004071
3	14.704629
3	8.695652
3	20.839161
3	16.783989
3	12.317753
3	20.645161
3	19.600597
3	19.863813
3	17.115727
3	19.520000
3	20.995261
3	19.687027
3	25.106383
3	20.311958
3	19.991019
3	20.190161
3	13.219802
3	19.739448
3	25.963808
3	23.933403
4	8.110736
4	24.332814
4	22.067984
4	23.245730
4	13.134773
4	17.045170
4	15.123081
4	20.905222
4	29.568528
4	27.567834
4	13.922167
4	19.055721
4	26.112771
4	17.430860
4	16.731485
4	16.326878
4	16.357979
4	20.244399
4	18.190694
4	27.960757
4	8.210181
4	25.482042
4	18.797272
4	33.673469
4	16.161197
4	31.200265
4	8.214696
4	17.016035
4	17.996426
4	10.165017
4	18.854902
4	25.272237
4	27.257453
4	9.027405
4	14.733235
4	23.176094
4	18.157543
4	18.200555
4	20.446097
4	21.515152
4	14.728056
4	19.722222
4	25.050568
4	15.273234
4	27.480854
4	16.894464
4	21.996880
4	21.772152
4	19.149306
4	24.297521
4	20.127389
4	11.823721
4	19.957657
4	18.445640
4	11.102805
4	20.268007
4	19.966777
4	19.636898
4	11.002933
4	20.425532
4	22.736842
4	21.139096
4	27.936024
4	31.310044
4	38.121922
4	30.273224
4	20.605496
4	21.772526
4	27.488584
4	20.622222
4	20.101180
4	9.696873
4	29.037216
4	13.390398
4	20.398268
4	10.111936
4	20.304017
4	19.140969
4	28.800000
4	20.641711
4	10.169689
4	10.135429
4	24.418493
4	18.129761
4	13.185756
4	18.409387
4	9.667832
4	20.519637
4	19.770115
4	21.233511
4	17.605552
4	22.237106
4	17.085890
4	21.121187
4	7.568983
4	18.199605
4	20.673635
4	26.934793
4	22.290940
4	19.005266
5	11.125828
5	23.578148
5	27.980769
5	21.181668
5	23.766447
5	21.538462
5	22.560302
5	15.646450
5	16.558949
5	16.948102
5	6.062659
5	15.044840
5	24.479260
5	22.420857
5	18.905286
5	17.092876
5	13.193822
5	16.398315
5	15.090569
5	22.646007
5	16.679688
5	13.962034
5	20.766667
5	12.777053
5	20.345902
5	20.242608
5	15.273562
5	17.777196
5	20.686741
5	20.192777
5	22.204051
5	24.073948
5	15.657725
5	16.306633
5	19.534884
5	23.069691
5	19.130598
5	15.527073
5	12.381887
5	15.403635
5	15.820170
5	19.214362
5	22.529602
5	20.003664
5	15.495331
5	25.464105
5	17.247591
5	19.606162
5	15.411223
5	12.222327
5	46.447112
5	20.417802
5	15.593521
5	23.442136
5	16.441632
5	20.063492
5	14.088448
5	20.656716
5	24.617558
5	21.115880
5	21.935760
5	9.870540
5	22.487779
5	21.611279
5	18.856111
5	13.927492
5	16.802057
5	23.037522
5	18.262064
5	28.040712
5	22.162162
5	18.452118
5	21.741425
5	21.856540
5	20.095953
5	6.423305
5	24.098028
5	20.096239
5	12.737644
5	19.678457
5	22.316764
5	9.383052
5	16.670043
5	23.531828
5	27.224388
5	16.610291
5	18.896274
5	21.953589
5	3.106872
5	22.378070
5	20.428571
5	17.933727
5	24.394172
5	18.364823
5	13.850711
5	23.470523
5	17.344583
5	12.474256
5	11.927966
5	20.830368
6	19.226174
6	22.176507
6	11.923660
6	12.712874
6	20.839917
6	17.871212
6	11.033240
6	21.954733
6	22.580645
6	18.509844
6	12.265668
6	11.887919
6	15.771370
6	22.017361
6	25.053054
6	16.144075
6	13.459814
6	22.193823
6	16.828612
6	16.034779
6	13.551502
6	8.224969
6	17.597956
6	10.943644
6	11.949600
6	26.427785
6	21.726310
6	19.970518
6	18.245063
6	23.308931
6	32.063103
6	15.091361
6	20.833809
6	21.734150
6	12.096151
6	13.650282
6	23.991117
6	18.848460
6	22.253855
6	15.915724
6	14.977824
6	18.425893
6	14.639743
6	15.101198
6	21.183932
6	18.024848
6	12.275468
6	16.539848
6	22.070440
6	15.699004
6	17.508623
6	19.452019
6	12.293283
6	24.488673
6	10.555677
6	18.940028
6	15.460123
6	27.503804
6	17.500000
6	19.978082
6	20.658718
6	14.548596
6	17.934835
6	17.409981
6	8.475975
6	23.825758
6	27.158879
6	14.290397
6	14.611723
6	18.034321
6	21.044955
6	24.140127
6	16.932469
6	21.820020
6	22.658670
6	21.060737
6	28.846004
6	21.818013
6	16.125788
6	20.354885
6	13.561381
6	24.311175
6	14.097085
6	24.293785
6	29.954545
6	17.651966
6	17.810054
6	16.779729
6	19.199407
6	17.147679
6	38.539924
6	15.738403
6	15.393135
6	19.858357
6	13.227749
6	13.903251
6	23.228926
6	19.540508
6	24.444880
6	19.395822
7	24.377682
7	24.075946
7	14.371710
7	28.289400
7	34.332425
7	16.791821
7	16.920959
7	13.241649
7	21.535847
7	21.186564
7	15.901704
7	24.283896
7	20.480889
7	18.587545
7	25.024616
7	24.585174
7	17.999911
7	16.668702
7	38.161351
7	22.485129
7	24.070621
7	16.836474
7	13.385600
7	31.040280
7	27.311115
7	19.814032
7	20.995393
7	19.618826
7	21.654135
7	15.714286
7	20.272023
7	21.343911
7	26.794381
7	19.274058
7	13.414296
7	15.093184
7	19.794814
7	15.844480
7	21.896747
7	17.006695
7	23.899173
7	10.203344
7	18.085228
7	13.799538
7	18.116969
7	12.551014
7	16.735219
7	17.314399
7	27.297357
7	14.142170
7	18.148148
7	11.659912
7	20.485021
7	13.322005
7	24.705882
7	12.048289
7	19.670091
7	16.541506
7	19.899424
7	13.966746
7	20.170534
7	12.941662
7	20.330511
7	15.546723
7	22.634921
7	17.761302
7	27.911418
7	12.456480
7	10.919962
7	18.870208
7	24.831121
7	21.808164
7	16.912879
7	19.586832
7	15.667870
7	24.518438
7	22.224933
7	18.408382
7	42.872775
7	16.841237
7	22.349086
7	11.438638
7	28.069871
7	6.182467
7	22.404359
7	19.217470
7	11.711640
7	13.251475
7	18.596556
7	19.286307
7	20.036302
7	14.697509
7	17.481348
7	20.723684
7	11.846486
7	21.093941
7	19.057866
7	18.063625
7	23.711330
7	23.952502
8	6.837390
8	18.340674
8	27.289580
8	16.908506
8	23.186098
8	19.436252
8	15.181874
8	21.464883
8	33.214334
8	12.124122
8	16.204533
8	28.757628
8	19.691726
8	14.988668
8	14.025375
8	21.193209
8	15.679731
8	24.643077
8	23.219292
8	17.381595
8	21.395231
8	20.760456
8	23.794357
8	11.522634
8	20.669451
8	6.478904
8	12.470521
8	27.508353
8	24.306131
8	17.505571
8	12.512888
8	15.498067
8	18.974980
8	20.073964
8	18.640650
8	15.310843
8	8.474942
8	20.557053
8	19.005088
8	17.860485
8	15.479705
8	16.340711
8	22.648775
8	15.632974
8	21.747431
8	26.349493
8	13.472829
8	15.103273
8	19.016393
8	18.085106
8	7.361614
8	19.742046
8	16.939583
8	15.228183
8	16.908719
8	19.838018
8	27.300601
8	25.619410
8	13.759098
8	21.221140
8	19.910241
8	20.991105
8	22.278304
8	25.958465
8	21.218154
8	19.376864
8	34.311111
8	8.778095
8	22.948594
8	26.430424
8	22.407993
8	19.135616
8	12.983230
8	15.287864
8	20.262467
8	7.750283
8	15.079842
8	14.755486
8	22.149651
8	30.663189
8	22.764604
8	18.653051
8	10.683045
8	19.937954
8	15.317166
8	21.117216
8	17.196905
8	15.115505
8	20.342445
8	16.872499
8	15.398269
8	13.718422
8	17.982305
8	19.239514
8	25.575758
8	33.035120
8	28.632708
8	8.345049
8	24.336350
8	21.761130
9	19.587573
9	32.897384
9	10.091585
9	19.691811
9	12.347826
9	17.679825
9	19.170960
9	13.788483
9	14.601801
9	20.468644
9	11.111457
9	20.202766
9	17.949944
9	22.091212
9	13.081989
9	16.922692
9	22.093346
9	17.518472
9	28.527884
9	17.827446
9	17.819709
9	11.917956
9	17.869139
9	20.256840
9	19.829807
9	15.264996
9	20.166941
9	15.205593
9	24.745164
9	11.869913
9	11.636763
9	9.417114
9	15.531071
9	17.752020
9	21.112858
9	17.116669
9	27.480862
9	16.041565
9	31.118499
9	20.300934
9	17.545886
9	19.111340
9	17.571457
9	29.153393
9	20.866352
9	18.094921
9	15.000722
9	26.982711
9	22.161355
9	34.400662
9	25.206005
9	14.774833
9	16.280165
9	20.746211
9	15.995177
9	22.256703
9	13.032190
9	20.474215
9	9.721449
9	13.670034
9	16.111607
9	26.825252
9	13.481826
9	16.374077
9	9.283317
9	19.677878
9	23.301903
9	18.884452
9	18.123046
9	15.913571
9	19.508382
9	14.299901
9	19.935880
9	24.439770
9	12.257257
9	24.356526
9	16.611779
9	20.985872
9	20.181359
9	12.221961
9	17.481026
9	26.122244
9	14.151177
9	23.232682
9	10.540392
9	18.414822
9	20.177923
9	26.709618
9	14.141823
9	21.646385
9	15.566434
9	20.297723
9	18.537931
9	18.887751
9	32.167069
9	23.656636
9	27.098953
9	19.334155
9	15.750665
9	20.086146
10	22.677542
10	21.811966
10	12.406575
10	19.962182
10	15.923855
10	23.394856
10	13.981256
10	18.527660
10	21.786673
10	13.968762
10	17.301185
10	17.932438
10	18.434747
10	24.130218
10	14.784661
10	19.667029
10	20.053964
10	15.321757
10	18.989843
10	17.372308
10	11.636520
10	21.133730
10	30.363016
10	17.096973
10	15.694323
10	32.397420
10	24.156296
10	28.399062
10	16.061037
10	24.287934
10	16.267332
10	13.011671
10	23.788614
10	16.439929
10	9.921128
10	23.692805
10	28.591058
10	28.198838
10	19.169335
10	38.697274
10	20.601877
10	19.501929
10	9.494937
10	26.661807
10	29.183683
10	13.613666
10	26.605646
10	17.343083
10	13.822577
10	13.983059
10	16.678609
10	22.283587
10	14.151158
10	23.100146
10	19.672131
10	18.711417
10	19.824047
10	10.411102
10	18.556599
10	16.558343
10	12.189206
10	36.149403
10	8.597826
10	30.557377
10	26.640252
10	20.641312
10	19.481236
10	23.229317
10	18.430177
10	22.393432
10	20.286718
10	24.413657
10	31.078380
10	19.671735
10	12.679445
10	10.686591
10	15.485335
10	19.621212
10	24.317401
10	22.337455
10	21.827091
10	32.297197
10	15.930239
10	15.098097
10	18.737478
10	19.225190
10	17.596855
10	19.328753
10	20.738513
10	22.798642
10	16.003945
10	21.859103
10	22.953194
10	28.017753
10	10.014565
10	26.282600
10	20.971629
10	14.069338
10	10.648394
10	14.339394
11	11.272943
11	20.120016
11	24.838780
11	20.707669
11	16.269113
11	20.748544
11	18.842134
11	12.826157
11	21.922656
11	16.913840
11	19.778731
11	13.783440
11	26.494395
11	19.743226
11	30.760095
11	32.360828
11	15.745064
11	22.373103
11	13.422005
11	11.719450
11	16.823830
11	20.400869
11	19.018215
11	21.690079
11	16.241965
11	13.532934
11	27.510452
11	12.683371
11	17.861011
11	27.136478
11	17.594526
11	14.478202
11	14.014824
11	16.479663
11	24.760656
11	11.656215
11	28.982252
11	20.576150
11	24.188544
11	11.349982
11	22.768144
11	20.008610
11	21.347670
11	29.313392
11	18.885727
11	21.186993
11	18.175926
11	12.869854
11	16.839074
11	27.696502
11	24.734982
11	17.775273
11	14.809348
11	28.803699
11	19.270981
11	26.736587
11	23.697264
11	16.154944
11	20.104802
11	21.615372
11	15.859519
11	20.708181
11	20.969397
11	28.946633
11	11.701124
11	20.018144
11	25.132295
11	11.888466
11	22.042857
11	9.597793
11	14.179253
11	21.521445
11	22.035761
11	49.067023
11	25.763206
11	16.651270
11	22.142482
11	18.028169
11	21.013091
11	34.426808
11	16.665723
11	15.868992
11	23.723949
11	20.621079
11	9.138027
11	19.772105
11	20.279045
11	15.625932
11	20.592612
11	20.381793
11	15.086221
11	16.823971
11	20.513262
11	10.911662
11	15.426921
11	14.320083
11	24.784419
11	15.860268
11	20.348197
11	20.397074
12	19.386076
12	11.870104
12	26.659204
12	21.438443
12	16.868195
12	14.210649
12	56.683643
12	18.822007
12	30.729260
12	10.469915
12	15.459529
12	11.976807
12	22.357543
12	30.684080
12	20.295479
12	13.797475
12	21.549653
12	20.185192
12	19.127631
12	13.307870
12	17.291244
12	25.095291
12	17.338587
12	14.054770
12	15.093996
12	19.316009
12	25.599845
12	30.674521
12	32.452120
12	26.366335
12	7.885656
12	14.664150
12	10.557710
12	28.534528
12	17.364998
12	15.945672
12	21.848686
12	14.278324
12	11.984436
12	25.378735
12	25.251854
12	23.361515
12	22.460404
12	22.492781
12	18.433371
12	29.715654
12	26.089547
12	17.412346
12	18.835829
12	22.874852
12	16.017308
12	18.200048
12	19.342635
12	21.949792
12	12.409443
12	23.489614
12	16.657199
12	20.392024
12	16.753247
12	18.744178
12	20.509050
12	20.621517
12	20.676957
12	13.720761
12	20.545415
12	16.478690
12	14.765047
12	17.033434
12	16.730264
12	13.512960
12	18.852152
12	19.056000
12	13.648784
12	45.903953
12	21.581152
12	21.834911
12	16.861035
12	13.974958
12	10.676686
12	11.479142
12	14.557243
12	11.952191
12	17.755941
12	20.282686
12	19.160671
12	23.925940
12	17.730967
12	32.402909
12	23.821463
12	16.288667
12	14.233964
12	22.811146
12	13.642120
12	17.145588
12	20.159275
12	22.973082
12	15.586203
12	21.523799
12	14.685676
12	18.241418
13	20.485885
13	19.053695
13	26.120122
13	22.007189
13	15.111724
13	16.915871
13	27.459319
13	18.198935
13	10.101330
13	33.036719
13	10.170744
13	23.374707
13	18.709230
13	23.184147
13	20.212702
13	17.063317
13	14.971394
13	22.666582
13	15.775968
13	24.297038
13	24.394560
13	17.770726
13	19.930602
13	16.681527
13	14.748336
13	16.801406
13	17.873201
13	22.577569
13	23.053783
13	18.724111
13	15.287712
13	17.202118
13	15.324365
13	27.124352
13	15.100567
13	18.293098
13	18.396914
13	28.628499
13	18.445877
13	13.791566
13	20.565162
13	15.344101
13	18.061086
13	16.502042
13	23.024142
13	11.357627
13	12.461944
13	19.958751
13	20.712241
13	18.258948
13	18.890087
13	12.233412
13	9.951141
13	41.087781
13	18.516514
13	34.501225
13	22.649275
13	19.745411
13	18.694645
13	22.655727
13	16.885689
13	16.202743
13	24.124693
13	21.034340
13	14.215189
13	16.897028
13	26.502216
13	18.431297
13	21.016008
13	15.372217
13	16.968155
13	11.620019
13	16.915317
13	13.922578
13	16.052267
13	25.587360
13	26.259456
13	23.402778
13	14.227794
13	14.653688
13	22.341894
13	19.794046
13	17.736311
13	16.234958
13	34.064052
13	29.373201
13	22.358276
13	24.544987
13	18.876947
13	26.554530
13	12.328596
13	11.544406
13	16.672732
13	19.994009
13	21.545735
13	21.916168
13	20.264007
13	15.943568
13	32.399886
13	16.824926
14	21.441441
14	25.414901
14	17.064154
14	23.078404
14	13.767080
14	13.208864
14	24.206051
14	18.396038
14	13.027506
14	15.512041
14	20.873236
14	18.863230
14	20.140232
14	13.607516
14	19.918069
14	14.240480
14	27.679910
14	17.025352
14	13.935600
14	12.673209
14	16.046078
14	22.463257
14	24.278949
14	12.150724
14	17.570811
14	28.223982
14	18.178466
14	36.668724
14	17.972062
14	14.239631
14	19.983295
14	14.059099
14	25.888644
14	18.190289
14	16.449313
14	23.109577
14	25.922855
14	19.149344
14	28.783618
14	15.024953
14	20.630990
14	26.553672
14	43.457790
14	27.706053
14	17.906749
14	21.542081
14	23.275172
14	18.710684
14	14.413018
14	13.767402
14	20.040728
14	16.521934
14	33.536624
14	8.549408
14	23.643050
14	23.403165
14	26.999493
14	18.890257
14	20.647482
14	20.397472
14	33.629057
14	34.536747
14	31.838624
14	17.076043
14	27.269368
14	12.936215
14	15.204025
14	18.465159
14	26.202028
14	11.450185
14	12.598361
14	13.839080
14	14.930369
14	21.569225
14	31.555903
14	28.075192
14	18.260870
14	17.979868
14	14.161864
14	23.532138
14	16.295462
14	13.030631
14	21.540572
14	18.736860
14	17.522042
14	20.201885
14	11.476517
14	16.766319
14	16.458628
14	21.915940
14	24.343196
14	45.621344
14	24.277542
14	24.908719
14	26.873493
14	17.626689
14	11.735991
14	17.743995
14	31.605942
14	21.063678
15	18.006721
15	17.068780
15	16.211217
15	20.102453
15	22.431307
15	12.713254
15	24.463277
15	22.144686
15	16.592205
15	19.397840
15	17.901086
15	23.232910
15	21.695533
15	29.883833
15	14.292205
15	15.139678
15	14.266517
15	19.166378
15	12.658296
15	28.288205
15	12.336718
15	29.716073
15	13.605434
15	31.068858
15	20.777854
15	19.139509
15	18.195462
15	12.551239
15	19.064386
15	20.794736
15	20.365965
15	27.735787
15	11.305352
15	14.888991
15	27.461450
15	20.725327
15	22.495922
15	12.171772
15	14.284186
15	20.386658
15	24.100877
15	20.646021
15	26.325533
15	13.575723
15	17.353906
15	22.525204
15	15.356825
15	18.834145
15	22.603215
15	32.777451
15	12.335797
15	22.524899
15	25.115255
15	14.559366
15	20.261528
15	14.652425
15	14.788587
15	21.887324
15	12.823691
15	24.110744
15	21.875215
15	16.494069
15	16.412202
15	24.659041
15	23.298611
15	17.470515
15	22.063659
15	16.846636
15	23.786830
15	21.775127
15	15.375939
15	23.243273
15	22.705088
15	12.549120
15	14.318992
15	21.338290
15	12.579066
15	20.401378
15	15.093111
15	28.273674
15	27.435347
15	22.844666
15	17.137849
15	14.758968
15	15.820750
15	18.232841
15	22.421469
15	24.703744
15	16.500786
15	23.134167
15	15.357052
15	22.099502
15	19.741924
15	21.819705
15	28.147235
15	18.699690
15	19.870009
15	15.357530
15	21.098693
15	26.728184
16	19.986729
16	19.202449
16	18.380856
16	11.485890
16	13.535411
16	17.410486
16	12.316858
16	19.515269
16	23.956428
16	19.039329
16	14.851812
16	25.649722
16	27.161466
16	22.852680
16	24.284558
16	15.223044
16	13.753443
16	25.253909
16	16.448698
16	22.291059
16	17.058161
16	25.831509
16	20.134620
16	10.067867
16	21.830962
16	15.659997
16	41.796097
16	22.167502
16	13.235890
16	18.368573
16	18.030767
16	18.169459
16	10.184618
16	13.331437
16	15.418025
16	20.862949
16	17.958131
16	26.336309
16	19.030758
16	7.766508
16	23.437792
16	24.743495
16	17.816460
16	24.038501
16	17.854657
16	21.778651
16	17.414623
16	19.551690
16	22.409375
16	15.490911
16	20.018898
16	12.876115
16	16.629353
16	15.182119
16	21.685745
16	21.918903
16	22.973741
16	34.430805
16	14.439345
16	26.947836
16	28.037092
16	50.927759
16	17.761136
16	15.994779
16	17.224739
16	14.529320
16	15.934282
16	16.523969
16	19.622784
16	10.685579
16	15.542335
16	18.883377
16	16.287051
16	20.943980
16	5.333333
16	16.933793
16	17.086061
16	13.633556
16	18.042051
16	16.320583
16	24.651855
16	14.433826
16	15.600885
16	27.492900
16	18.947070
16	13.919926
16	10.186865
16	18.921589
16	15.273671
16	15.867461
16	25.671225
16	17.692427
16	20.795842
16	13.807484
16	20.304846
16	23.075836
16	15.726996
16	14.921630
16	14.058723
16	19.116466
17	12.972653
17	18.565467
17	23.811881
17	19.314947
17	32.379578
17	21.386081
17	14.637689
17	8.368057
17	16.630118
17	17.382938
17	23.918206
17	19.271543
17	17.582742
17	22.179497
17	9.873321
17	17.421484
17	15.686275
17	10.236840
17	13.325284
17	16.424923
17	22.345977
17	12.454572
17	23.723486
17	22.067320
17	20.276585
17	17.390823
17	23.349548
17	20.089610
17	21.454575
17	9.949709
17	20.929741
17	22.804464
17	14.765925
17	15.174179
17	20.076375
17	15.273847
17	11.936970
17	17.971200
17	14.384488
17	14.694596
17	26.839138
17	38.607182
17	19.716462
17	14.835151
17	18.995523
17	26.184526
17	15.924220
17	19.278970
17	18.901563
17	17.481717
17	15.427519
17	12.583233
17	18.844376
17	15.993823
17	13.448151
17	18.620336
17	29.163155
17	18.771499
17	15.975194
17	19.946937
17	10.518851
17	14.313972
17	14.206865
17	20.499074
17	12.502514
17	24.207869
17	14.050179
17	15.245134
17	11.376467
17	23.454715
17	12.481021
17	11.720801
17	17.598645
17	27.895258
17	28.182698
17	18.850442
17	18.692390
17	23.450633
17	27.118165
17	17.042261
17	16.188755
17	24.822327
17	18.184459
17	20.745306
17	15.974520
17	18.168998
17	14.823367
17	22.020101
17	15.086040
17	11.744845
17	15.958491
17	13.735421
17	16.863497
17	16.859574
17	17.183887
17	22.705726
17	21.824818
17	14.989760
17	17.449202
17	31.168999
18	18.018037
18	9.826764
18	15.360893
18	11.875533
18	14.706765
18	17.441295
18	21.338177
18	16.854735
18	19.378238
18	14.131613
18	27.993408
18	25.989277
18	16.652690
18	9.091765
18	14.680595
18	31.630416
18	15.985900
18	11.326337
18	11.970203
18	26.951540
18	14.888475
18	21.491646
18	19.282971
18	12.994929
18	18.070993
18	18.120858
18	13.186711
18	22.151088
18	36.001716
18	16.230573
18	17.056401
18	11.939540
18	14.152829
18	16.222591
18	29.031257
18	18.122812
18	19.559040
18	20.613195
18	21.545068
18	20.167038
18	17.247380
18	47.088771
18	26.550930
18	17.317566
18	14.599801
18	20.109139
18	19.141368
18	13.050642
18	20.140227
18	23.605624
18	16.217568
18	15.585964
18	25.671802
18	18.966114
18	9.051524
18	19.348392
18	19.104104
18	26.486107
18	24.450312
18	26.021193
18	16.942650
18	19.564258
18	23.821030
18	20.270441
18	26.149645
18	10.763539
18	22.239564
18	30.056290
18	12.946294
18	22.688056
18	13.642784
18	21.446901
18	17.787237
18	15.700875
18	17.417872
18	26.467952
18	21.460446
18	21.546406
18	14.160486
18	13.176375
18	19.601624
18	15.770875
18	14.671810
18	17.926877
18	20.586800
18	16.872143
18	12.011646
18	15.889866
18	15.595021
18	9.067391
18	24.073193
18	20.626907
18	19.083100
18	16.322541
18	12.355751
18	24.864093
18	19.917318
18	15.754812
18	20.807071
18	22.888575
19	16.606633
19	13.429326
19	13.816062
19	21.000000
19	14.920436
19	23.280134
19	28.664018
19	20.080999
19	19.842245
19	23.376132
19	34.771576
19	11.267359
19	17.521876
19	14.722842
19	17.812163
19	23.401093
19	31.657788
19	11.942094
19	10.064640
19	29.589612
19	30.513137
19	19.969456
19	26.129496
19	21.610428
19	19.209840
19	29.526657
19	20.748976
19	29.488166
19	18.354796
19	17.259143
19	14.787786
19	12.890717
19	20.932028
19	19.374799
19	20.923033
19	11.557761
19	23.620969
19	25.404732
19	15.478084
19	12.188837
19	20.194295
19	28.277296
19	11.468092
19	26.519330
19	13.709065
19	18.727393
19	17.967080
19	32.378927
19	17.563816
19	14.330853
19	17.862542
19	12.552866
19	21.263611
19	20.865155
19	22.100907
19	18.778212
19	12.701828
19	24.343349
19	22.106491
19	30.180011
19	14.048925
19	19.556647
19	21.406143
19	17.735352
19	14.427600
19	23.268156
19	18.489853
19	16.766606
19	22.840619
19	12.892536
19	22.691727
19	18.038130
19	13.902401
19	29.125223
19	23.694355
19	10.329810
19	10.469505
19	22.101178
19	28.713030
19	20.211268
19	21.469502
19	14.865046
19	13.210155
19	12.349657
19	16.468732
19	24.870103
19	21.245421
19	17.418709
19	22.821581
19	26.357216
19	13.446781
19	11.126331
19	16.710727
19	12.452650
19	25.273941
19	23.021390
19	28.462589
19	26.940324
19	22.295036
19	17.869775
20	16.057686
20	19.944908
20	20.847293
20	15.525456
20	20.491235
20	12.020802
20	13.462034
20	27.684121
20	15.225479
20	16.015711
20	22.208207
20	17.456296
20	26.562941
20	16.376638
20	20.077127
20	18.539948
20	19.320069
20	21.419267
20	19.750044
20	13.373115
20	17.889513
20	21.189257
20	22.245663
20	15.555556
20	25.079669
20	18.838270
20	16.861484
20	16.363575
20	15.733759
20	8.364670
20	15.598184
20	22.939922
20	24.226874
20	15.464130
20	12.194549
20	15.824697
20	21.772152
20	20.897089
20	23.545455
20	22.297413
20	23.931330
20	18.124919
20	25.750833
20	15.689062
20	16.880054
20	13.307389
20	10.931476
20	21.919748
20	22.283798
20	34.183354
20	15.404959
20	23.387675
20	24.936296
20	14.844294
20	18.226683
20	12.115142
20	12.760690
20	30.803720
20	8.090805
20	22.582302
20	11.411200
20	29.738259
20	19.078186
20	13.671273
20	14.559528
20	15.110340
20	11.679346
20	11.790690
20	28.759757
20	20.544940
20	18.344752
20	24.326655
20	36.372043
20	29.298833
20	18.588796
20	19.944394
20	15.906488
20	25.631508
20	28.257369
20	16.823452
20	20.107060
20	18.800803
20	21.463684
20	25.872103
20	26.772908
20	14.893089
20	20.556449
20	15.397234
20	19.355280
20	16.929852
20	12.484748
20	13.412303
20	39.040042
20	20.284453
20	20.941306
20	25.739451
20	15.239104
20	26.224038
20	12.295519
20	16.459280
21	24.562339
21	20.885047
21	11.460210
21	13.439131
21	20.080196
21	14.933708
21	9.177219
21	15.939390
21	16.537094
21	20.172824
21	14.020234
21	15.031211
21	13.833916
21	19.220082
21	18.900827
21	26.030482
21	18.957063
21	23.990446
21	14.389359
21	19.113712
21	20.831493
21	22.037772
21	21.170599
21	20.706750
21	21.650481
21	18.022449
21	19.198307
21	31.220412
21	9.979021
21	10.985607
21	15.566354
21	12.218247
21	23.362884
21	13.145267
21	35.983994
21	14.040892
21	21.950502
21	27.203056
21	22.122696
21	18.738528
21	17.727969
21	18.945482
21	25.118250
21	13.026617
21	13.934050
21	16.408449
21	17.708642
21	14.743681
21	15.093517
21	20.777702
21	21.026296
21	21.765409
21	21.029191
21	20.375446
21	41.373310
21	17.203941
21	15.129742
21	32.441773
21	13.569432
21	20.294638
21	17.436100
21	27.833257
21	12.266677
21	15.440152
21	19.291229
21	18.778622
21	16.988670
21	9.588949
21	29.212656
21	27.628607
21	20.116309
21	20.473751
21	22.708960
21	18.763207
21	18.831991
21	17.615406
21	25.294000
21	19.323293
21	12.562435
21	18.046411
21	19.637807
21	31.649150
21	24.963493
21	38.978905
21	15.462077
21	9.482277
21	14.782473
21	28.213121
21	10.209936
21	16.599712
21	19.583307
21	21.622855
21	14.447079
21	17.259574
21	15.857350
21	16.325836
21	16.966557
21	22.834682
21	19.233275
21	23.811765
22	14.895979
22	12.645743
22	28.979431
22	25.910336
22	16.872531
22	21.308525
22	19.984484
22	11.352235
22	13.757962
22	15.049855
22	10.007612
22	25.305688
22	13.393290
22	21.322506
22	20.503467
22	17.040445
22	20.994942
22	11.545611
22	8.436616
22	16.982829
22	16.895473
22	12.182087
22	29.836703
22	22.290615
22	16.449871
22	26.931298
22	20.927300
22	13.895131
22	21.960963
22	26.304892
22	17.775251
22	18.474008
22	30.628412
22	14.983062
22	19.138817
22	18.780109
22	12.805354
22	25.988868
22	19.499210
22	13.421478
22	19.928235
22	20.471267
22	22.935154
22	19.559494
22	12.520792
22	15.337691
22	11.539538
22	18.445636
22	21.226127
22	16.625976
22	21.924026
22	26.938678
22	12.349131
22	11.903703
22	15.788139
22	16.612641
22	27.100844
22	16.715238
22	13.895107
22	15.451086
22	15.076800
22	17.128945
22	13.767821
22	18.818612
22	15.677701
22	11.998021
22	17.397718
22	14.089333
22	22.445333
22	17.994172
22	23.228449
22	14.985654
22	11.245405
22	18.593920
22	19.475909
22	23.764617
22	23.153112
22	13.590764
22	24.956943
22	20.060750
22	23.016889
22	16.592436
22	19.954200
22	18.919423
22	10.434267
22	14.419377
22	19.051846
22	20.502119
22	20.687272
22	20.032686
22	13.867011
22	20.015648
22	25.630710
22	14.247678
22	14.521751
22	27.868801
22	24.656866
22	14.927213
22	27.442616
22	15.552522
23	20.078555
23	23.907759
23	20.097982
23	29.653507
23	16.282056
23	20.047492
23	25.547499
23	17.546600
23	13.782473
23	30.245631
23	22.101419
23	7.855728
23	15.130720
23	23.806577
23	28.291056
23	25.856632
23	11.628097
23	18.057299
23	18.575552
23	18.720070
23	18.761929
23	24.312772
23	16.920297
23	34.617172
23	18.271098
23	17.593717
23	27.079646
23	19.881165
23	13.631902
23	18.315340
23	15.059874
23	28.664266
23	29.430450
23	27.406573
23	15.791894
23	22.330935
23	14.508379
23	20.845588
23	23.420141
23	11.669458
23	20.216283
23	15.665670
23	24.582669
23	22.711575
23	11.916249
23	17.979531
23	16.666222
23	18.728641
23	29.918172
23	16.045351
23	18.585466
23	21.849711
23	17.373014
23	16.242622
23	14.660655
23	16.035052
23	13.916746
23	16.606559
23	28.701529
23	22.287362
23	15.203770
23	15.211841
23	25.794361
23	16.769549
23	14.891632
23	30.179152
23	16.583036
23	12.728275
23	16.564768
23	18.601371
23	16.857836
23	12.624046
23	21.148920
23	12.635121
23	23.333333
23	31.888889
23	13.700557
23	12.612326
23	18.037262
23	11.494793
23	23.220252
23	7.492716
23	16.246585
23	21.681746
23	18.613898
23	25.386686
23	24.913989
23	27.807725
23	27.700647
23	15.245996
23	26.698931
23	23.743887
23	17.865140
23	30.098793
23	12.607505
23	23.442304
23	23.656211
23	16.664161
23	22.704725
23	19.398704
24	19.542517
24	16.440071
24	11.173952
24	19.464505
24	16.193274
24	27.026426
24	25.542502
24	16.763233
24	17.462223
24	18.543841
24	23.072557
24	7.434093
24	20.375978
24	19.234294
24	17.321529
24	12.465257
24	17.652392
24	11.930780
24	23.257581
24	16.024221
24	15.892431
24	18.878062
24	10.506342
24	14.172675
24	19.806795
24	21.821844
24	24.588706
24	21.335927
24	17.812886
24	17.438862
24	21.194460
24	14.049066
24	7.825671
24	14.958925
24	22.833560
24	15.550372
24	17.574646
24	19.379175
24	25.488859
24	16.532124
24	18.047259
24	12.591664
24	34.984789
24	16.914548
24	21.562588
24	19.310778
24	14.776006
24	11.062768
24	22.360988
24	17.977662
24	12.323105
24	13.983317
24	21.143239
24	27.231820
24	20.968661
24	10.760658
24	21.790260
24	19.521241
24	29.979265
24	34.458824
24	19.537711
24	15.968483
24	19.462091
24	13.040951
24	18.690607
24	21.852034
24	22.010036
24	27.514544
24	25.648528
24	22.414737
24	14.232758
24	19.861553
24	26.747738
24	17.414624
24	24.510975
24	9.319283
24	21.225661
24	11.554826
24	17.370151
24	17.495065
24	16.531618
24	17.268195
24	20.460735
24	18.152321
24	19.090909
24	12.412838
24	26.294103
24	18.370787
24	18.856701
24	18.312719
24	20.191338
24	19.344606
24	18.103193
24	21.385249
24	24.261938
24	20.447346
24	21.689751
24	13.781209
24	16.896835
24	25.811711
25	10.756173
25	22.633601
25	17.663976
25	22.196050
25	14.029650
25	17.728186
25	16.873835
25	11.341223
25	27.468317
25	19.020085
25	14.843193
25	18.170469
25	15.694686
25	27.661245
25	18.958177
25	15.630686
25	24.233863
25	21.222011
25	20.046239
25	22.791526
25	29.991489
25	17.999107
25	18.676478
25	24.384940
25	15.876730
25	27.381927
25	27.304819
25	26.816982
25	22.234281
25	33.368464
25	17.726737
25	19.281617
25	24.480350
25	12.559859
25	14.303560
25	16.972595
25	12.934845
25	17.605020
25	21.027751
25	16.276504
25	31.921279
25	14.376697
25	16.595900
25	26.835191
25	15.234216
25	13.733205
25	25.326068
25	26.778237
25	13.705947
25	18.358551
25	24.333905
25	13.810003
25	21.856648
25	16.771648
25	13.184968
25	20.439152
25	22.274667
25	27.533719
25	15.063462
25	21.690932
25	19.162113
25	15.907986
25	21.423603
25	19.075318
25	17.730351
25	13.175648
25	20.072094
25	9.800612
25	17.938620
25	16.381148
25	17.371683
25	17.109834
25	21.983211
25	16.702914
25	16.605408
25	17.396860
25	26.805180
25	25.752406
25	17.563677
25	10.889290
25	16.691590
25	23.836896
25	17.748285
25	15.509783
25	15.070344
25	30.051744
25	18.424072
25	10.571861
25	24.126942
25	19.930926
25	22.590282
25	15.913757
25	15.695140
25	26.230774
25	23.363480
25	15.152113
25	21.607583
25	17.546309
25	18.189521
25	32.099763
26	23.372260
26	16.817183
26	12.915655
26	29.958398
26	18.895191
26	11.550210
26	16.368960
26	24.033346
26	25.372949
26	27.844635
26	14.728269
26	13.802427
26	23.056843
26	14.428969
26	16.309912
26	19.573076
26	23.543567
26	22.035632
26	18.517550
26	25.355363
26	14.705965
26	20.626736
26	17.031573
26	10.730279
26	20.890731
26	29.622166
26	21.163019
26	18.773770
26	19.457901
26	32.399427
26	24.028968
26	13.476854
26	25.319903
26	15.535118
26	21.573463
26	19.276593
26	14.092473
26	25.053468
26	44.812310
26	18.695287
26	11.775350
26	27.201952
26	14.410950
26	27.001634
26	16.297669
26	10.299594
26	13.337328
26	24.346288
26	21.425625
26	20.539748
26	24.313211
26	25.350072
26	19.816612
26	12.479171
26	22.977499
26	21.877984
26	16.107109
26	18.947813
26	23.197084
26	14.692533
26	33.393419
26	19.001560
26	22.199007
26	17.545492
26	16.390197
26	29.704815
26	12.271672
26	15.501466
26	18.431402
26	19.475222
26	14.584876
26	39.301554
26	26.437385
26	22.478669
26	20.658882
26	18.006101
26	31.609661
26	11.437884
26	19.444963
26	18.690717
26	29.362334
26	21.437420
26	15.637266
26	14.823880
26	24.572124
26	15.589978
26	27.043124
26	17.174579
26	9.480161
26	9.805009
26	13.215470
26	20.055799
26	12.067836
26	25.686034
26	14.776128
26	17.454954
26	14.512383
26	16.127580
26	12.063175
26	9.374650
27	20.646075
27	35.770501
27	17.478661
27	10.871315
27	20.149158
27	30.057188
27	22.279930
27	27.319246
27	14.763593
27	22.744350
27	18.355994
27	19.057546
27	17.578687
27	13.851272
27	18.276285
27	15.335736
27	14.826558
27	17.963678
27	28.808544
27	11.133118
27	22.825643
27	16.589404
27	22.616004
27	21.468721
27	24.230151
27	16.578216
27	28.130634
27	24.634419
27	19.212502
27	19.040039
27	15.650655
27	7.578303
27	15.611387
27	26.221949
27	22.025383
27	29.249983
27	6.057936
27	16.877445
27	11.161149
27	22.038759
27	34.256149
27	20.917232
27	18.576661
27	14.078882
27	19.170864
27	15.014527
27	14.930923
27	12.498596
27	19.846621
27	14.588514
27	16.282344
27	13.749127
27	27.777727
27	19.108688
27	17.381840
27	13.931613
27	21.736786
27	20.606808
27	15.818505
27	19.455632
27	16.379289
27	14.609014
27	16.768408
27	7.620507
27	16.017085
27	13.077006
27	25.652432
27	19.869904
27	18.956247
27	10.499049
27	23.700132
27	22.836521
27	21.993123
27	25.382267
27	14.846618
27	16.945592
27	17.115293
27	25.254756
27	25.019011
27	15.691746
27	14.240442
27	17.414337
27	16.840550
27	20.900879
27	11.786837
27	19.630131
27	19.233645
27	20.224447
27	18.968401
27	18.213869
27	12.411488
27	17.889396
27	12.967490
27	49.185616
27	20.258077
27	20.372831
27	19.320821
27	15.598428
27	24.627709
27	21.320261
28	21.289484
28	32.237558
28	22.047026
28	15.881549
28	14.207763
28	19.512485
28	18.099552
28	13.899767
28	22.336936
28	11.805367
28	25.345945
28	7.185660
28	19.490785
28	28.993255
28	10.833756
28	16.189356
28	25.039625
28	16.749419
28	12.648776
28	13.267944
28	23.870362
28	20.052966
28	11.606344
28	19.329318
28	9.463403
28	26.217742
28	21.291638
28	20.576066
28	18.420305
28	22.446396
28	40.119064
28	21.112845
28	16.749603
28	17.173946
28	33.176186
28	13.857810
28	19.337496
28	14.648539
28	21.573563
28	20.773708
28	27.855204
28	15.004905
28	16.428462
28	17.601142
28	15.018374
28	32.015025
28	17.681204
28	13.020454
28	18.127447
28	12.645258
28	19.461231
28	14.867257
28	18.776438
28	17.044913
28	36.510633
28	24.104909
28	33.296976
28	16.395520
28	17.438701
28	17.059644
28	18.720842
28	20.535308
28	15.345088
28	22.401991
28	15.164410
28	18.615597
28	27.849849
28	14.112257
28	24.811555
28	25.544998
28	21.769326
28	19.391925
28	15.402920
28	16.231613
28	13.972552
28	15.022908
28	12.226727
28	20.479834
28	17.263042
28	18.451000
28	34.112775
28	25.955871
28	18.673063
28	20.258788
28	17.981835
28	25.070230
28	13.023082
28	22.666505
28	22.827335
28	29.977412
28	11.363599
28	18.820259
28	24.045319
28	17.058759
28	10.938250
28	19.674478
28	20.262088
28	18.644897
28	24.758822
28	24.980831
29	13.266173
29	21.495889
29	23.223224
29	23.091218
29	16.379315
29	23.626892
29	18.366616
29	16.875911
29	19.659078
29	26.088537
29	12.718995
29	12.785929
29	17.208737
29	15.382430
29	20.793807
29	22.160185
29	9.615578
29	27.055913
29	22.668075
29	16.367095
29	21.628929
29	27.930669
29	22.376555
29	19.331332
29	21.600674
29	19.605523
29	12.161787
29	15.145022
29	20.880915
29	22.970905
29	18.237223
29	14.238808
29	16.418635
29	37.905703
29	22.577574
29	13.087418
29	15.585427
29	20.998782
29	12.740063
29	25.661343
29	30.798661
29	24.174399
29	16.595103
29	15.105759
29	9.962936
29	22.331227
29	21.387355
29	12.285693
29	13.578870
29	31.277680
29	12.982198
29	21.530558
29	19.730253
29	20.567737
29	14.895985
29	18.360030
29	29.759425
29	20.351140
29	17.174151
29	27.793969
29	26.611276
29	13.318701
29	13.026132
29	18.912039
29	14.131385
29	18.371240
29	21.247480
29	21.023292
29	14.169004
29	14.639306
29	8.986758
29	23.426551
29	23.059545
29	10.947517
29	17.482663
29	18.996106
29	12.567796
29	15.170919
29	16.088802
29	26.599651
29	17.250795
29	18.557109
29	31.184599
29	9.948581
29	10.893194
29	29.534343
29	8.066870
29	22.341980
29	18.644503
29	18.277012
29	20.506676
29	15.152048
29	20.070361
29	21.573591
29	12.480586
29	17.014197
29	22.577622
29	23.189786
29	15.072059
29	12.888514
30	17.649180
30	21.490938
30	18.691854
30	21.467367
30	9.663013
30	9.489877
30	20.448540
30	24.927587
30	18.431752
30	40.344185
30	15.130645
30	20.650759
30	17.587465
30	11.222515
30	18.012510
30	24.116300
30	21.852949
30	20.294946
30	21.395349
30	22.706842
30	19.705050
30	24.099061
30	26.163852
30	17.265437
30	26.512415
30	20.303224
30	14.689901
30	18.800442
30	17.596316
30	18.436999
30	17.423816
30	27.608607
30	33.084632
30	25.829121
30	16.767329
30	16.223721
30	20.382187
30	25.939029
30	14.643170
30	23.202342
30	21.671789
30	19.145867
30	25.512708
30	15.013261
30	20.163708
30	22.836489
30	18.025284
30	16.231263
30	15.728067
30	21.927601
30	20.850191
30	11.647510
30	17.125063
30	20.772320
30	15.244681
30	16.280074
30	20.481764
30	22.497110
30	17.521689
30	19.042005
30	16.458481
30	13.026124
30	23.252310
30	18.169908
30	12.902927
30	18.267356
30	19.871854
30	24.149787
30	19.918218
30	17.288115
30	15.873956
30	18.513412
30	17.757442
30	19.083842
30	15.883170
30	12.175195
30	14.800246
30	18.570365
30	13.123583
30	10.119796
30	20.718008
30	18.490864
30	23.274417
30	13.191723
30	13.650260
30	20.918574
30	14.116132
30	13.824075
30	24.661291
30	11.884933
30	17.308867
30	20.735448
30	12.275362
30	15.328701
30	14.798443
30	32.182859
30	16.686874
30	13.639694
30	20.680281
30	29.272192
