1	10.051282
1	12.307692
1	20.874811
1	0.000000
1	22.120582
1	20.798944
1	21.190131
1	11.282051
1	10.918803
1	12.923077
1	0.000000
1	20.379747
1	28.717949
1	10.875857
1	10.769231
1	20.258949
1	10.747208
1	20.374220
1	21.916329
1	20.478278
1	20.823915
1	21.580944
1	21.460140
1	21.490915
1	20.312997
1	10.741403
1	21.538462
1	10.698844
1	10.934911
1	10.909091
1	21.538462
1	10.551870
1	10.672211
1	21.538462
1	21.068531
1	11.019678
1	10.948718
1	11.089109
1	20.874280
1	10.614437
1	10.606881
1	3.954023
1	10.818182
1	10.868031
1	21.692308
1	4.418146
1	10.555273
1	10.824458
1	21.253454
1	11.153846
1	10.769231
1	0.000000
1	17.661538
1	20.500463
1	10.806238
1	21.538462
1	10.834106
1	21.486562
1	21.538462
1	10.805009
1	21.594116
1	21.923077
1	21.538462
1	10.963621
1	20.525514
1	10.910931
1	19.872963
1	43.076923
1	20.346021
1	21.538462
1	10.880254
1	21.262327
1	21.498869
1	11.237458
1	23.931624
1	10.872781
1	10.789285
1	10.506567
1	10.815851
1	20.567119
1	21.916329
1	22.435897
1	0.000000
1	15.760886
1	21.538462
1	20.523001
1	20.430373
1	10.820758
1	10.524476
1	10.501823
1	13.017850
1	10.993590
1	21.655518
1	21.622926
1	10.476955
1	8.261064
1	21.719457
1	12.923077
1	20.599089
1	21.538462
2	21.944848
2	20.626049
2	20.269004
2	20.510880
2	20.026087
2	20.983347
2	11.712521
2	16.166947
2	10.397878
2	10.594121
2	20.355958
2	21.505427
2	20.557414
2	28.870704
2	19.847540
2	10.487140
2	15.597689
2	21.592578
2	19.195365
2	12.178452
2	14.327347
2	10.987342
2	16.089744
2	15.521189
2	21.538462
2	20.788366
2	16.467381
2	21.475667
2	18.046798
2	21.461263
2	19.579190
2	13.265971
2	12.144862
2	21.712159
2	10.747990
2	20.966011
2	20.678357
2	18.536131
2	20.390012
2	9.936629
2	14.802206
2	22.224946
2	3.192597
2	20.712413
2	21.085020
2	4.123804
2	18.119658
2	21.538462
2	17.275351
2	13.806706
2	17.355524
2	14.180602
2	13.555399
2	21.109409
2	21.804368
2	10.817094
2	14.396058
2	14.248009
2	21.617647
2	18.501707
2	10.648228
2	17.873409
2	21.827568
2	9.894706
2	29.111203
2	12.654313
2	21.538462
2	1.116625
2	19.755022
2	21.186813
2	10.514338
2	21.538462
2	21.121588
2	12.865375
2	20.585120
2	21.913043
2	20.885781
2	16.957884
2	18.666667
2	16.250787
2	9.076763
2	20.208039
2	8.112563
2	23.351726
2	21.397975
2	18.820675
2	10.734037
2	12.735965
2	13.490180
2	21.634188
2	19.273780
2	18.548416
2	21.538462
2	19.001054
2	27.191353
2	20.338371
2	20.374220
2	14.916923
2	5.550661
2	21.273517
3	19.050355
3	19.405259
3	21.176132
3	13.512612
3	18.988644
3	8.482015
3	6.418238
3	18.081181
3	20.168912
3	21.623932
3	19.247961
3	16.698473
3	15.926505
3	17.505279
3	8.788994
3	13.924866
3	35.103110
3	17.386334
3	13.975950
3	23.198187
3	20.523378
3	14.984878
3	23.678501
3	12.905983
3	13.951460
3	11.825250
3	19.037378
3	17.968885
3	19.844425
3	14.906311
3	17.639969
3	21.158818
3	13.594375
3	20.874280
3	15.257919
3	21.709402
3	25.423637
3	11.116625
3	8.798415
3	9.717445
3	21.465696
3	17.839408
3	16.493416
3	9.184164
3	18.043478
3	14.742221
3	20.903862
3	6.304765
3	21.538462
3	11.422427
3	20.605253
3	14.617907
3	20.939478
3	15.097371
3	12.260355
3	17.226721
3	11.451989
3	22.546149
3	22.690941
3	21.427152
3	12.750293
3	20.442863
3	13.677124
3	23.863369
3	21.406465
3	10.594324
3	20.244860
3	21.470731
3	10.305745
3	16.663181
3	18.120456
3	21.283569
3	13.779037
3	9.692239
3	21.464951
3	13.495811
3	18.011696
3	29.920150
3	10.454124
3	13.789847
3	7.179487
3	20.446689
3	14.932043
3	10.611781
3	21.737892
3	9.039735
3	16.073158
3	21.148785
3	16.097166
3	31.020638
3	10.364018
3	19.823455
3	18.387966
3	14.066415
3	26.169707
3	25.164223
3	15.732575
3	20.457271
3	20.686658
3	11.732153
4	14.331676
4	20.526089
4	13.279743
4	17.520558
4	9.174494
4	24.120782
4	14.475241
4	4.501072
4	10.854741
4	8.676056
4	21.020156
4	36.173878
4	12.992424
4	12.010235
4	10.058352
4	18.380317
4	13.104524
4	18.680938
4	8.825291
4	17.477148
4	16.969697
4	14.574461
4	19.921683
4	20.828017
4	22.594975
4	20.763330
4	9.854077
4	15.956647
4	17.794954
4	14.980908
4	24.488239
4	17.643208
4	20.590939
4	23.380238
4	22.150883
4	24.653317
4	20.413827
4	7.766697
4	11.926564
4	11.283942
4	14.692129
4	25.321776
4	17.097229
4	18.443545
4	14.998278
4	15.111211
4	13.471092
4	20.119213
4	12.994801
4	12.846805
4	17.569070
4	18.809094
4	19.100250
4	14.646226
4	19.216836
4	14.900822
4	19.140738
4	14.325268
4	10.636693
4	8.251700
4	16.774983
4	18.142549
4	15.145759
4	20.049842
4	17.983862
4	18.095708
4	14.342711
4	29.403128
4	21.985627
4	13.215505
4	12.486772
4	23.948903
4	7.542088
4	21.680032
4	16.463379
4	26.174417
4	12.179499
4	17.715465
4	10.252212
4	9.061938
4	10.592965
4	18.801025
4	14.094100
4	10.792224
4	24.132867
4	19.488207
4	11.780900
4	18.572901
4	18.075949
4	25.627341
4	21.045214
4	13.690581
4	12.721490
4	16.506841
4	10.681640
4	7.652550
4	14.807119
4	20.648114
4	5.574496
4	15.464039
5	22.933333
5	11.050461
5	21.043798
5	10.200573
5	19.180526
5	13.452347
5	25.723936
5	20.153671
5	14.451870
5	12.378383
5	15.699123
5	17.070483
5	8.308028
5	12.187160
5	24.062923
5	8.160753
5	16.852483
5	18.054263
5	19.488400
5	7.806078
5	13.229374
5	12.778276
5	21.680395
5	21.459854
5	16.189670
5	17.682890
5	12.897392
5	19.384615
5	15.784643
5	12.452807
5	11.521550
5	10.934670
5	17.912399
5	10.925994
5	16.734517
5	24.359760
5	17.158158
5	19.447514
5	16.904025
5	19.929000
5	15.471131
5	24.184131
5	17.810198
5	14.212121
5	11.704721
5	15.046492
5	14.459387
5	21.682817
5	18.041405
5	22.325423
5	13.863466
5	14.119729
5	12.176170
5	16.290985
5	10.008899
5	15.297756
5	25.541882
5	17.622270
5	12.895670
5	18.511882
5	16.364790
5	12.931034
5	25.642428
5	9.107172
5	19.587057
5	18.333730
5	14.548534
5	14.881454
5	10.510488
5	10.350900
5	11.507309
5	16.077222
5	9.768923
5	15.677062
5	10.560451
5	20.389203
5	21.842599
5	18.575353
5	10.017780
5	19.763566
5	16.604762
5	15.915817
5	25.181793
5	24.471069
5	17.201060
5	32.763503
5	21.187307
5	26.012579
5	30.674203
5	15.429298
5	22.648320
5	13.791177
5	6.868526
5	18.403361
5	13.551043
5	18.355130
5	12.807293
5	16.983070
5	31.291139
5	20.783638
6	9.367286
6	10.961887
6	24.364474
6	17.358151
6	20.791170
6	18.635817
6	13.455206
6	22.718900
6	12.444444
6	19.669875
6	17.643138
6	17.788130
6	23.391356
6	21.007839
6	18.125000
6	8.168047
6	11.494413
6	12.760434
6	15.797406
6	21.266036
6	15.534667
6	17.630308
6	13.975257
6	16.908699
6	13.342948
6	14.878681
6	16.384743
6	22.118986
6	11.019727
6	18.509006
6	16.332660
6	18.708287
6	24.397030
6	14.212897
6	17.385472
6	13.283939
6	32.152266
6	21.767197
6	17.514949
6	16.403776
6	13.327045
6	19.382346
6	22.990049
6	17.151585
6	14.721119
6	18.586207
6	16.350626
6	18.765836
6	18.087195
6	28.322029
6	18.615758
6	19.646752
6	19.728563
6	34.759269
6	24.104492
6	20.949400
6	20.841352
6	19.367872
6	12.535153
6	29.050773
6	13.598633
6	19.726122
6	18.983971
6	13.820626
6	19.230672
6	15.353725
6	19.232724
6	15.149411
6	9.880552
6	22.595903
6	16.199028
6	11.497269
6	13.616236
6	21.260456
6	10.825090
6	19.701205
6	17.457490
6	13.454807
6	18.020105
6	19.600000
6	23.578004
6	15.226586
6	11.211211
6	14.101353
6	16.673881
6	13.450288
6	16.595311
6	16.839733
6	24.800345
6	18.802672
6	16.008073
6	17.252986
6	19.564818
6	13.177216
6	11.389956
6	17.426224
6	15.714195
6	10.663723
6	19.079990
6	17.602754
7	18.457143
7	9.820510
7	11.055184
7	24.310431
7	18.218686
7	17.381708
7	16.177237
7	11.860304
7	11.771346
7	16.430712
7	22.016750
7	12.294806
7	8.888120
7	12.433666
7	22.603621
7	12.921288
7	16.285377
7	18.054793
7	17.675947
7	24.524772
7	19.170671
7	12.304846
7	18.357469
7	17.271949
7	8.228481
7	19.235183
7	25.953873
7	17.979404
7	21.439271
7	15.846834
7	16.206037
7	17.684718
7	16.135406
7	15.351571
7	17.670089
7	10.774710
7	23.638994
7	25.228180
7	9.468431
7	16.394606
7	14.692672
7	16.016227
7	20.813930
7	25.849281
7	13.768038
7	19.761350
7	13.376137
7	22.756773
7	9.057155
7	13.066667
7	11.396844
7	18.779851
7	17.135025
7	31.629930
7	24.438727
7	12.306470
7	10.517725
7	23.578790
7	11.959706
7	17.284590
7	29.901880
7	21.470539
7	7.322628
7	15.138032
7	9.939281
7	29.153258
7	16.377190
7	8.630604
7	20.878113
7	15.851880
7	21.481359
7	10.771476
7	13.078828
7	12.715025
7	12.335451
7	10.429043
7	14.811121
7	16.574879
7	13.550799
7	14.045356
7	16.459105
7	17.275641
7	14.318697
7	10.980619
7	15.928072
7	24.752062
7	14.059007
7	27.286635
7	21.943250
7	33.274760
7	20.943180
7	20.923423
7	17.152980
7	17.888376
7	11.541456
7	19.573886
7	15.259097
7	14.834756
7	12.835539
7	22.992564
8	13.508188
8	12.672701
8	14.950820
8	19.379124
8	20.341502
8	23.977695
8	18.595911
8	14.552497
8	18.888976
8	18.202532
8	6.946471
8	16.344382
8	11.264177
8	20.950928
8	21.422608
8	16.324189
8	20.114421
8	23.139637
8	12.526255
8	16.482200
8	16.281144
8	31.398999
8	23.244115
8	19.530155
8	13.790790
8	12.457063
8	19.213684
8	18.646617
8	12.885070
8	17.759895
8	13.951081
8	17.509709
8	15.992509
8	23.568581
8	36.474954
8	23.606924
8	22.196036
8	19.340334
8	15.816332
8	19.698809
8	22.160136
8	18.146760
8	8.533401
8	15.934162
8	15.252116
8	22.907041
8	15.441679
8	16.217689
8	21.886823
8	14.310884
8	13.740603
8	16.997407
8	32.747103
8	23.384581
8	16.826375
8	16.471219
8	23.721923
8	17.645638
8	13.586168
8	15.285105
8	19.607519
8	10.916044
8	18.485513
8	24.169647
8	22.947733
8	25.671608
8	17.485120
8	15.697539
8	11.540317
8	16.455045
8	13.064042
8	20.385005
8	22.425766
8	15.404500
8	19.335938
8	13.383880
8	15.681895
8	19.168476
8	18.291018
8	25.429776
8	17.331462
8	16.981744
8	23.364366
8	21.996047
8	16.154029
8	16.862629
8	19.626941
8	10.204245
8	16.916524
8	18.493492
8	16.004692
8	17.710702
8	19.271003
8	22.943221
8	29.945822
8	11.870622
8	11.718035
8	17.562335
8	19.755220
8	29.052684
9	20.625324
9	12.439063
9	19.267481
9	26.323882
9	18.314724
9	8.876404
9	13.166064
9	17.986381
9	17.352538
9	20.676923
9	17.069305
9	18.388126
9	27.996689
9	12.186469
9	13.706822
9	17.516418
9	18.312198
9	10.970008
9	24.823856
9	14.394349
9	17.038625
9	12.511540
9	16.842948
9	13.050163
9	16.818974
9	23.768304
9	13.796922
9	14.757264
9	14.100148
9	13.547166
9	18.660169
9	15.601942
9	12.140581
9	14.577197
9	19.608936
9	16.235015
9	25.926883
9	15.510524
9	17.759981
9	27.155233
9	16.988485
9	12.561760
9	13.164894
9	18.373673
9	5.277778
9	15.954288
9	16.979813
9	13.768885
9	13.889515
9	14.057830
9	27.097125
9	19.515908
9	21.745360
9	18.084211
9	14.295801
9	11.302097
9	17.612299
9	16.423991
9	31.562553
9	20.587119
9	27.808418
9	11.833972
9	18.018397
9	29.795266
9	22.910113
9	18.111064
9	19.286229
9	13.951260
9	16.559555
9	21.590901
9	13.150019
9	18.824791
9	20.024258
9	18.905150
9	13.832383
9	21.496190
9	16.583700
9	15.987356
9	29.951923
9	13.442578
9	18.114848
9	21.761295
9	17.591712
9	15.514512
9	13.892774
9	11.655158
9	19.192945
9	13.826113
9	12.317606
9	18.610182
9	22.397862
9	21.204562
9	12.717930
9	19.598196
9	12.762887
9	21.436595
9	19.413829
9	19.878319
9	13.925165
9	10.270752
10	22.900966
10	13.283108
10	18.288366
10	15.973676
10	11.533619
10	9.082576
10	21.864010
10	18.417733
10	22.659449
10	14.065054
10	16.859441
10	22.914640
10	29.759051
10	14.268280
10	12.838357
10	11.146522
10	14.755463
10	15.477524
10	15.721703
10	24.599172
10	18.280268
10	11.853008
10	24.672790
10	12.885012
10	19.102756
10	15.078046
10	17.595237
10	22.549327
10	10.101161
10	14.618389
10	22.864414
10	16.846254
10	15.639193
10	21.287451
10	13.916662
10	22.658960
10	17.588888
10	26.617524
10	12.627742
10	24.325958
10	19.339603
10	16.982504
10	12.342950
10	14.662664
10	15.046428
10	14.726602
10	11.531027
10	13.848706
10	10.273183
10	19.093276
10	17.049066
10	20.007080
10	22.794232
10	16.884107
10	20.267384
10	17.731460
10	17.699244
10	12.364653
10	21.504200
10	43.255056
10	13.871525
10	20.421165
10	16.187953
10	18.721340
10	16.773413
10	12.148193
10	16.083426
10	25.494400
10	12.329610
10	16.584821
10	18.203174
10	19.210248
10	14.330128
10	37.218076
10	14.154176
10	11.553723
10	12.086331
10	16.539744
10	16.507050
10	16.733837
10	16.754202
10	21.124508
10	23.661344
10	15.182850
10	18.277859
10	16.286425
10	27.667732
10	20.155798
10	28.304984
10	13.273253
10	20.753984
10	16.757583
10	15.638406
10	8.321870
10	16.439638
10	15.008504
10	28.755818
10	16.035907
10	14.326170
10	24.009709
11	18.275316
11	14.385321
11	17.894695
11	19.326599
11	26.473905
11	14.458136
11	20.984737
11	14.530595
11	11.907260
11	15.463616
11	22.547730
11	21.113619
11	33.622473
11	20.410666
11	13.853647
11	18.373902
11	17.425451
11	19.249811
11	22.705077
11	17.662299
11	14.729098
11	16.871449
11	12.164862
11	22.215868
11	16.379099
11	12.083302
11	19.102098
11	15.243492
11	11.808357
11	15.877282
11	18.160040
11	18.748628
11	19.925942
11	20.978045
11	11.406902
11	12.734781
11	15.479611
11	21.212967
11	14.015904
11	14.696598
11	16.566609
11	16.065931
11	16.980544
11	14.935020
11	21.847735
11	23.018305
11	20.810329
11	12.982016
11	14.995940
11	21.213344
11	20.820249
11	20.944250
11	20.157078
11	18.357698
11	18.234221
11	23.285393
11	19.232515
11	17.467259
11	15.887537
11	30.354913
11	15.747721
11	12.593036
11	10.173660
11	14.689272
11	12.993750
11	20.074373
11	7.725591
11	11.770528
11	19.452458
11	33.660980
11	26.612927
11	21.415113
11	16.065414
11	18.191264
11	15.422985
11	14.295456
11	20.272981
11	18.148718
11	18.755224
11	13.631347
11	22.035188
11	16.900184
11	22.335077
11	20.379429
11	10.942577
11	14.465019
11	18.215887
11	6.020698
11	16.131212
11	19.131406
11	17.388144
11	14.227077
11	11.681759
11	24.130642
11	13.854647
11	13.372069
11	15.813443
11	15.818298
11	12.714090
11	12.848101
12	23.241022
12	8.424701
12	19.019569
12	19.163107
12	22.338544
12	18.493436
12	19.174649
12	20.195007
12	12.090928
12	10.108595
12	28.475571
12	13.448706
12	14.632759
12	11.414939
12	18.415648
12	14.463475
12	14.784623
12	16.251071
12	14.556953
12	16.536544
12	11.803343
12	16.405724
12	16.895710
12	13.533712
12	16.519618
12	17.684046
12	28.658033
12	13.607270
12	25.357234
12	18.144116
12	18.170701
12	17.266667
12	20.947864
12	12.740535
12	18.023859
12	15.835987
12	14.307697
12	24.538860
12	10.265025
12	17.232317
12	30.435571
12	24.860937
12	22.231821
12	18.890216
12	19.885271
12	18.127158
12	36.524476
12	23.471947
12	15.249390
12	17.493636
12	18.433014
12	15.759487
12	14.453441
12	23.108312
12	19.573624
12	27.875251
12	15.593767
12	18.285138
12	15.014493
12	16.591344
12	11.733908
12	15.763693
12	21.565545
12	17.528729
12	12.142150
12	14.733495
12	12.926780
12	25.925626
12	19.454134
12	10.781109
12	23.456159
12	28.600570
12	19.733024
12	15.020883
12	22.360853
12	16.806636
12	18.759863
12	19.586319
12	23.152366
12	27.587216
12	25.327025
12	11.807387
12	15.125539
12	26.904496
12	17.390564
12	25.910448
12	23.053693
12	11.650652
12	21.929529
12	36.727223
12	15.525145
12	18.917189
12	22.729011
12	15.395012
12	23.638705
12	11.801873
12	16.568396
12	19.195633
12	11.026315
12	17.685409
13	22.509435
13	13.893538
13	26.477916
13	13.739905
13	20.424026
13	14.587689
13	20.299506
13	15.234359
13	16.358717
13	11.140672
13	17.487673
13	14.572182
13	12.849372
13	23.449325
13	18.151925
13	21.946008
13	21.735687
13	17.360268
13	17.479643
13	18.560850
13	21.113508
13	26.356063
13	21.720746
13	26.887038
13	20.730891
13	24.582094
13	13.614455
13	5.741662
13	17.201018
13	21.741885
13	12.857053
13	22.224339
13	17.061796
13	15.224705
13	37.773546
13	26.421523
13	12.723854
13	14.912488
13	15.720446
13	16.553488
13	22.581244
13	31.882286
13	20.669753
13	20.815152
13	26.034017
13	21.040735
13	8.536585
13	27.025549
13	21.038135
13	18.927928
13	22.226471
13	12.207985
13	13.645916
13	14.961013
13	15.475436
13	30.126235
13	15.362296
13	19.827369
13	17.050938
13	12.675353
13	13.471044
13	16.769578
13	13.860534
13	15.528484
13	17.917953
13	10.879641
13	16.055351
13	12.929919
13	15.514768
13	12.468308
13	13.122277
13	17.141641
13	8.601893
13	16.577210
13	13.075252
13	32.592135
13	17.536993
13	13.209214
13	20.413416
13	12.176180
13	8.641856
13	11.370225
13	14.771201
13	21.170530
13	21.431978
13	19.580234
13	22.820888
13	17.393450
13	17.814062
13	15.036477
13	13.353527
13	21.714431
13	12.389857
13	12.176682
13	19.551163
13	12.768072
13	26.906953
13	13.027827
13	28.118383
13	10.981877
14	11.846295
14	21.515091
14	17.287419
14	20.238034
14	22.312987
14	20.720632
14	21.763229
14	15.599470
14	19.852448
14	19.867003
14	14.992775
14	28.302681
14	13.440319
14	15.748993
14	26.102965
14	14.408910
14	14.480204
14	19.225050
14	12.081411
14	20.531308
14	16.641333
14	10.914142
14	19.482412
14	17.082936
14	17.947890
14	22.568713
14	22.181190
14	16.266837
14	21.347690
14	14.248048
14	10.963324
14	18.298044
14	13.516020
14	12.215780
14	15.456766
14	18.866210
14	9.167076
14	16.731179
14	26.349138
14	20.120766
14	17.596111
14	19.313017
14	17.503210
14	19.584417
14	13.574609
14	21.289590
14	13.260388
14	17.784669
14	14.784370
14	21.148711
14	24.520602
14	18.857123
14	17.130387
14	24.575371
14	20.967856
14	16.240937
14	20.864201
14	12.304463
14	17.056030
14	13.654932
14	23.785734
14	24.194237
14	23.300404
14	28.130613
14	14.659794
14	17.169143
14	30.405969
14	8.506589
14	18.294910
14	20.993749
14	17.906369
14	19.960314
14	15.255148
14	15.095788
14	31.030738
14	18.785276
14	20.603339
14	16.932515
14	16.713919
14	21.218342
14	17.135375
14	12.753453
14	14.318773
14	19.391760
14	16.566913
14	16.536779
14	7.442379
14	21.497849
14	24.955692
14	27.306895
14	18.100210
14	6.627182
14	14.117228
14	17.787030
14	14.613133
14	7.798949
14	17.309497
14	12.970344
14	22.458373
14	12.853807
15	16.709122
15	14.032853
15	15.889528
15	14.321835
15	13.786752
15	16.457686
15	11.546392
15	20.008358
15	16.403785
15	16.400664
15	15.601018
15	18.301149
15	11.108002
15	11.810132
15	20.520215
15	14.984841
15	24.523147
15	24.519104
15	27.373755
15	18.573612
15	22.760567
15	21.744241
15	11.526969
15	12.352941
15	21.654608
15	24.115255
15	16.176170
15	11.773134
15	15.089327
15	14.199147
15	19.553024
15	24.032039
15	20.488914
15	20.185295
15	12.311844
15	14.677449
15	28.542704
15	22.423650
15	23.087534
15	13.633448
15	22.294395
15	23.796222
15	21.061379
15	22.715043
15	14.695885
15	18.767794
15	10.330221
15	15.761103
15	22.220459
15	21.981238
15	15.742705
15	16.921980
15	18.778499
15	21.961559
15	15.843981
15	23.147270
15	9.889553
15	16.418945
15	18.706618
15	15.943124
15	22.640384
15	24.899117
15	15.547512
15	22.601156
15	10.366333
15	21.943607
15	13.892814
15	16.138152
15	16.487504
15	23.804567
15	15.815720
15	23.831915
15	23.131836
15	12.162214
15	15.257343
15	14.896048
15	19.124405
15	14.687415
15	20.729996
15	22.271562
15	13.054976
15	22.717015
15	16.347577
15	12.584172
15	28.470940
15	14.247535
15	16.315123
15	23.610451
15	12.995219
15	12.556168
15	31.704021
15	22.573261
15	21.143504
15	21.009472
15	27.768802
15	20.571895
15	15.686688
15	16.566020
15	9.211728
15	26.392731
16	19.170157
16	15.542687
16	22.948431
16	13.958024
16	22.356570
16	16.208130
16	16.580916
16	19.540221
16	24.712439
16	19.948610
16	10.527538
16	19.398432
16	24.767133
16	25.363179
16	21.169013
16	10.636735
16	16.370146
16	18.092553
16	22.728426
16	15.353160
16	22.740751
16	25.098598
16	10.541697
16	17.114237
16	14.100213
16	17.599176
16	28.955533
16	18.914796
16	23.435958
16	18.924107
16	16.839610
16	12.710765
16	23.824815
16	15.574090
16	20.661912
16	14.832890
16	18.840097
16	9.722767
16	11.626844
16	13.963187
16	18.429679
16	17.449148
16	18.147722
16	14.930498
16	14.642595
16	13.404009
16	14.330773
16	15.560097
16	21.631775
16	17.457939
16	22.810591
16	14.817571
16	13.228678
16	19.739033
16	25.332716
16	18.440063
16	19.289399
16	11.764224
16	14.917151
16	18.620659
16	16.015057
16	14.162190
16	17.380988
16	22.586768
16	17.856247
16	12.435989
16	15.111934
16	15.268940
16	15.218363
16	15.131106
16	32.472045
16	15.612333
16	14.839073
16	16.849646
16	18.592045
16	10.671506
16	19.793103
16	19.158851
16	12.673209
16	10.600807
16	18.034252
16	14.078639
16	15.518692
16	15.379156
16	12.938485
16	16.852103
16	13.689955
16	19.452944
16	27.886218
16	20.078947
16	18.394340
16	23.634569
16	15.920802
16	15.604059
16	12.329643
16	19.803265
16	19.853781
16	14.406355
16	18.379140
16	22.180305
17	11.721001
17	15.631961
17	11.208466
17	15.902451
17	18.063563
17	9.898026
17	21.045124
17	12.336027
17	18.238740
17	10.254137
17	22.170873
17	14.442957
17	15.379314
17	8.899597
17	22.448087
17	22.380107
17	22.139202
17	17.689005
17	18.953152
17	13.053148
17	17.347382
17	17.724242
17	13.934928
17	15.546008
17	15.059133
17	13.288831
17	27.345311
17	9.205878
17	16.482673
17	12.534445
17	16.865588
17	23.370595
17	20.477647
17	15.142547
17	13.192414
17	13.373816
17	22.011187
17	29.783056
17	24.867821
17	18.402710
17	19.636898
17	18.973648
17	12.219683
17	19.693194
17	27.686932
17	18.186881
17	16.798135
17	21.048614
17	9.402428
17	32.042792
17	12.957488
17	14.977627
17	22.379582
17	24.859627
17	16.377072
17	13.479135
17	28.552380
17	20.652814
17	14.168430
17	21.621356
17	18.688061
17	15.518268
17	27.790370
17	16.638687
17	21.390125
17	14.932640
17	19.003390
17	12.862306
17	16.131069
17	14.203099
17	23.588257
17	15.535708
17	19.799073
17	14.748992
17	14.585867
17	23.719727
17	16.409256
17	28.669287
17	22.429907
17	21.162833
17	21.264035
17	18.160425
17	16.834071
17	27.278606
17	13.879771
17	13.883978
17	17.873981
17	24.765343
17	19.247448
17	16.087166
17	18.504322
17	29.685922
17	15.286089
17	16.065078
17	18.548363
17	15.596060
17	15.576046
17	19.182865
17	19.947009
17	14.728702
18	18.173194
18	15.387569
18	12.232033
18	17.460317
18	15.596448
18	18.278530
18	18.541967
18	15.766240
18	14.845859
18	16.556446
18	20.408135
18	16.984277
18	18.713788
18	15.564336
18	13.586573
18	23.328258
18	17.854288
18	28.725335
18	20.354536
18	23.411671
18	18.489934
18	12.024234
18	15.475413
18	19.400297
18	24.871895
18	28.769225
18	14.590520
18	20.359897
18	16.447209
18	20.140190
18	9.158191
18	29.323608
18	15.701760
18	12.309619
18	16.992273
18	18.789160
18	13.870057
18	14.268978
18	26.775196
18	20.644730
18	29.763396
18	22.022344
18	20.136441
18	18.250308
18	10.045379
18	18.418138
18	17.619863
18	15.841270
18	23.862037
18	11.788440
18	8.125766
18	13.849747
18	17.532803
18	20.741987
18	14.494440
18	21.226497
18	17.259896
18	18.088613
18	21.057760
18	14.683901
18	17.348887
18	18.683164
18	24.021090
18	16.811912
18	19.103514
18	12.952735
18	18.294650
18	15.390641
18	15.035426
18	15.530569
18	24.324242
18	27.637097
18	16.719492
18	16.088232
18	9.130249
18	17.234160
18	20.767836
18	21.072975
18	13.915964
18	14.386994
18	13.297049
18	22.831158
18	16.895421
18	19.204815
18	11.001829
18	11.832404
18	13.453144
18	24.161682
18	15.765918
18	27.322368
18	17.320260
18	35.550968
18	12.962529
18	14.355422
18	22.325794
18	24.284611
18	14.807562
18	23.188080
18	18.444702
18	21.100182
19	14.455816
19	14.115974
19	29.104210
19	18.028862
19	13.569718
19	18.444161
19	17.446599
19	16.430521
19	8.472810
19	16.607333
19	17.114035
19	13.205174
19	21.208975
19	27.983612
19	26.415240
19	11.216315
19	23.839568
19	18.517832
19	11.741345
19	19.997877
19	21.480085
19	12.634855
19	18.398134
19	20.120372
19	25.011680
19	25.372680
19	19.245742
19	15.003740
19	10.201196
19	18.144887
19	13.283807
19	14.957552
19	16.176739
19	15.845706
19	14.100090
19	16.038765
19	20.709387
19	15.062886
19	13.778539
19	20.368262
19	20.458166
19	18.940906
19	16.646611
19	13.093453
19	18.613041
19	11.062200
19	17.146518
19	13.240691
19	16.777254
19	24.781598
19	11.206235
19	13.151319
19	32.941927
19	20.151381
19	21.642138
19	16.476480
19	16.392780
19	12.860468
19	13.536702
19	23.123254
19	10.295239
19	14.887285
19	15.323254
19	18.679158
19	21.227341
19	19.301950
19	19.546101
19	11.068019
19	17.629197
19	20.256857
19	15.676636
19	17.197232
19	8.869801
19	10.546385
19	18.772250
19	18.440912
19	12.719500
19	11.950194
19	10.482409
19	20.068151
19	16.146767
19	17.079309
19	18.094012
19	24.871878
19	22.207593
19	18.389543
19	13.142464
19	19.242988
19	15.957384
19	18.463219
19	17.446669
19	8.304544
19	16.964822
19	21.316351
19	12.217870
19	19.287238
19	16.152068
19	15.388661
19	10.376415
19	18.604841
20	26.027540
20	21.903484
20	17.011238
20	17.416133
20	18.844848
20	18.321985
20	11.066878
20	20.471642
20	29.417543
20	28.823814
20	11.670738
20	20.609093
20	18.106817
20	17.900855
20	12.743388
20	15.755249
20	20.276301
20	22.832800
20	18.116047
20	12.901969
20	15.298261
20	12.458899
20	17.559073
20	18.913114
20	23.119904
20	11.870942
20	7.597740
20	13.599732
20	27.164013
20	17.316144
20	18.362728
20	11.987740
20	16.203766
20	8.532213
20	17.086568
20	14.833337
20	15.386555
20	10.631745
20	12.220609
20	26.494267
20	19.173970
20	16.608592
20	13.321731
20	23.603650
20	20.949566
20	13.521005
20	24.134214
20	24.151349
20	17.156526
20	23.917164
20	17.241788
20	17.849511
20	7.321712
20	16.874446
20	18.800527
20	17.811176
20	19.270253
20	10.763523
20	14.547449
20	12.777647
20	14.624403
20	14.156491
20	17.691129
20	11.870456
20	24.106642
20	14.421718
20	14.878658
20	18.488271
20	16.536326
20	22.066914
20	21.569601
20	10.683298
20	16.144056
20	14.049260
20	18.012872
20	19.531228
20	16.880114
20	15.816545
20	22.903814
20	23.467746
20	11.595004
20	19.425573
20	13.281165
20	21.620979
20	16.221740
20	15.937772
20	17.719728
20	20.006715
20	16.755493
20	21.024802
20	18.699770
20	24.336721
20	12.702350
20	16.762825
20	12.536802
20	17.449344
20	13.394200
20	17.215178
20	19.987341
20	26.970509
21	15.992405
21	17.884191
21	21.667418
21	15.800381
21	14.034157
21	8.590489
21	23.542405
21	13.012331
21	17.307282
21	19.410057
21	18.872986
21	18.236465
21	15.402750
21	9.701853
21	18.078975
21	23.590839
21	17.928775
21	20.389452
21	22.819243
21	18.452160
21	16.437668
21	22.902436
21	20.534410
21	20.739162
21	25.000480
21	16.506420
21	10.176425
21	17.902250
21	20.643925
21	12.532250
21	18.446564
21	18.101283
21	20.126540
21	16.513579
21	18.280518
21	13.767063
21	25.473749
21	22.860096
21	15.296332
21	10.020409
21	16.170858
21	17.706147
21	16.856881
21	18.273802
21	14.151858
21	15.210590
21	21.295066
21	8.617422
21	24.897456
21	13.121931
21	14.092336
21	13.174282
21	17.271697
21	16.935889
21	16.096233
21	16.398982
21	19.120746
21	16.862289
21	8.573658
21	22.119754
21	24.735668
21	15.076126
21	13.495176
21	27.351234
21	13.762698
21	19.447575
21	17.867822
21	19.374183
21	21.686585
21	23.785689
21	14.186606
21	18.753853
21	21.494584
21	17.818846
21	18.966257
21	18.368529
21	16.844130
21	14.427403
21	10.483172
21	13.384718
21	15.929916
21	24.667697
21	17.682488
21	22.285652
21	13.386318
21	18.960787
21	18.229221
21	20.237443
21	11.823471
21	18.872500
21	24.800100
21	26.196570
21	21.937917
21	30.842304
21	17.676713
21	15.094000
21	12.216150
21	11.315889
21	15.645954
21	19.737644
22	21.541089
22	10.399659
22	14.507824
22	12.502335
22	25.410122
22	16.408263
22	11.150537
22	13.665163
22	17.562214
22	25.141651
22	13.674817
22	20.224326
22	17.048864
22	8.628335
22	13.274891
22	18.186406
22	25.085615
22	11.906158
22	7.884167
22	14.152165
22	19.498569
22	12.203954
22	22.146557
22	18.695726
22	14.542038
22	18.345240
22	14.499813
22	20.078652
22	22.487487
22	13.817319
22	15.756912
22	15.406260
22	15.032255
22	23.006526
22	19.041056
22	15.340530
22	14.398121
22	16.522474
22	44.725306
22	20.251842
22	19.350552
22	22.351245
22	11.232206
22	18.751391
22	15.788157
22	14.380162
22	22.666757
22	11.809511
22	12.408821
22	6.724624
22	9.120751
22	21.647667
22	9.359719
22	19.329575
22	33.659214
22	21.465606
22	18.466686
22	12.936056
22	17.142624
22	18.876759
22	13.820415
22	8.674102
22	22.879559
22	11.368676
22	17.835016
22	18.992199
22	18.914466
22	12.563548
22	17.754648
22	10.609005
22	21.907398
22	16.923117
22	12.983666
22	15.631256
22	16.873924
22	21.182656
22	13.994055
22	17.483485
22	24.896349
22	15.956837
22	18.944990
22	24.973838
22	14.234172
22	11.444111
22	19.528837
22	14.264101
22	16.628066
22	14.071298
22	16.357695
22	22.062911
22	17.112744
22	16.316204
22	7.977339
22	12.548893
22	20.948132
22	19.471704
22	18.210945
22	16.212364
22	34.908644
22	15.103366
23	14.437782
23	19.437656
23	26.265373
23	11.945527
23	16.160252
23	16.692659
23	15.070317
23	21.442174
23	14.794832
23	28.317523
23	11.115246
23	19.017924
23	13.293677
23	15.678417
23	19.718860
23	18.221820
23	14.217427
23	9.675532
23	17.216103
23	17.295770
23	13.290742
23	16.999902
23	18.383802
23	14.626648
23	13.517184
23	16.537004
23	15.729345
23	11.958522
23	19.498283
23	12.519223
23	15.743339
23	20.249733
23	21.291744
23	23.199797
23	26.578275
23	16.986619
23	27.901093
23	27.238053
23	11.475193
23	18.328537
23	15.621544
23	24.701442
23	10.599281
23	7.213747
23	16.841944
23	15.197898
23	14.049457
23	12.239243
23	16.677248
23	22.273047
23	23.567167
23	36.121389
23	17.350777
23	15.571591
23	12.597571
23	11.623280
23	26.039743
23	19.300670
23	22.860066
23	15.230579
23	13.003371
23	15.410023
23	13.385398
23	11.877679
23	23.766655
23	13.731470
23	34.596688
23	23.546849
23	15.391562
23	18.686378
23	5.981510
23	20.679502
23	23.866584
23	12.347007
23	6.128814
23	21.801640
23	17.636037
23	16.295507
23	12.951091
23	17.928656
23	19.034838
23	10.687602
23	27.499187
23	20.703538
23	13.549596
23	24.728243
23	17.005779
23	10.796764
23	16.900118
23	11.408622
23	17.277846
23	19.206813
23	12.685898
23	16.960680
23	20.430326
23	21.825111
23	14.721883
23	20.380812
23	21.399177
23	14.022110
24	12.288442
24	15.099980
24	20.078688
24	10.146431
24	16.424267
24	22.560464
24	13.755186
24	21.051682
24	15.004529
24	16.559689
24	14.445722
24	13.685190
24	14.584714
24	14.692486
24	10.289581
24	24.917402
24	17.544878
24	14.363357
24	27.008598
24	17.150776
24	13.349076
24	17.950139
24	22.020998
24	24.130667
24	21.515567
24	14.727996
24	9.542356
24	23.260028
24	10.181046
24	11.697208
24	13.028953
24	14.073713
24	22.043324
24	19.170895
24	17.470812
24	14.277026
24	21.928099
24	18.811414
24	22.193059
24	10.682936
24	10.617703
24	15.492883
24	16.465905
24	22.093202
24	16.273971
24	21.401960
24	15.858629
24	20.325554
24	12.963138
24	18.000905
24	18.219795
24	9.382682
24	15.847560
24	18.920695
24	27.395226
24	16.912797
24	21.154925
24	10.385721
24	18.079926
24	13.314077
24	15.206158
24	20.531153
24	24.201210
24	16.353723
24	24.899344
24	24.485340
24	28.774389
24	13.167509
24	15.914439
24	18.987770
24	22.764437
24	13.072786
24	19.225999
24	14.880722
24	21.239389
24	14.416094
24	18.811009
24	14.804492
24	24.036191
24	23.252798
24	16.302239
24	16.962593
24	30.869345
24	14.217659
24	14.340803
24	15.818433
24	13.262665
24	19.711723
24	12.173665
24	16.800518
24	11.583559
24	21.529073
24	13.158419
24	15.412515
24	11.745780
24	32.957268
24	9.720737
24	13.576921
24	16.332793
24	11.616095
25	11.190569
25	14.165718
25	11.573682
25	14.513719
25	17.219234
25	26.285532
25	13.705246
25	17.760056
25	24.091504
25	13.120939
25	22.177479
25	17.171637
25	12.733134
25	22.022822
25	14.638741
25	10.785160
25	22.503750
25	15.946811
25	17.905740
25	9.120071
25	21.138518
25	17.949121
25	23.985183
25	17.310133
25	21.636705
25	18.201564
25	25.618883
25	19.315725
25	11.343311
25	15.322965
25	14.695358
25	37.899694
25	11.506081
25	21.145726
25	15.264428
25	14.630429
25	34.143670
25	10.953494
25	15.668524
25	23.878018
25	13.026728
25	17.818727
25	13.541397
25	11.132144
25	15.573433
25	20.399330
25	31.593140
25	16.209892
25	22.764071
25	17.120393
25	21.696674
25	13.440000
25	10.891375
25	13.430728
25	10.409707
25	9.634185
25	19.881314
25	17.895513
25	17.596347
25	15.156107
25	23.462719
25	19.320964
25	11.080020
25	16.667606
25	19.339946
25	16.891487
25	13.266474
25	15.255881
25	17.724178
25	15.734612
25	18.125837
25	14.116027
25	18.789261
25	16.495706
25	14.564287
25	11.856626
25	24.852968
25	15.679884
25	15.289324
25	12.362548
25	20.583928
25	17.371923
25	17.326658
25	16.710002
25	14.853175
25	14.436394
25	11.416418
25	13.299925
25	15.305466
25	18.673034
25	19.168338
25	8.984914
25	20.460562
25	12.469017
25	14.584356
25	22.185248
25	12.971835
25	18.361920
25	25.499536
25	19.074181
26	11.118419
26	39.748892
26	15.355420
26	14.432172
26	15.788195
26	19.986942
26	11.557132
26	20.495926
26	16.456559
26	16.163456
26	22.555186
26	17.486477
26	20.780621
26	18.802191
26	19.959767
26	15.279334
26	15.855922
26	27.866703
26	22.046744
26	11.800469
26	22.725547
26	29.360984
26	12.295536
26	10.616397
26	20.471135
26	13.090841
26	15.780347
26	25.543434
26	6.635132
26	28.081283
26	17.768557
26	12.697647
26	13.803846
26	27.231527
26	15.066987
26	15.842814
26	11.934328
26	18.828527
26	28.856919
26	12.804563
26	19.103728
26	19.280320
26	20.287693
26	14.325435
26	38.250882
26	25.958584
26	15.059233
26	13.956785
26	20.350573
26	18.579504
26	19.490778
26	14.402725
26	12.306878
26	13.332223
26	14.492279
26	12.074715
26	25.020309
26	32.386918
26	19.824883
26	17.205767
26	13.032550
26	11.673733
26	8.686451
26	13.215893
26	9.862628
26	12.833110
26	13.846311
26	17.555704
26	9.762650
26	14.405303
26	18.550725
26	21.173291
26	10.119618
26	19.499193
26	17.399947
26	22.283559
26	7.419025
26	26.037244
26	18.154463
26	15.656821
26	16.547582
26	19.278507
26	12.475553
26	10.817865
26	12.522799
26	21.359011
26	20.229547
26	20.866636
26	23.060390
26	22.333397
26	21.865781
26	18.374074
26	25.320132
26	17.645599
26	13.440824
26	13.483564
26	21.358013
26	15.649782
26	18.410851
26	23.358421
27	13.612233
27	11.865078
27	24.223005
27	20.889082
27	16.884232
27	21.939259
27	11.520132
27	19.607142
27	27.191281
27	24.751028
27	12.086373
27	20.440184
27	11.391246
27	10.927999
27	14.314180
27	11.322737
27	14.550576
27	19.388784
27	17.598152
27	12.355018
27	19.789323
27	14.974051
27	19.590842
27	18.206069
27	14.297997
27	15.337275
27	28.024735
27	14.223136
27	18.868721
27	21.155556
27	11.888427
27	19.346303
27	17.144252
27	32.526633
27	20.968059
27	25.087661
27	16.320755
27	20.871484
27	19.860545
27	17.823306
27	23.606841
27	13.474330
27	31.396368
27	17.316758
27	23.810604
27	25.170784
27	19.738420
27	20.305227
27	16.169034
27	21.923025
27	12.605562
27	13.408748
27	14.821690
27	14.673199
27	11.750689
27	24.698492
27	16.551359
27	20.191334
27	15.337978
27	19.552631
27	12.600897
27	18.718157
27	12.683707
27	22.810880
27	15.851028
27	15.398992
27	17.376019
27	16.333333
27	11.645254
27	22.160071
27	15.171070
27	19.639058
27	9.282856
27	25.238498
27	16.224200
27	16.288575
27	17.555420
27	20.215272
27	22.445628
27	13.523123
27	28.158880
27	20.324130
27	8.424519
27	24.291951
27	12.823857
27	15.021015
27	14.819867
27	15.742251
27	13.953656
27	13.419143
27	14.289892
27	17.509329
27	17.245684
27	14.414977
27	20.124782
27	18.390969
27	21.946077
27	15.506524
27	15.404693
27	20.077789
28	10.023529
28	11.237437
28	18.495088
28	16.510577
28	17.535050
28	9.206627
28	14.231469
28	14.215817
28	15.845620
28	11.035092
28	16.045308
28	21.699308
28	10.694342
28	13.195678
28	19.491567
28	8.945672
28	18.998746
28	13.635334
28	8.251550
28	23.473766
28	13.463481
28	14.472934
28	19.366995
28	16.300248
28	29.826378
28	17.332306
28	17.535191
28	8.969331
28	29.018182
28	12.028630
28	10.989635
28	8.498444
28	12.227461
28	20.677741
28	13.534982
28	19.815307
28	16.098723
28	21.183090
28	12.974056
28	14.992490
28	21.427974
28	16.305135
28	9.940261
28	20.356268
28	18.545965
28	18.336684
28	19.652582
28	22.110249
28	20.658320
28	13.715214
28	13.114010
28	15.299286
28	23.675470
28	18.464006
28	14.728846
28	22.428178
28	12.459734
28	28.879633
28	23.535958
28	15.070904
28	7.066987
28	16.951983
28	15.167587
28	21.703870
28	14.820621
28	12.289131
28	14.356002
28	12.942137
28	18.892240
28	11.475971
28	10.333598
28	17.926627
28	13.868901
28	22.388012
28	14.930312
28	20.093205
28	21.884752
28	25.797527
28	16.395420
28	15.956943
28	18.396456
28	14.564274
28	13.976716
28	16.842484
28	21.521976
28	14.932965
28	15.313420
28	17.042116
28	31.769837
28	9.287642
28	18.578306
28	11.382895
28	17.929437
28	17.277879
28	19.045346
28	36.327197
28	18.487345
28	14.997962
28	23.967174
28	21.626552
29	17.932449
29	18.173774
29	11.620730
29	20.449010
29	19.516742
29	19.585402
29	11.930606
29	21.493183
29	20.820630
29	17.297825
29	21.660539
29	17.485538
29	13.015106
29	15.576897
29	15.074588
29	20.693121
29	15.133270
29	17.872671
29	15.076923
29	16.653436
29	13.480900
29	17.694735
29	11.271133
29	24.329153
29	17.216717
29	11.533766
29	15.768443
29	14.988732
29	10.036212
29	11.997001
29	19.372101
29	12.264002
29	22.366090
29	16.102123
29	15.334213
29	18.022718
29	19.325079
29	16.046888
29	18.871995
29	18.992322
29	17.912002
29	13.123883
29	23.703786
29	17.737199
29	15.484262
29	15.402158
29	19.031624
29	32.488832
29	22.613124
29	16.245654
29	12.331353
29	18.749059
29	11.811720
29	9.226136
29	14.272170
29	14.578309
29	12.515219
29	19.060595
29	16.450980
29	17.746786
29	8.852534
29	20.630466
29	12.953620
29	8.887454
29	14.958818
29	16.929249
29	18.531417
29	19.553147
29	16.993082
29	22.957947
29	14.600354
29	14.351567
29	19.147408
29	24.941568
29	13.117221
29	16.535221
29	12.972014
29	9.881064
29	18.518283
29	29.056010
29	10.493157
29	14.096706
29	15.836319
29	15.456882
29	18.560489
29	17.907082
29	17.454467
29	14.583465
29	18.684115
29	21.313230
29	11.511573
29	23.107426
29	21.294946
29	24.580153
29	16.627416
29	23.273260
29	18.226790
29	19.150636
29	24.443649
29	25.329363
30	24.389707
30	12.564550
30	13.403068
30	14.804330
30	17.516224
30	24.287805
30	18.146407
30	27.332639
30	17.313162
30	11.942088
30	30.837559
30	17.522586
30	10.554086
30	11.019058
30	11.783594
30	18.137949
30	16.161985
30	27.069779
30	19.152416
30	10.516848
30	8.715161
30	19.839374
30	15.662092
30	15.924110
30	17.176296
30	20.048466
30	19.425606
30	11.416974
30	13.785281
30	15.803273
30	11.777077
30	22.204290
30	13.115041
30	15.721379
30	16.235794
30	15.430880
30	20.542075
30	14.169643
30	11.211628
30	11.948861
30	15.890816
30	15.002774
30	16.940133
30	19.338194
30	17.193133
30	17.871813
30	16.398081
30	21.659146
30	25.039331
30	14.246702
30	10.572902
30	16.652300
30	21.462339
30	16.078577
30	15.086243
30	11.306772
30	14.543022
30	18.148148
30	14.578002
30	18.172958
30	7.816867
30	18.171797
30	16.824887
30	11.277303
30	11.835082
30	15.328486
30	19.680567
30	16.968483
30	10.638148
30	11.964732
30	15.831275
30	11.766737
30	15.343446
30	10.522920
30	17.724299
30	18.132873
30	17.597859
30	15.514902
30	15.368551
30	15.974985
30	11.281225
30	18.096452
30	15.886352
30	20.665162
30	15.209228
30	13.644143
30	14.286955
30	27.450565
30	17.036133
30	14.479595
30	14.687176
30	14.489661
30	24.691878
30	16.160088
30	29.008654
30	12.164510
30	11.578784
30	15.168619
30	10.101791
30	21.468771
